database/img_07701_c0_1303399158916398us_rect.jpg 0.203359 0.218039 0.695846 -0.653377 536.146 92.1323 -945.059
database/img_07702_c0_1303399158983124us_rect.jpg 0.199399 0.218453 0.696982 -0.65325 531.017 92.7224 -948.133
database/img_07703_c0_1303399159116377us_rect.jpg 0.19389 0.216221 0.700458 -0.651931 519.323 99.1598 -954.409
database/img_07704_c0_1303399159183189us_rect.jpg 0.192806 0.213537 0.702001 -0.651477 513.311 102.787 -957.525
database/img_07705_c0_1303399159249753us_rect.jpg 0.192288 0.210768 0.703087 -0.651361 507.905 105.38 -960.373
database/img_07706_c0_1303399159383152us_rect.jpg 0.190488 0.205756 0.704674 -0.651777 496.836 108.279 -966.349
database/img_07707_c0_1303399159516397us_rect.jpg 0.186023 0.203263 0.705876 -0.652547 486.045 108.571 -972.31
database/img_07708_c0_1303399159583129us_rect.jpg 0.183106 0.202547 0.706021 -0.653439 480.535 106.941 -975.495
database/img_07709_c0_1303399159716383us_rect.jpg 0.177466 0.200722 0.706143 -0.655422 469.125 103.339 -981.954
database/img_07710_c0_1303399159783131us_rect.jpg 0.175177 0.199267 0.706496 -0.656102 463.276 102.758 -985.059
database/img_07711_c0_1303399159849753us_rect.jpg 0.173057 0.197475 0.707268 -0.656374 457.117 103.575 -988.132
database/img_07712_c0_1303399159983156us_rect.jpg 0.169043 0.193517 0.709216 -0.656497 444.488 106.615 -994.13
database/img_07713_c0_1303399160049755us_rect.jpg 0.166426 0.192244 0.710194 -0.656482 438.431 107.939 -996.966
database/img_07714_c0_1303399160249794us_rect.jpg 0.157087 0.189236 0.713398 -0.656183 419.442 112.32 -1005.51
database/img_07715_c0_1303399160449829us_rect.jpg 0.154772 0.180232 0.713055 -0.659632 400.464 108.413 -1014.58
database/img_07716_c0_1303399160583161us_rect.jpg 0.152803 0.175776 0.712439 -0.661955 389.651 104.634 -1019.82
database/img_07717_c0_1303399160649758us_rect.jpg 0.15072 0.174524 0.712486 -0.662713 384.252 103.49 -1022.31
database/img_07718_c0_1303399160716386us_rect.jpg 0.147018 0.174396 0.71316 -0.662854 378.372 103.757 -1024.8
database/img_07719_c0_1303399160783137us_rect.jpg 0.142689 0.174316 0.713834 -0.663095 371.686 103.806 -1027.57
database/img_07720_c0_1303399160916388us_rect.jpg 0.136174 0.172234 0.715086 -0.66366 358.22 104.454 -1032.96
database/img_07721_c0_1303399160983138us_rect.jpg 0.13521 0.169787 0.715806 -0.663711 352.446 105.891 -1035.14
database/img_07722_c0_1303399161049763us_rect.jpg 0.136049 0.166725 0.716884 -0.663152 348.222 109.146 -1036.59
database/img_07723_c0_1303399161183164us_rect.jpg 0.143331 0.155717 0.719276 -0.661703 339.706 118.084 -1039.16
database/img_07724_c0_1303399161249763us_rect.jpg 0.14583 0.152578 0.719491 -0.661654 337.637 119.371 -1040.05
database/img_07725_c0_1303399161316389us_rect.jpg 0.14401 0.153096 0.719956 -0.661427 335.396 120.093 -1041.05
database/img_07726_c0_1303399161383140us_rect.jpg 0.139996 0.154935 0.719996 -0.661817 332.215 118.716 -1042.58
database/img_07727_c0_1303399161516415us_rect.jpg 0.129065 0.161611 0.717509 -0.665135 326.537 107.326 -1046.31
database/img_07728_c0_1303399161583141us_rect.jpg 0.12397 0.163469 0.715276 -0.668049 321.683 98.54 -1049.02
database/img_07729_c0_1303399161649767us_rect.jpg 0.119927 0.163848 0.713353 -0.670745 315.881 90.9793 -1051.82
database/img_07730_c0_1303399161783149us_rect.jpg 0.115602 0.158246 0.712863 -0.673365 299.522 86.8461 -1057.66
database/img_07731_c0_1303399161849766us_rect.jpg 0.114946 0.153563 0.714181 -0.673165 290.541 89.9349 -1060.27
database/img_07732_c0_1303399161916392us_rect.jpg 0.114186 0.149108 0.7161 -0.672257 281.782 94.9579 -1062.58
database/img_07733_c0_1303399162049793us_rect.jpg 0.110758 0.142304 0.719569 -0.670598 264.837 103.667 -1066.89
database/img_07734_c0_1303399162116393us_rect.jpg 0.107823 0.140058 0.72048 -0.670571 256.442 105.257 -1069.17
database/img_07735_c0_1303399162183143us_rect.jpg 0.103918 0.138326 0.720932 -0.671062 247.46 105.237 -1071.68
database/img_07736_c0_1303399162316396us_rect.jpg 0.094069 0.135827 0.720336 -0.67366 228.003 100.284 -1077.25
database/img_07737_c0_1303399162383145us_rect.jpg 0.089361 0.134008 0.719535 -0.675519 217.571 96.2899 -1080.17
database/img_07738_c0_1303399162449771us_rect.jpg 0.08541 0.131674 0.718766 -0.677305 207.374 92.5528 -1082.89
database/img_07739_c0_1303399162583148us_rect.jpg 0.079439 0.125621 0.718386 -0.679581 187.552 89.047 -1087.62
database/img_07740_c0_1303399162649796us_rect.jpg 0.07707 0.122232 0.718556 -0.680291 177.966 88.5336 -1089.69
database/img_07741_c0_1303399162716397us_rect.jpg 0.07431 0.119478 0.719057 -0.680559 168.873 89.1712 -1091.52
database/img_07742_c0_1303399162783148us_rect.jpg 0.071099 0.117317 0.71974 -0.680556 160.104 90.4959 -1093.16
database/img_07743_c0_1303399162916398us_rect.jpg 0.06421 0.112222 0.720828 -0.680948 140.548 92.2003 -1096.58
database/img_07744_c0_1303399162983149us_rect.jpg 0.060973 0.109268 0.721314 -0.681212 130.385 92.8767 -1098.22
database/img_07745_c0_1303399163049774us_rect.jpg 0.058567 0.106229 0.721812 -0.681375 121.31 93.6838 -1099.63
database/img_07746_c0_1303399163183150us_rect.jpg 0.055329 0.100231 0.722703 -0.681611 105.585 95.1113 -1102.04
database/img_07747_c0_1303399163249775us_rect.jpg 0.054456 0.096611 0.723631 -0.681219 97.8229 97.3093 -1103.02
database/img_07748_c0_1303399163316401us_rect.jpg 0.053709 0.093263 0.724548 -0.68077 90.6908 99.5381 -1103.9
database/img_07749_c0_1303399163449776us_rect.jpg 0.051515 0.089246 0.725697 -0.680253 79.8094 102.325 -1105.42
database/img_07750_c0_1303399163516426us_rect.jpg 0.04937 0.088729 0.726336 -0.679798 75.3177 104.228 -1106.03
database/img_07751_c0_1303399163649804us_rect.jpg 0.044296 0.088178 0.727527 -0.678946 65.9838 107.919 -1107.23
database/img_07752_c0_1303399163716408us_rect.jpg 0.042304 0.088018 0.727671 -0.678939 62.2854 108.368 -1107.88
database/img_07753_c0_1303399163783152us_rect.jpg 0.040714 0.087688 0.727269 -0.67951 58.8452 107.012 -1108.68
database/img_07754_c0_1303399163849777us_rect.jpg 0.039897 0.087088 0.726484 -0.680474 56.0582 104.351 -1109.56
database/img_07755_c0_1303399163983178us_rect.jpg 0.039098 0.084581 0.725522 -0.681861 49.5723 100.706 -1111.18
database/img_07756_c0_1303399164049779us_rect.jpg 0.038938 0.082895 0.725655 -0.681937 46.0126 100.77 -1111.81
database/img_07757_c0_1303399164116405us_rect.jpg 0.038526 0.081739 0.725679 -0.682074 42.9622 100.606 -1112.44
database/img_07758_c0_1303399164249781us_rect.jpg 0.036682 0.080916 0.725988 -0.681945 37.8637 101.495 -1113.53
database/img_07759_c0_1303399164316405us_rect.jpg 0.035344 0.080789 0.726529 -0.681454 35.2104 103.286 -1113.95
database/img_07760_c0_1303399164383156us_rect.jpg 0.034033 0.080431 0.727221 -0.680824 32.2245 105.53 -1114.32
database/img_07761_c0_1303399164516408us_rect.jpg 0.032303 0.079069 0.727713 -0.680542 26.4033 106.935 -1115.34
database/img_07762_c0_1303399164583156us_rect.jpg 0.032062 0.078075 0.727168 -0.681251 23.8194 104.946 -1116.08
database/img_07763_c0_1303399164649783us_rect.jpg 0.031773 0.076846 0.726907 -0.681683 20.7937 103.834 -1116.75
database/img_07764_c0_1303399164716407us_rect.jpg 0.030979 0.076013 0.727106 -0.681601 17.7238 104.346 -1117.25
database/img_07765_c0_1303399164849782us_rect.jpg 0.028774 0.075467 0.727932 -0.680876 12.6039 107.09 -1118.06
database/img_07766_c0_1303399164916406us_rect.jpg 0.028037 0.075265 0.728089 -0.680761 10.6907 107.618 -1118.53
database/img_07767_c0_1303399165049787us_rect.jpg 0.028759 0.074733 0.72824 -0.680627 9.89357 107.926 -1119.51
database/img_07768_c0_1303399165116407us_rect.jpg 0.030104 0.074449 0.728284 -0.680554 10.9348 107.885 -1120.01
database/img_07769_c0_1303399165183157us_rect.jpg 0.031253 0.074652 0.728597 -0.680145 12.534 108.863 -1120.4
database/img_07770_c0_1303399165316434us_rect.jpg 0.03291 0.075744 0.728977 -0.679538 15.9205 110.244 -1121.22
database/img_07771_c0_1303399165383159us_rect.jpg 0.033161 0.076774 0.72837 -0.680061 17.501 108.471 -1121.88
database/img_07772_c0_1303399165449785us_rect.jpg 0.033978 0.07616 0.728188 -0.680285 17.1764 107.673 -1122.46
database/img_07773_c0_1303399165583184us_rect.jpg 0.032721 0.079607 0.727614 -0.680566 20.1356 106.696 -1123.49
database/img_07774_c0_1303399165649787us_rect.jpg 0.032032 0.080898 0.726977 -0.681127 20.7491 104.964 -1124.14
database/img_07775_c0_1303399165716413us_rect.jpg 0.031635 0.080945 0.726519 -0.681628 19.6975 103.505 -1124.79
database/img_07776_c0_1303399165849791us_rect.jpg 0.032222 0.080714 0.725943 -0.682241 19.1529 101.513 -1125.97
database/img_07777_c0_1303399165916414us_rect.jpg 0.032608 0.080853 0.72538 -0.682805 19.4281 99.6677 -1126.62
database/img_07778_c0_1303399165983164us_rect.jpg 0.033064 0.080972 0.724854 -0.683328 19.7766 97.9308 -1127.27
database/img_07779_c0_1303399166116438us_rect.jpg 0.033115 0.080943 0.725097 -0.68307 18.8434 98.7184 -1128.2
database/img_07780_c0_1303399166183165us_rect.jpg 0.032532 0.081228 0.725793 -0.682325 18.0242 101.119 -1128.5
database/img_07781_c0_1303399166249791us_rect.jpg 0.031853 0.081541 0.726205 -0.681882 17.0827 102.604 -1128.88
database/img_07782_c0_1303399166383210us_rect.jpg 0.030913 0.082726 0.725433 -0.682604 16.6201 100.438 -1130.09
database/img_07783_c0_1303399166449793us_rect.jpg 0.030957 0.083391 0.724017 -0.684023 17.1821 95.9401 -1130.97
database/img_07784_c0_1303399166583177us_rect.jpg 0.030759 0.08374 0.722353 -0.685746 16.314 90.5807 -1132.41
database/img_07785_c0_1303399166649793us_rect.jpg 0.029873 0.084522 0.721677 -0.686401 15.7264 88.6363 -1133.08
database/img_07786_c0_1303399166716418us_rect.jpg 0.029388 0.085156 0.721234 -0.686809 15.5246 87.3914 -1133.67
database/img_07787_c0_1303399166849795us_rect.jpg 0.030887 0.085485 0.721282 -0.686651 17.3901 87.4796 -1134.64
database/img_07788_c0_1303399166916419us_rect.jpg 0.031802 0.08717 0.721813 -0.68584 21.2347 89.5521 -1134.92
database/img_07789_c0_1303399166983169us_rect.jpg 0.03267 0.088725 0.722328 -0.685057 24.7853 91.5577 -1135.19
database/img_07790_c0_1303399167116420us_rect.jpg 0.035572 0.091493 0.722097 -0.684792 32.9408 91.2463 -1136.01
database/img_07791_c0_1303399167183170us_rect.jpg 0.037254 0.092713 0.721263 -0.685417 37.0144 88.6778 -1136.58
database/img_07792_c0_1303399167249796us_rect.jpg 0.038809 0.094257 0.720798 -0.685609 41.499 87.427 -1137.02
database/img_07793_c0_1303399167383173us_rect.jpg 0.042259 0.097405 0.720318 -0.68547 51.1434 86.4431 -1137.69
database/img_07794_c0_1303399167449796us_rect.jpg 0.044438 0.098795 0.719751 -0.685728 56.3087 84.8256 -1138.06
database/img_07795_c0_1303399167516423us_rect.jpg 0.04676 0.100011 0.719322 -0.685848 61.4347 83.6325 -1138.36
database/img_07796_c0_1303399167649801us_rect.jpg 0.049958 0.103261 0.718618 -0.685879 70.8696 82.0708 -1138.9
database/img_07797_c0_1303399167716422us_rect.jpg 0.050823 0.105366 0.718047 -0.686093 75.2547 80.7177 -1139.2
database/img_07798_c0_1303399167783174us_rect.jpg 0.051871 0.107606 0.717418 -0.686325 80.1538 79.2119 -1139.44
database/img_07799_c0_1303399167916451us_rect.jpg 0.054869 0.111372 0.716528 -0.68642 90.1626 77.2461 -1139.78
database/img_07800_c0_1303399167983175us_rect.jpg 0.056952 0.112803 0.716532 -0.686013 95.3501 77.6411 -1139.81
database/img_07801_c0_1303399168049800us_rect.jpg 0.059314 0.114302 0.716517 -0.685581 101.094 78.0178 -1139.76
database/img_07802_c0_1303399168183177us_rect.jpg 0.064862 0.117081 0.716332 -0.684802 113.456 78.3182 -1139.5
database/img_07803_c0_1303399168249801us_rect.jpg 0.067552 0.118759 0.716482 -0.684096 120.033 79.3944 -1139.22
database/img_07804_c0_1303399168316427us_rect.jpg 0.069755 0.120846 0.7168 -0.683175 126.572 81.1444 -1138.86
database/img_07805_c0_1303399168449830us_rect.jpg 0.074253 0.125481 0.716813 -0.681851 140.533 82.7787 -1138.01
database/img_07806_c0_1303399168516451us_rect.jpg 0.076676 0.127946 0.716452 -0.681504 148.005 82.4695 -1137.54
database/img_07807_c0_1303399168583178us_rect.jpg 0.079252 0.13012 0.716223 -0.681038 155.227 82.5649 -1137.01
database/img_07808_c0_1303399168649804us_rect.jpg 0.081851 0.132317 0.716007 -0.680534 162.524 82.7397 -1136.43
database/img_07809_c0_1303399168783180us_rect.jpg 0.087073 0.137233 0.715341 -0.679613 178.035 82.5518 -1135.01
database/img_07810_c0_1303399168849805us_rect.jpg 0.089861 0.139854 0.714799 -0.679285 186.331 81.8895 -1134.16
database/img_07811_c0_1303399168983180us_rect.jpg 0.095161 0.145353 0.714219 -0.678017 202.978 82.3783 -1132.12
database/img_07812_c0_1303399169049803us_rect.jpg 0.097577 0.148109 0.713832 -0.677485 210.939 82.3064 -1131.09
database/img_07813_c0_1303399169183191us_rect.jpg 0.102618 0.153844 0.71223 -0.677148 227.484 79.5889 -1128.91
database/img_07814_c0_1303399169249805us_rect.jpg 0.105278 0.156626 0.711421 -0.676952 235.819 78.2508 -1127.72
database/img_07815_c0_1303399169316431us_rect.jpg 0.107974 0.159327 0.710706 -0.676649 244.085 77.2456 -1126.43
database/img_07816_c0_1303399169449808us_rect.jpg 0.11362 0.164241 0.709744 -0.675558 260.186 76.8373 -1123.68
database/img_07817_c0_1303399169516434us_rect.jpg 0.116526 0.166418 0.709235 -0.675065 267.88 76.532 -1122.3
database/img_07818_c0_1303399169583184us_rect.jpg 0.120155 0.168282 0.708913 -0.674305 276.179 77.0145 -1120.65
database/img_07819_c0_1303399169716432us_rect.jpg 0.12617 0.172755 0.708032 -0.672999 292.085 77.1949 -1117.38
database/img_07820_c0_1303399169783186us_rect.jpg 0.129344 0.174878 0.70759 -0.672312 300.103 77.3716 -1115.62
database/img_07821_c0_1303399169916433us_rect.jpg 0.133634 0.180404 0.705914 -0.671775 315.045 74.8561 -1112.42
database/img_07822_c0_1303399169983184us_rect.jpg 0.13532 0.183239 0.704721 -0.671922 321.891 72.3077 -1110.99
database/img_07823_c0_1303399170116462us_rect.jpg 0.138321 0.1887 0.702657 -0.671962 334.664 68.1303 -1108.22
database/img_07824_c0_1303399170183197us_rect.jpg 0.139987 0.190939 0.701477 -0.672217 340.454 65.4827 -1106.97
database/img_07825_c0_1303399170249812us_rect.jpg 0.141935 0.192851 0.70043 -0.672355 346.136 63.3011 -1105.69
database/img_07826_c0_1303399170316437us_rect.jpg 0.14413 0.194401 0.699695 -0.672207 351.614 62.1693 -1104.38
database/img_07827_c0_1303399170449839us_rect.jpg 0.14885 0.197479 0.698972 -0.671032 363.107 62.6075 -1101.33
database/img_07828_c0_1303399170516438us_rect.jpg 0.150532 0.198892 0.698953 -0.670259 367.601 63.6876 -1100.11
database/img_07829_c0_1303399170716440us_rect.jpg 0.151773 0.203016 0.698043 -0.669691 374.915 62.4358 -1098.75
database/img_07830_c0_1303399170983245us_rect.jpg 0.161049 0.206965 0.695965 -0.668477 393.813 60.9202 -1093.57
database/img_07831_c0_1303399171049841us_rect.jpg 0.163713 0.20714 0.695448 -0.668313 397.695 60.5117 -1092.53
database/img_07832_c0_1303399171116442us_rect.jpg 0.165564 0.208848 0.695286 -0.667494 402.916 61.4043 -1090.9
database/img_07833_c0_1303399171183199us_rect.jpg 0.167296 0.211185 0.695085 -0.666536 409.001 62.3306 -1088.91
database/img_07834_c0_1303399171316446us_rect.jpg 0.172593 0.214109 0.695115 -0.664217 421.072 66.0657 -1084.76
database/img_07835_c0_1303399171383193us_rect.jpg 0.176099 0.215228 0.694759 -0.663307 427.814 67.0941 -1082.38
database/img_07836_c0_1303399171449819us_rect.jpg 0.179171 0.216157 0.693926 -0.663054 433.54 66.2789 -1080.47
database/img_07837_c0_1303399171583208us_rect.jpg 0.184754 0.220215 0.692223 -0.661965 447.793 65.063 -1075.35
database/img_07838_c0_1303399171649819us_rect.jpg 0.18737 0.222032 0.690754 -0.662158 454.252 62.2701 -1073.11
database/img_07839_c0_1303399171716445us_rect.jpg 0.190438 0.223544 0.689554 -0.662024 460.905 60.5878 -1070.67
database/img_07840_c0_1303399171849822us_rect.jpg 0.195948 0.226937 0.68777 -0.661118 473.87 59.152 -1065.69
database/img_07841_c0_1303399171916469us_rect.jpg 0.19829 0.228563 0.687155 -0.660498 479.603 59.1279 -1063.42
database/img_07842_c0_1303399171983204us_rect.jpg 0.200681 0.229366 0.686994 -0.659665 484.068 60.4048 -1061.61
database/img_07843_c0_1303399172049820us_rect.jpg 0.202972 0.229932 0.686533 -0.659247 487.978 60.5574 -1060.11
database/img_07844_c0_1303399172183198us_rect.jpg 0.207098 0.229581 0.685756 -0.658895 492.672 60.6117 -1058.5
database/img_07845_c0_1303399172249822us_rect.jpg 0.208913 0.229242 0.685302 -0.658912 494.377 60.2195 -1058
database/img_07846_c0_1303399172316447us_rect.jpg 0.210405 0.229132 0.68483 -0.658966 495.969 59.6325 -1057.57
database/img_07847_c0_1303399172449825us_rect.jpg 0.212961 0.229603 0.683909 -0.658937 499.635 58.5064 -1056.46
database/img_07848_c0_1303399172516449us_rect.jpg 0.214016 0.229705 0.68374 -0.658736 500.91 58.7158 -1056.13
database/img_07849_c0_1303399172583207us_rect.jpg 0.214277 0.229721 0.684311 -0.658051 500.835 60.8201 -1056.3
database/img_07850_c0_1303399172716452us_rect.jpg 0.215696 0.230078 0.683456 -0.658352 502.593 59.0894 -1056.11
database/img_07851_c0_1303399172783202us_rect.jpg 0.216696 0.230069 0.682454 -0.659065 503.613 56.4543 -1056.04
database/img_07852_c0_1303399172849826us_rect.jpg 0.217486 0.229508 0.682063 -0.659405 503.415 55.5172 -1056.45
database/img_07853_c0_1303399172916451us_rect.jpg 0.217632 0.229352 0.682385 -0.659078 502.886 56.6404 -1056.91
database/img_07854_c0_1303399173049828us_rect.jpg 0.216702 0.23055 0.682606 -0.658737 502.435 57.1245 -1057.64
database/img_07855_c0_1303399173116453us_rect.jpg 0.216074 0.232064 0.681967 -0.659074 503.453 55.0714 -1057.53
database/img_07856_c0_1303399173183203us_rect.jpg 0.216224 0.233014 0.681271 -0.65941 504.738 53.1897 -1057.28
database/img_07857_c0_1303399173316478us_rect.jpg 0.217356 0.232234 0.680773 -0.659827 504.204 52.0514 -1058.14
database/img_07858_c0_1303399173383206us_rect.jpg 0.218199 0.23168 0.680574 -0.659949 504.097 51.7957 -1058.47
database/img_07859_c0_1303399173449829us_rect.jpg 0.219117 0.230944 0.680645 -0.65983 503.809 52.4263 -1058.85
database/img_07860_c0_1303399173583712us_rect.jpg 0.219029 0.231232 0.68147 -0.658906 503.141 55.2103 -1059.57
database/img_07861_c0_1303399173649854us_rect.jpg 0.218549 0.232415 0.682491 -0.657591 503.849 58.7153 -1059.32
database/img_07862_c0_1303399173716454us_rect.jpg 0.21806 0.232882 0.683409 -0.656633 503.37 61.6168 -1059.65
database/img_07863_c0_1303399173783207us_rect.jpg 0.217681 0.233053 0.684123 -0.655955 502.573 63.8012 -1060.17
database/img_07864_c0_1303399173916482us_rect.jpg 0.217909 0.23285 0.683671 -0.656423 501.61 62.3579 -1061.26
database/img_07865_c0_1303399173983207us_rect.jpg 0.217555 0.23266 0.682674 -0.657644 500.267 58.6768 -1062.37
database/img_07866_c0_1303399174049833us_rect.jpg 0.217549 0.231761 0.681784 -0.658885 498.284 55.3503 -1063.74
database/img_07867_c0_1303399174183232us_rect.jpg 0.216149 0.231607 0.680765 -0.660452 494.89 50.8865 -1066.08
database/img_07868_c0_1303399174249857us_rect.jpg 0.215225 0.231671 0.680142 -0.661373 493.076 48.1624 -1067.32
database/img_07869_c0_1303399174316459us_rect.jpg 0.21477 0.231371 0.680202 -0.661564 491.386 47.9348 -1068.38
database/img_07870_c0_1303399174383208us_rect.jpg 0.214731 0.231018 0.680084 -0.661821 490.253 47.376 -1069.2
database/img_07871_c0_1303399174516461us_rect.jpg 0.214107 0.23053 0.680951 -0.661302 487.505 49.6612 -1070.92
database/img_07872_c0_1303399174583210us_rect.jpg 0.213928 0.230277 0.681364 -0.661022 486.322 50.8241 -1071.68
database/img_07873_c0_1303399174649836us_rect.jpg 0.213818 0.230082 0.681612 -0.66087 485.338 51.5005 -1072.36
database/img_07874_c0_1303399174716460us_rect.jpg 0.214552 0.22954 0.681482 -0.660955 485.09 51.3574 -1072.76
database/img_07875_c0_1303399174849861us_rect.jpg 0.216443 0.228766 0.681361 -0.660732 485.754 51.9573 -1073
database/img_07876_c0_1303399174916461us_rect.jpg 0.21718 0.228576 0.681449 -0.660464 486.089 52.695 -1073.1
database/img_07877_c0_1303399174983211us_rect.jpg 0.217305 0.229206 0.681467 -0.660186 486.833 53.0804 -1073.02
database/img_07878_c0_1303399175116486us_rect.jpg 0.217803 0.229852 0.681615 -0.659644 487.681 54.1683 -1073.14
database/img_07879_c0_1303399175183212us_rect.jpg 0.217352 0.230742 0.680948 -0.660172 487.956 51.9213 -1073.4
database/img_07880_c0_1303399175316488us_rect.jpg 0.217936 0.231838 0.680433 -0.660126 489.685 51.0377 -1073.26
database/img_07881_c0_1303399175383213us_rect.jpg 0.217732 0.232225 0.680141 -0.660358 489.504 50.062 -1073.67
database/img_07882_c0_1303399175449839us_rect.jpg 0.217375 0.232917 0.679586 -0.660802 489.597 48.216 -1073.99
database/img_07883_c0_1303399175583219us_rect.jpg 0.217074 0.232532 0.678255 -0.662403 487.469 43.3613 -1075.73
database/img_07884_c0_1303399175649840us_rect.jpg 0.217052 0.231535 0.677852 -0.663171 485.28 41.5949 -1077.07
database/img_07885_c0_1303399175716467us_rect.jpg 0.217431 0.231056 0.677794 -0.663274 484.585 41.4666 -1077.67
database/img_07886_c0_1303399175849843us_rect.jpg 0.216531 0.231668 0.679282 -0.661831 483.2 46.0876 -1078.67
database/img_07887_c0_1303399175916468us_rect.jpg 0.216343 0.231995 0.680233 -0.6608 482.954 49.2931 -1078.94
database/img_07888_c0_1303399175983219us_rect.jpg 0.216289 0.231981 0.680926 -0.660109 482.342 51.5879 -1079.4
database/img_07889_c0_1303399176049844us_rect.jpg 0.216669 0.231173 0.681079 -0.66011 481.087 52.0381 -1080.22
database/img_07890_c0_1303399176183242us_rect.jpg 0.216511 0.22984 0.680442 -0.661283 477.63 49.2316 -1082.45
database/img_07891_c0_1303399176249845us_rect.jpg 0.215562 0.229736 0.679721 -0.66237 475.467 46.1001 -1083.83
database/img_07892_c0_1303399176316471us_rect.jpg 0.214802 0.229695 0.67934 -0.663021 473.71 44.2835 -1084.97
database/img_07893_c0_1303399176449875us_rect.jpg 0.21333 0.23012 0.679023 -0.663673 471.1 42.3958 -1086.75
database/img_07894_c0_1303399176516475us_rect.jpg 0.213555 0.229857 0.679421 -0.663285 470.522 43.7725 -1087.24
database/img_07895_c0_1303399176583222us_rect.jpg 0.214602 0.229165 0.680161 -0.662428 470.526 46.6791 -1087.43
database/img_07896_c0_1303399176716494us_rect.jpg 0.215999 0.228388 0.682498 -0.659833 470.425 55.2176 -1087.67
database/img_07897_c0_1303399176783228us_rect.jpg 0.216572 0.228382 0.682757 -0.659379 470.813 56.4768 -1087.74
database/img_07898_c0_1303399176849848us_rect.jpg 0.216784 0.228626 0.682883 -0.659095 471.052 57.1445 -1087.89
database/img_07899_c0_1303399176916471us_rect.jpg 0.216904 0.229009 0.682295 -0.659531 471.382 55.3838 -1088.14
database/img_07900_c0_1303399177049872us_rect.jpg 0.217747 0.229674 0.680973 -0.660388 472.817 51.7459 -1088.29
database/img_07901_c0_1303399177116474us_rect.jpg 0.217159 0.230738 0.680354 -0.660848 473.173 49.6863 -1088.54
database/img_07902_c0_1303399177183224us_rect.jpg 0.216539 0.231762 0.6799 -0.661161 473.403 48.1455 -1088.81
database/img_07903_c0_1303399177316475us_rect.jpg 0.215711 0.233892 0.681027 -0.659519 474.672 52.3115 -1088.65
database/img_07904_c0_1303399177383230us_rect.jpg 0.215265 0.234938 0.681996 -0.65829 475.226 55.7607 -1088.55
database/img_07905_c0_1303399177449850us_rect.jpg 0.215958 0.235038 0.681822 -0.658209 475.971 55.6627 -1088.53
database/img_07701_c1_1303399158916424us_rect.jpg 0.622923 0.618888 0.352386 -0.323679 962.451 62.8113 505.099
database/img_07702_c1_1303399158983170us_rect.jpg 0.621123 0.61896 0.355933 -0.323119 965.206 64.0208 500.105
database/img_07703_c1_1303399159116428us_rect.jpg 0.61989 0.616304 0.362144 -0.323663 971.127 70.9456 488.515
database/img_07704_c1_1303399159183204us_rect.jpg 0.620269 0.614032 0.364039 -0.325127 974.069 74.7931 482.547
database/img_07705_c1_1303399159249795us_rect.jpg 0.620681 0.611912 0.365309 -0.326907 976.817 77.6439 477.018
database/img_07706_c1_1303399159383176us_rect.jpg 0.620732 0.608462 0.36797 -0.330248 982.251 81.6174 466.133
database/img_07707_c1_1303399159516426us_rect.jpg 0.618232 0.607332 0.371718 -0.33281 987.997 81.1254 455.045
database/img_07708_c1_1303399159583173us_rect.jpg 0.616279 0.607473 0.373746 -0.333903 990.88 79.4323 449.62
database/img_07709_c1_1303399159716449us_rect.jpg 0.612421 0.607493 0.377487 -0.336744 996.868 75.6135 438.075
database/img_07710_c1_1303399159783174us_rect.jpg 0.61105 0.606955 0.379164 -0.338315 999.737 74.789 432.262
database/img_07711_c1_1303399159849801us_rect.jpg 0.61021 0.60579 0.381129 -0.339711 1002.55 75.8312 426.191
database/img_07712_c1_1303399159983180us_rect.jpg 0.609001 0.603193 0.385036 -0.342087 1007.69 79.177 414.664
database/img_07713_c1_1303399160049801us_rect.jpg 0.607942 0.602173 0.387538 -0.342941 1010.33 80.7782 408.583
database/img_07714_c1_1303399160249839us_rect.jpg 0.603398 0.599803 0.396962 -0.344337 1018.46 86.0784 389.099
database/img_07715_c1_1303399160449845us_rect.jpg 0.601311 0.595459 0.398645 -0.353464 1027.26 82.2242 368.714
database/img_07716_c1_1303399160583183us_rect.jpg 0.599616 0.593557 0.399525 -0.358512 1032.21 78.6796 357.292
database/img_07717_c1_1303399160649804us_rect.jpg 0.598016 0.593161 0.401121 -0.360053 1034.66 77.3836 351.375
database/img_07718_c1_1303399160716429us_rect.jpg 0.595951 0.593078 0.404133 -0.360246 1036.96 77.846 345.425
database/img_07719_c1_1303399160783179us_rect.jpg 0.593504 0.593161 0.407472 -0.360389 1039.4 78.0651 338.994
database/img_07720_c1_1303399160916455us_rect.jpg 0.589591 0.591895 0.413444 -0.362088 1044.54 79.4632 324.632
database/img_07721_c1_1303399160983180us_rect.jpg 0.589533 0.590096 0.414611 -0.363778 1046.51 81.1679 318.947
database/img_07722_c1_1303399161049805us_rect.jpg 0.591049 0.587437 0.41481 -0.365393 1047.78 84.8115 314.964
database/img_07723_c1_1303399161183183us_rect.jpg 0.59756 0.578726 0.411664 -0.372198 1050.42 93.0761 306.131
database/img_07724_c1_1303399161249831us_rect.jpg 0.599428 0.576418 0.410303 -0.374273 1051.29 94.5836 303.89
database/img_07725_c1_1303399161316432us_rect.jpg 0.598647 0.576614 0.411561 -0.37384 1052.15 95.1212 302.009
database/img_07726_c1_1303399161383182us_rect.jpg 0.595929 0.578181 0.414305 -0.37273 1053.47 93.9524 298.991
database/img_07727_c1_1303399161516434us_rect.jpg 0.586461 0.584205 0.42027 -0.371674 1057.54 82.931 290.224
database/img_07728_c1_1303399161583192us_rect.jpg 0.581287 0.587574 0.421966 -0.372568 1059.89 73.8156 285.336
database/img_07729_c1_1303399161649809us_rect.jpg 0.576993 0.58965 0.423338 -0.374401 1062.42 66.0432 279.094
database/img_07730_c1_1303399161783185us_rect.jpg 0.573359 0.587397 0.42634 -0.380077 1067.7 62.1789 262.075
database/img_07731_c1_1303399161849809us_rect.jpg 0.573949 0.583839 0.427799 -0.383018 1069.98 65.7036 253.314
database/img_07732_c1_1303399161916434us_rect.jpg 0.574819 0.579854 0.429805 -0.385512 1072.11 71.0391 244.305
database/img_07733_c1_1303399162049812us_rect.jpg 0.574867 0.573786 0.434911 -0.38878 1075.94 80.379 227.445
database/img_07734_c1_1303399162116436us_rect.jpg 0.573341 0.572244 0.437708 -0.390166 1077.94 82.0647 219.093
database/img_07735_c1_1303399162183189us_rect.jpg 0.570809 0.571471 0.440604 -0.391747 1080.13 81.6559 210.215
database/img_07736_c1_1303399162316462us_rect.jpg 0.563136 0.571521 0.447227 -0.395259 1084.99 76.7524 190.194
database/img_07737_c1_1303399162383191us_rect.jpg 0.559227 0.571573 0.449691 -0.397929 1087.45 72.3703 179.877
database/img_07738_c1_1303399162449813us_rect.jpg 0.555948 0.571107 0.451798 -0.400795 1089.72 68.7007 169.761
database/img_07739_c1_1303399162583226us_rect.jpg 0.551597 0.568395 0.455403 -0.406542 1093.61 65.1141 150.466
database/img_07740_c1_1303399162649815us_rect.jpg 0.549974 0.566415 0.457218 -0.409457 1095.38 64.5894 140.641
database/img_07741_c1_1303399162716439us_rect.jpg 0.548517 0.56449 0.459551 -0.411452 1096.86 65.7433 131.609
database/img_07742_c1_1303399162783193us_rect.jpg 0.546652 0.56291 0.462335 -0.412979 1098.26 67.0926 122.613
database/img_07743_c1_1303399162916466us_rect.jpg 0.542346 0.559648 0.468141 -0.416532 1101.03 69.0824 103.022
database/img_07744_c1_1303399162983201us_rect.jpg 0.540466 0.557595 0.470784 -0.418744 1102.33 70.0792 92.7848
database/img_07745_c1_1303399163049816us_rect.jpg 0.539045 0.555446 0.472868 -0.421077 1103.48 70.8735 83.3614
database/img_07746_c1_1303399163183226us_rect.jpg 0.537488 0.551131 0.475932 -0.425265 1105.35 73.0062 67.5879
database/img_07747_c1_1303399163249818us_rect.jpg 0.53755 0.548269 0.477314 -0.427332 1106.08 75.5454 59.988
database/img_07748_c1_1303399163316444us_rect.jpg 0.537656 0.545528 0.478544 -0.429325 1106.76 77.8735 52.8098
database/img_07749_c1_1303399163449846us_rect.jpg 0.5368 0.542227 0.481099 -0.431717 1107.97 80.9042 41.5878
database/img_07750_c1_1303399163516447us_rect.jpg 0.535729 0.541494 0.483209 -0.43161 1108.43 83.2277 37.0337
database/img_07751_c1_1303399163649822us_rect.jpg 0.532892 0.540534 0.487683 -0.431294 1109.38 87.0736 27.6214
database/img_07752_c1_1303399163716449us_rect.jpg 0.531492 0.540557 0.489047 -0.431449 1109.94 87.0875 24.0334
database/img_07753_c1_1303399163783198us_rect.jpg 0.530169 0.540669 0.489801 -0.432081 1110.59 85.8123 20.6762
database/img_07754_c1_1303399163849820us_rect.jpg 0.528975 0.540816 0.489758 -0.433406 1111.35 82.8791 17.4714
database/img_07755_c1_1303399163983200us_rect.jpg 0.527433 0.539953 0.489555 -0.436579 1112.74 78.3613 10.1462
database/img_07756_c1_1303399164049822us_rect.jpg 0.527336 0.538947 0.489687 -0.437788 1113.28 78.1086 6.78101
database/img_07757_c1_1303399164116447us_rect.jpg 0.527129 0.538312 0.489875 -0.438609 1113.8 77.8534 4.12885
database/img_07758_c1_1303399164249848us_rect.jpg 0.526018 0.537562 0.491573 -0.438962 1114.7 79.1875 -1.14448
database/img_07759_c1_1303399164316448us_rect.jpg 0.525645 0.537133 0.492873 -0.438477 1115.04 81.4146 -3.30857
database/img_07760_c1_1303399164383202us_rect.jpg 0.525292 0.536488 0.494303 -0.438079 1115.34 83.9598 -5.93208
database/img_07761_c1_1303399164516476us_rect.jpg 0.524584 0.535287 0.495827 -0.438674 1116.16 85.705 -11.3948
database/img_07762_c1_1303399164583233us_rect.jpg 0.524051 0.535053 0.495654 -0.439791 1116.77 83.9034 -13.9364
database/img_07763_c1_1303399164649826us_rect.jpg 0.52364 0.534437 0.495782 -0.440884 1117.29 83.0241 -17.0626
database/img_07764_c1_1303399164716450us_rect.jpg 0.523278 0.533736 0.496515 -0.441338 1117.68 83.7751 -20.0795
database/img_07765_c1_1303399164849959us_rect.jpg 0.522348 0.532739 0.498625 -0.441265 1118.36 86.5945 -25.339
database/img_07766_c1_1303399164916452us_rect.jpg 0.521868 0.532532 0.499361 -0.441251 1118.77 87.262 -27.3502
database/img_07767_c1_1303399165049852us_rect.jpg 0.52237 0.531952 0.499086 -0.441668 1119.72 87.5196 -28.711
database/img_07768_c1_1303399165116453us_rect.jpg 0.523407 0.53167 0.498142 -0.441844 1120.25 87.4524 -27.6498
database/img_07769_c1_1303399165183203us_rect.jpg 0.524387 0.531495 0.497659 -0.441438 1120.71 88.4742 -26.2894
database/img_07770_c1_1303399165316459us_rect.jpg 0.525703 0.53185 0.496741 -0.440478 1121.7 89.3748 -23.3286
database/img_07771_c1_1303399165383204us_rect.jpg 0.525741 0.532783 0.496054 -0.440078 1122.34 88.0297 -21.5199
database/img_07772_c1_1303399165449830us_rect.jpg 0.525913 0.532671 0.495306 -0.440851 1122.94 86.4674 -22.1326
database/img_07773_c1_1303399165583223us_rect.jpg 0.524623 0.535656 0.495598 -0.438437 1124.1 85.1947 -18.4671
database/img_07774_c1_1303399165649830us_rect.jpg 0.523622 0.537196 0.495561 -0.437789 1124.75 83.2613 -17.4681
database/img_07775_c1_1303399165716455us_rect.jpg 0.523169 0.537492 0.495471 -0.43807 1125.32 82.0407 -18.3869
database/img_07776_c1_1303399165849834us_rect.jpg 0.522938 0.538072 0.494442 -0.438796 1126.52 79.0292 -18.8096
database/img_07777_c1_1303399165916457us_rect.jpg 0.522783 0.538718 0.493635 -0.439096 1127.17 76.8093 -18.2733
database/img_07778_c1_1303399165983206us_rect.jpg 0.522737 0.539264 0.492979 -0.439219 1127.79 75.1988 -17.6722
database/img_07779_c1_1303399166116460us_rect.jpg 0.522856 0.53927 0.493185 -0.438838 1128.72 75.9992 -18.2925
database/img_07780_c1_1303399166183208us_rect.jpg 0.522888 0.539072 0.494038 -0.438083 1129.05 78.1958 -18.9555
database/img_07781_c1_1303399166249833us_rect.jpg 0.522597 0.539083 0.494922 -0.437418 1129.43 79.784 -19.8747
database/img_07782_c1_1303399166383238us_rect.jpg 0.521342 0.540442 0.494921 -0.437239 1130.59 77.2745 -20.5021
database/img_07783_c1_1303399166449835us_rect.jpg 0.520371 0.541647 0.493993 -0.437955 1131.37 72.9868 -20.6279
database/img_07784_c1_1303399166583214us_rect.jpg 0.518389 0.543244 0.493404 -0.438989 1132.67 67.3172 -22.6989
database/img_07785_c1_1303399166649857us_rect.jpg 0.517503 0.544135 0.493407 -0.438928 1133.26 65.5466 -23.1157
database/img_07786_c1_1303399166716461us_rect.jpg 0.516828 0.544865 0.493501 -0.438711 1133.82 64.4594 -23.3818
database/img_07787_c1_1303399166849859us_rect.jpg 0.517907 0.544886 0.492769 -0.438236 1134.81 65.1113 -21.8106
database/img_07788_c1_1303399166916483us_rect.jpg 0.518835 0.545524 0.49252 -0.436621 1135.27 66.9248 -18.2845
database/img_07789_c1_1303399166983213us_rect.jpg 0.519963 0.546043 0.492144 -0.435051 1135.71 68.8497 -14.587
database/img_07790_c1_1303399167116486us_rect.jpg 0.522108 0.547788 0.489895 -0.432822 1136.78 68.8381 -6.06977
database/img_07791_c1_1303399167183213us_rect.jpg 0.523016 0.548952 0.488126 -0.43225 1137.4 66.8944 -1.65317
database/img_07792_c1_1303399167249839us_rect.jpg 0.523995 0.549844 0.486826 -0.431395 1137.93 66.2497 2.39497
database/img_07793_c1_1303399167383238us_rect.jpg 0.526423 0.551876 0.483781 -0.429264 1138.9 65.0953 12.3056
database/img_07794_c1_1303399167449840us_rect.jpg 0.527809 0.552941 0.481854 -0.428358 1139.38 63.9462 17.7471
database/img_07795_c1_1303399167516466us_rect.jpg 0.529099 0.553945 0.479917 -0.427644 1139.84 62.5352 22.7926
database/img_07796_c1_1303399167649869us_rect.jpg 0.530891 0.556271 0.477015 -0.425647 1140.69 60.4619 32.0401
database/img_07797_c1_1303399167716466us_rect.jpg 0.531484 0.557743 0.475872 -0.424256 1141.06 59.6187 36.8375
database/img_07798_c1_1303399167783217us_rect.jpg 0.531953 0.559327 0.474737 -0.422852 1141.42 58.5406 41.631
database/img_07799_c1_1303399167916470us_rect.jpg 0.533712 0.561901 0.471971 -0.420312 1142.03 56.9372 51.6685
database/img_07800_c1_1303399167983218us_rect.jpg 0.535216 0.562596 0.470575 -0.419033 1142.23 57.4379 56.748
database/img_07801_c1_1303399168049844us_rect.jpg 0.536893 0.563216 0.469099 -0.417709 1142.38 58.1606 62.0855
database/img_07802_c1_1303399168183245us_rect.jpg 0.540709 0.564618 0.465121 -0.415333 1142.56 58.3416 74.2306
database/img_07803_c1_1303399168249844us_rect.jpg 0.542688 0.565471 0.463426 -0.413483 1142.5 59.4783 81.0659
database/img_07804_c1_1303399168316470us_rect.jpg 0.544544 0.56631 0.462072 -0.411405 1142.37 61.194 87.667
database/img_07805_c1_1303399168449847us_rect.jpg 0.548066 0.568509 0.458813 -0.407323 1142 63.0738 101.76
database/img_07806_c1_1303399168516473us_rect.jpg 0.549615 0.570057 0.456806 -0.405323 1141.75 62.7659 109.443
database/img_07807_c1_1303399168583221us_rect.jpg 0.551273 0.571301 0.454904 -0.403455 1141.47 62.9015 116.623
database/img_07808_c1_1303399168649846us_rect.jpg 0.552949 0.57252 0.453085 -0.401475 1141.12 63.3196 123.85
database/img_07809_c1_1303399168783248us_rect.jpg 0.556469 0.575326 0.448791 -0.397403 1140.15 63.2401 139.757
database/img_07810_c1_1303399168849847us_rect.jpg 0.558184 0.576856 0.446428 -0.395436 1139.58 62.6695 147.955
database/img_07811_c1_1303399168983246us_rect.jpg 0.561418 0.57996 0.4424 -0.390818 1138.17 62.8854 164.284
database/img_07812_c1_1303399169049848us_rect.jpg 0.562756 0.581695 0.440391 -0.388577 1137.43 62.3959 172.254
database/img_07813_c1_1303399169183225us_rect.jpg 0.565403 0.585301 0.435836 -0.384433 1135.79 60.184 188.474
database/img_07814_c1_1303399169249850us_rect.jpg 0.566676 0.58722 0.433581 -0.382177 1134.83 59.1096 196.862
database/img_07815_c1_1303399169316474us_rect.jpg 0.568122 0.588875 0.431413 -0.379929 1133.81 58.6348 205.032
database/img_07816_c1_1303399169449873us_rect.jpg 0.571476 0.591918 0.426606 -0.375575 1131.48 57.7981 221.896
database/img_07817_c1_1303399169516476us_rect.jpg 0.573404 0.59299 0.424256 -0.373601 1130.28 58.0532 229.782
database/img_07818_c1_1303399169583226us_rect.jpg 0.575565 0.593884 0.421649 -0.371805 1129 58.3013 237.783
database/img_07819_c1_1303399169716477us_rect.jpg 0.579429 0.59614 0.416671 -0.367783 1126.2 58.4961 254.075
database/img_07820_c1_1303399169783227us_rect.jpg 0.581132 0.597281 0.414481 -0.365713 1124.81 58.7417 261.723
database/img_07821_c1_1303399169916499us_rect.jpg 0.583302 0.600669 0.410289 -0.361412 1122.01 56.8436 276.885
database/img_07822_c1_1303399169983229us_rect.jpg 0.583927 0.602685 0.408034 -0.359595 1120.69 54.4134 284.079
database/img_07823_c1_1303399170116485us_rect.jpg 0.584818 0.606415 0.404268 -0.356111 1118.33 50.1814 296.701
database/img_07824_c1_1303399170183230us_rect.jpg 0.58524 0.608055 0.402374 -0.354765 1117.29 47.8715 302.249
database/img_07825_c1_1303399170249855us_rect.jpg 0.586005 0.609288 0.400451 -0.35356 1116.25 46.2859 307.575
database/img_07826_c1_1303399170316480us_rect.jpg 0.587111 0.61012 0.398592 -0.352389 1115.19 45.6399 312.713
database/img_07827_c1_1303399170449860us_rect.jpg 0.589736 0.611296 0.395082 -0.349912 1112.98 45.8368 322.829
database/img_07828_c1_1303399170516482us_rect.jpg 0.590858 0.611839 0.393681 -0.348647 1112 46.2058 327.273
database/img_07829_c1_1303399170716535us_rect.jpg 0.593348 0.61436 0.390579 -0.343436 1108.78 47.9082 341.12
database/img_07830_c1_1303399170983263us_rect.jpg 0.594567 0.618638 0.38358 -0.34153 1106.05 37.9957 355.256
database/img_07831_c1_1303399171049860us_rect.jpg 0.596111 0.618611 0.38155 -0.341162 1105.14 37.9656 359.097
database/img_07832_c1_1303399171116484us_rect.jpg 0.597738 0.619033 0.380023 -0.339249 1103.52 39.6518 364.865
database/img_07833_c1_1303399171183235us_rect.jpg 0.599133 0.619893 0.378557 -0.336848 1101.62 41.0827 371.394
database/img_07834_c1_1303399171316511us_rect.jpg 0.603018 0.620497 0.374927 -0.33284 1097.72 45.0965 384.17
database/img_07835_c1_1303399171383243us_rect.jpg 0.605254 0.620798 0.372238 -0.331234 1095.46 46.0983 391.335
database/img_07836_c1_1303399171449861us_rect.jpg 0.607088 0.621298 0.369396 -0.330121 1093.44 45.696 397.849
database/img_07837_c1_1303399171583241us_rect.jpg 0.61006 0.623257 0.36432 -0.326571 1088.79 44.8907 412.116
database/img_07838_c1_1303399171649861us_rect.jpg 0.611357 0.624484 0.361068 -0.32541 1086.43 42.5404 419.346
database/img_07839_c1_1303399171716488us_rect.jpg 0.612892 0.625256 0.358087 -0.324333 1084.21 41.2967 425.923
database/img_07840_c1_1303399171849901us_rect.jpg 0.615981 0.626887 0.352261 -0.321702 1079.4 39.4135 439.604
database/img_07841_c1_1303399171916489us_rect.jpg 0.617474 0.627457 0.350306 -0.319858 1077.16 40.312 445.68
database/img_07842_c1_1303399171983239us_rect.jpg 0.619043 0.62752 0.348483 -0.31869 1075.48 41.4269 450.314
database/img_07843_c1_1303399172049864us_rect.jpg 0.620583 0.627464 0.346603 -0.317856 1073.99 42.2717 454.45
database/img_07844_c1_1303399172183248us_rect.jpg 0.623349 0.627036 0.342845 -0.317364 1071.89 42.8213 460.628
database/img_07845_c1_1303399172249866us_rect.jpg 0.624407 0.626711 0.341109 -0.317796 1071.46 42.2992 462.289
database/img_07846_c1_1303399172316491us_rect.jpg 0.625301 0.626598 0.339619 -0.317857 1070.93 41.936 464.178
database/img_07847_c1_1303399172449893us_rect.jpg 0.626656 0.626798 0.337185 -0.317383 1069.8 41.3038 468.082
database/img_07848_c1_1303399172516492us_rect.jpg 0.627326 0.626779 0.336151 -0.317195 1069.4 41.2781 469.627
database/img_07849_c1_1303399172583242us_rect.jpg 0.627935 0.626334 0.336329 -0.31668 1069.56 43.3367 469.674
database/img_07850_c1_1303399172716518us_rect.jpg 0.628667 0.626353 0.334782 -0.316829 1069.55 42.4528 471.007
database/img_07851_c1_1303399172783243us_rect.jpg 0.62875 0.626633 0.333479 -0.317485 1069.65 40.1446 471.588
database/img_07852_c1_1303399172849869us_rect.jpg 0.62899 0.626354 0.332833 -0.318235 1070.25 39.3558 470.866
database/img_07853_c1_1303399172916494us_rect.jpg 0.62931 0.625966 0.332948 -0.318248 1070.81 40.3605 470.118
database/img_07854_c1_1303399173049894us_rect.jpg 0.628632 0.626784 0.333624 -0.317266 1071.54 40.1369 469.694
database/img_07855_c1_1303399173116494us_rect.jpg 0.627855 0.628141 0.333122 -0.316649 1071.25 37.4782 471.163
database/img_07856_c1_1303399173183246us_rect.jpg 0.627313 0.6293 0.332182 -0.316409 1070.94 34.5273 472.703
database/img_07857_c1_1303399173316501us_rect.jpg 0.626947 0.629415 0.331486 -0.317634 1072.4 31.8925 470.772
database/img_07858_c1_1303399173383247us_rect.jpg 0.627451 0.629205 0.33054 -0.31804 1072.52 31.3804 471.151
database/img_07859_c1_1303399173449872us_rect.jpg 0.628062 0.62861 0.330285 -0.318276 1072.98 32.4059 470.635
database/img_07860_c1_1303399173583724us_rect.jpg 0.629944 0.626974 0.33173 -0.316274 1073.3 40.4965 470.501
database/img_07861_c1_1303399173649878us_rect.jpg 0.630184 0.626964 0.332649 -0.314848 1073.3 43.2518 470.884
database/img_07862_c1_1303399173716499us_rect.jpg 0.63057 0.6265 0.333644 -0.313944 1073.73 46.3249 470.22
database/img_07863_c1_1303399173783249us_rect.jpg 0.631074 0.625917 0.334496 -0.313187 1074.16 49.3997 469.527
database/img_07864_c1_1303399173916502us_rect.jpg 0.631579 0.625306 0.334401 -0.313491 1075.27 50.3981 468.103
database/img_07865_c1_1303399173983250us_rect.jpg 0.630837 0.625857 0.333933 -0.314382 1076.21 47.3036 466.897
database/img_07866_c1_1303399174049875us_rect.jpg 0.629702 0.626645 0.333101 -0.315967 1077.44 42.2882 465.138
database/img_07867_c1_1303399174184430us_rect.jpg 0.627424 0.628252 0.333222 -0.317179 1079.56 36.1488 461.937
database/img_07868_c1_1303399174249876us_rect.jpg 0.62682 0.628536 0.333428 -0.317594 1080.54 34.7878 460.374
database/img_07869_c1_1303399174316502us_rect.jpg 0.626259 0.628761 0.333635 -0.318036 1081.54 33.5332 458.758
database/img_07870_c1_1303399174383252us_rect.jpg 0.626417 0.628498 0.333374 -0.318518 1082.21 33.2783 457.848
database/img_07871_c1_1303399174516528us_rect.jpg 0.626975 0.627407 0.334538 -0.318351 1083.81 36.7982 455.091
database/img_07872_c1_1303399174583253us_rect.jpg 0.62735 0.626854 0.335078 -0.318134 1084.47 38.7836 454.012
database/img_07873_c1_1303399174649878us_rect.jpg 0.627558 0.626532 0.335178 -0.318253 1085.09 39.4314 453.11
database/img_07874_c1_1303399174716505us_rect.jpg 0.628105 0.625977 0.334865 -0.318594 1085.59 40.1297 452.513
database/img_07875_c1_1303399174849881us_rect.jpg 0.629138 0.625352 0.333536 -0.319178 1086.07 40.1677 452.704
database/img_07876_c1_1303399174916505us_rect.jpg 0.62949 0.62541 0.332963 -0.318968 1086 40.1329 453.538
database/img_07877_c1_1303399174983257us_rect.jpg 0.629602 0.625468 0.332767 -0.318837 1086.25 40.1148 453.596
database/img_07878_c1_1303399175116508us_rect.jpg 0.630177 0.625339 0.332935 -0.317775 1086.51 42.2961 454.123
database/img_07879_c1_1303399175183258us_rect.jpg 0.630065 0.625703 0.33282 -0.317404 1086.65 41.9408 454.476
database/img_07880_c1_1303399175316512us_rect.jpg 0.629791 0.626744 0.332309 -0.316427 1086.61 40.7315 456.085
database/img_07881_c1_1303399175383258us_rect.jpg 0.62933 0.627455 0.332196 -0.316054 1086.78 39.4902 456.451
database/img_07882_c1_1303399175449885us_rect.jpg 0.628711 0.628183 0.332051 -0.315991 1087.17 37.6636 456.335
database/img_07883_c1_1303399175583282us_rect.jpg 0.627846 0.628705 0.331483 -0.317267 1088.79 33.8938 454.079
database/img_07884_c1_1303399175649883us_rect.jpg 0.627653 0.628575 0.331064 -0.318342 1089.82 32.2018 452.402
database/img_07885_c1_1303399175716509us_rect.jpg 0.627595 0.628481 0.330874 -0.318838 1090.56 31.5015 451.342
database/img_07886_c1_1303399175849911us_rect.jpg 0.628459 0.627293 0.332709 -0.317566 1091.77 37.4634 449.334
database/img_07887_c1_1303399175916535us_rect.jpg 0.629026 0.626853 0.333402 -0.316582 1091.96 40.5433 449.309
database/img_07888_c1_1303399175983261us_rect.jpg 0.629393 0.626511 0.333725 -0.316189 1092.35 42.2075 448.895
database/img_07889_c1_1303399176049887us_rect.jpg 0.629818 0.625827 0.333755 -0.316667 1093.2 43.1278 447.45
database/img_07890_c1_1303399176183265us_rect.jpg 0.62895 0.625907 0.33348 -0.318518 1095.42 39.6099 443.682
database/img_07891_c1_1303399176249888us_rect.jpg 0.627903 0.626457 0.333551 -0.319426 1096.69 36.6676 441.489
database/img_07892_c1_1303399176316512us_rect.jpg 0.626763 0.627201 0.334023 -0.319712 1097.77 34.4753 439.7
database/img_07893_c1_1303399176449894us_rect.jpg 0.625878 0.627679 0.334721 -0.319777 1099.29 33.4236 437.384
database/img_07894_c1_1303399176516514us_rect.jpg 0.626542 0.627031 0.334904 -0.319558 1099.72 35.513 436.904
database/img_07895_c1_1303399176583263us_rect.jpg 0.627877 0.625767 0.334625 -0.319706 1100.06 38.3275 436.543
database/img_07896_c1_1303399176716923us_rect.jpg 0.630424 0.623336 0.335285 -0.318749 1100.61 46.3906 435.882
database/img_07897_c1_1303399176783272us_rect.jpg 0.631116 0.622855 0.335293 -0.318313 1100.75 48.3451 436.07
database/img_07898_c1_1303399176849890us_rect.jpg 0.631322 0.622945 0.335053 -0.31798 1100.84 48.5754 436.555
database/img_07899_c1_1303399176916516us_rect.jpg 0.631146 0.623395 0.334429 -0.318105 1101.06 46.9426 436.931
database/img_07900_c1_1303399177049895us_rect.jpg 0.630114 0.625008 0.332998 -0.318486 1101.49 41.5793 437.831
database/img_07901_c1_1303399177116517us_rect.jpg 0.629737 0.625841 0.332923 -0.317674 1101.39 40.8304 438.921
database/img_07902_c1_1303399177183267us_rect.jpg 0.629527 0.626228 0.332999 -0.317248 1101.64 40.6082 439.039
database/img_07903_c1_1303399177316543us_rect.jpg 0.630313 0.625783 0.334801 -0.314658 1101.84 46.9687 439.403
database/img_07904_c1_1303399177383268us_rect.jpg 0.630333 0.626256 0.335476 -0.312953 1101.52 48.9831 440.735
database/img_07905_c1_1303399177449893us_rect.jpg 0.630557 0.626399 0.334992 -0.312733 1101.55 48.7723 441.437
