database/img_00119_c0_1303398474779439us_rect.jpg 0.617519 0.59286 0.408444 -0.316796 -6.62781 1.94411 -69.137
database/img_00121_c0_1303398474979413us_rect.jpg 0.619986 0.58717 0.411569 -0.318526 -8.01178 1.20103 -69.9619
database/img_00122_c0_1303398475046031us_rect.jpg 0.619663 0.586382 0.411696 -0.320439 -8.52114 1.0629 -70.2289
database/img_00123_c0_1303398475112656us_rect.jpg 0.618774 0.58696 0.409925 -0.323354 -8.91659 0.995133 -70.5046
database/img_00124_c0_1303398475246038us_rect.jpg 0.615387 0.59041 0.404683 -0.330072 -9.61796 1.14505 -71.0699
database/img_00125_c0_1303398475312658us_rect.jpg 0.613731 0.591909 0.40333 -0.33212 -9.97784 1.30449 -71.3472
database/img_00126_c0_1303398475446034us_rect.jpg 0.61118 0.59311 0.404324 -0.333469 -10.8376 1.62608 -71.8824
database/img_00127_c0_1303398475512657us_rect.jpg 0.610403 0.592905 0.40526 -0.334121 -11.3166 1.67543 -72.1429
database/img_00128_c0_1303398475579410us_rect.jpg 0.610258 0.591905 0.406496 -0.334655 -11.815 1.60418 -72.3966
database/img_00129_c0_1303398475712661us_rect.jpg 0.612347 0.586856 0.412208 -0.332741 -12.855 1.15893 -72.8995
database/img_00130_c0_1303398475779409us_rect.jpg 0.61341 0.58444 0.415347 -0.331127 -13.3363 0.974084 -73.156
database/img_00131_c0_1303398475846036us_rect.jpg 0.614446 0.583031 0.416955 -0.329665 -13.6414 0.835592 -73.4449
database/img_00132_c0_1303398475979435us_rect.jpg 0.613482 0.584183 0.418482 -0.327478 -14.1554 1.17724 -74.0409
database/img_00133_c0_1303398476046036us_rect.jpg 0.612387 0.584849 0.419756 -0.326708 -14.5211 1.4232 -74.3126
database/img_00134_c0_1303398476179444us_rect.jpg 0.611889 0.583928 0.420516 -0.328307 -15.3715 1.3205 -74.8337
database/img_00136_c0_1303398476379416us_rect.jpg 0.612885 0.582192 0.416461 -0.334641 -16.4252 0.623653 -75.6573
database/img_00137_c0_1303398476446039us_rect.jpg 0.612347 0.582444 0.416615 -0.334996 -16.7745 0.690944 -75.9279
database/img_00138_c0_1303398476579437us_rect.jpg 0.612599 0.58244 0.417659 -0.333237 -17.2607 0.759146 -76.5267
database/img_00139_c0_1303398476646036us_rect.jpg 0.61369 0.582072 0.418336 -0.331016 -17.3525 0.716754 -76.8603
database/img_00141_c0_1303398476846068us_rect.jpg 0.615139 0.582763 0.420207 -0.324681 -17.663 0.951048 -77.8514
database/img_00142_c0_1303398476912667us_rect.jpg 0.614614 0.584019 0.419313 -0.324574 -17.814 1.12021 -78.1642
database/img_00143_c0_1303398476979417us_rect.jpg 0.614288 0.585247 0.417293 -0.325581 -17.944 1.18635 -78.4822
database/img_00144_c0_1303398477112693us_rect.jpg 0.6147 0.587266 0.41227 -0.327561 -18.0508 1.13447 -79.1436
database/img_00145_c0_1303398477179425us_rect.jpg 0.614987 0.58812 0.410912 -0.327196 -18.0889 1.17447 -79.4737
database/img_00146_c0_1303398477312688us_rect.jpg 0.616364 0.588736 0.409602 -0.325132 -18.1756 1.13567 -80.1325
database/img_00147_c0_1303398477379419us_rect.jpg 0.61714 0.589137 0.408992 -0.323699 -18.1668 1.13819 -80.4653
database/img_00148_c0_1303398477512698us_rect.jpg 0.61733 0.590143 0.4079 -0.32288 -18.4324 1.23175 -81.0563
database/img_00149_c0_1303398477579420us_rect.jpg 0.616677 0.590743 0.407317 -0.323768 -18.7251 1.31791 -81.3076
database/img_00150_c0_1303398477646046us_rect.jpg 0.615799 0.591459 0.406547 -0.325095 -19.0441 1.41963 -81.5462
database/img_00151_c0_1303398477779445us_rect.jpg 0.61433 0.592572 0.404816 -0.327997 -19.6767 1.54481 -82.0134
database/img_00152_c0_1303398477846047us_rect.jpg 0.614298 0.592509 0.404279 -0.328832 -19.9467 1.49277 -82.2516
database/img_00153_c0_1303398477912673us_rect.jpg 0.614163 0.592517 0.404215 -0.329145 -20.213 1.49699 -82.4825
database/img_00154_c0_1303398478046067us_rect.jpg 0.614433 0.592058 0.404438 -0.329196 -20.7027 1.41651 -82.9457
database/img_00155_c0_1303398478112673us_rect.jpg 0.614427 0.591613 0.405142 -0.32914 -21.015 1.38756 -83.1489
database/img_00156_c0_1303398478246080us_rect.jpg 0.613692 0.5913 0.406032 -0.329976 -21.6825 1.42615 -83.5224
database/img_00157_c0_1303398478312672us_rect.jpg 0.613028 0.591374 0.406176 -0.3309 -22.0352 1.48039 -83.6931
database/img_00159_c0_1303398478512674us_rect.jpg 0.611161 0.591732 0.405456 -0.334577 -23.0261 1.58157 -84.1899
database/img_00160_c0_1303398478579424us_rect.jpg 0.610507 0.591983 0.405805 -0.334902 -23.313 1.68534 -84.356
database/img_00161_c0_1303398478712679us_rect.jpg 0.609902 0.591993 0.407481 -0.333951 -23.7966 1.84466 -84.6956
database/img_00162_c0_1303398478779424us_rect.jpg 0.60958 0.591733 0.408612 -0.333616 -24.0953 1.89605 -84.8427
database/img_00163_c0_1303398478912677us_rect.jpg 0.609796 0.590708 0.410402 -0.332842 -24.5904 1.82232 -85.1484
database/img_00165_c0_1303398479046052us_rect.jpg 0.610911 0.589622 0.410719 -0.33233 -24.8848 1.58186 -85.5005
database/img_00166_c0_1303398479179453us_rect.jpg 0.611548 0.588859 0.410666 -0.332577 -25.2191 1.3962 -85.8252
database/img_00168_c0_1303398479379465us_rect.jpg 0.611546 0.589379 0.410707 -0.331608 -25.5484 1.50314 -86.3304
database/img_00169_c0_1303398479512705us_rect.jpg 0.612086 0.58898 0.411493 -0.330343 -25.7828 1.45224 -86.6533
database/img_00171_c0_1303398479646055us_rect.jpg 0.612925 0.58847 0.411708 -0.329429 -25.9694 1.32661 -86.9801
database/img_00172_c0_1303398479779469us_rect.jpg 0.613891 0.588187 0.410884 -0.329163 -26.0853 1.15767 -87.3219
database/img_00173_c0_1303398479912708us_rect.jpg 0.614879 0.587514 0.410045 -0.329566 -26.2818 0.910052 -87.6295
database/img_00176_c0_1303398480179469us_rect.jpg 0.616829 0.585305 0.409879 -0.330059 -26.8512 0.35821 -88.1853
database/img_00177_c0_1303398480312710us_rect.jpg 0.616758 0.58531 0.410372 -0.32957 -27.1377 0.393619 -88.4698
database/img_00178_c0_1303398480379435us_rect.jpg 0.616471 0.585542 0.410509 -0.329526 -27.2961 0.461716 -88.6097
database/img_00180_c0_1303398480579455us_rect.jpg 0.615173 0.586381 0.411054 -0.329779 -27.8531 0.732154 -89.0041
database/img_00182_c0_1303398480779439us_rect.jpg 0.614659 0.586726 0.410974 -0.330224 -28.3416 0.817024 -89.4386
database/img_00183_c0_1303398480846063us_rect.jpg 0.614286 0.586881 0.411429 -0.330075 -28.5402 0.898997 -89.5722
database/img_00185_c0_1303398481046091us_rect.jpg 0.613714 0.586742 0.412631 -0.329887 -29.1475 0.98388 -89.9741
database/img_00186_c0_1303398481112689us_rect.jpg 0.613586 0.586716 0.412776 -0.32999 -29.3346 0.99444 -90.1121
database/img_00188_c0_1303398481312692us_rect.jpg 0.613427 0.586585 0.413524 -0.329582 -29.848 1.02269 -90.5617
database/img_00189_c0_1303398481379441us_rect.jpg 0.613416 0.58646 0.4139 -0.32935 -30.0261 1.02145 -90.7087
database/img_00191_c0_1303398481579442us_rect.jpg 0.613297 0.586454 0.414879 -0.32835 -30.5067 1.08997 -91.1797
database/img_00193_c0_1303398481779467us_rect.jpg 0.612877 0.587185 0.415499 -0.327042 -30.8992 1.29847 -91.703
database/img_00194_c0_1303398481846073us_rect.jpg 0.612631 0.587423 0.415726 -0.326786 -31.0634 1.37588 -91.8617
database/img_00195_c0_1303398481979444us_rect.jpg 0.612934 0.587289 0.415808 -0.326356 -31.3363 1.33182 -92.212
database/img_00196_c0_1303398482046068us_rect.jpg 0.613445 0.586942 0.415901 -0.3259 -31.4425 1.23516 -92.3932
database/img_00198_c0_1303398482246095us_rect.jpg 0.615329 0.585455 0.416252 -0.324572 -31.7748 0.825168 -92.9599
database/img_00199_c0_1303398482312696us_rect.jpg 0.61568 0.585085 0.416646 -0.324067 -31.9252 0.75096 -93.135
database/img_00201_c0_1303398482512721us_rect.jpg 0.615578 0.58575 0.416147 -0.323701 -32.293 0.851096 -93.6956
database/img_00202_c0_1303398482579448us_rect.jpg 0.61505 0.586497 0.415828 -0.323762 -32.4276 1.01882 -93.8703
database/img_00204_c0_1303398482779475us_rect.jpg 0.614583 0.587996 0.414202 -0.324014 -32.7143 1.24554 -94.4664
database/img_00205_c0_1303398482846074us_rect.jpg 0.614561 0.588339 0.413795 -0.323955 -32.8095 1.29102 -94.6612
database/img_00207_c0_1303398483046077us_rect.jpg 0.61473 0.588623 0.413124 -0.323973 -33.2092 1.28272 -95.2234
database/img_00208_c0_1303398483112701us_rect.jpg 0.614797 0.588742 0.412736 -0.324126 -33.3373 1.27558 -95.4083
database/img_00209_c0_1303398483246097us_rect.jpg 0.614754 0.588877 0.412279 -0.324542 -33.6656 1.2706 -95.763
database/img_00211_c0_1303398483379450us_rect.jpg 0.615193 0.588834 0.411682 -0.324546 -33.9067 1.18826 -96.1475
database/img_00212_c0_1303398483512728us_rect.jpg 0.615552 0.588736 0.411585 -0.324165 -34.173 1.13171 -96.5254
database/img_00213_c0_1303398483579477us_rect.jpg 0.61596 0.58842 0.411577 -0.323973 -34.3093 1.03352 -96.7122
database/img_00215_c0_1303398483779479us_rect.jpg 0.617224 0.587562 0.411799 -0.322843 -34.6784 0.770834 -97.2959
database/img_00216_c0_1303398483846077us_rect.jpg 0.617371 0.587553 0.411929 -0.32241 -34.8051 0.765018 -97.4863
database/img_00218_c0_1303398484046103us_rect.jpg 0.617898 0.587622 0.410835 -0.322671 -35.1749 0.661522 -98.072
database/img_00219_c0_1303398484112705us_rect.jpg 0.618201 0.587769 0.410116 -0.322739 -35.2338 0.624256 -98.2882
database/img_00220_c0_1303398484179455us_rect.jpg 0.618491 0.587928 0.409357 -0.322856 -35.2955 0.585588 -98.5078
database/img_00221_c0_1303398484379492us_rect.jpg 0.618464 0.588395 0.409012 -0.322496 -35.6974 0.656579 -99.0795
database/img_00222_c0_1303398484579481us_rect.jpg 0.618122 0.588922 0.409885 -0.321077 -36.1562 0.848753 -99.6408
database/img_00224_c0_1303398484712708us_rect.jpg 0.618379 0.589168 0.40925 -0.32094 -36.3755 0.836152 -100.05
database/img_00225_c0_1303398484846085us_rect.jpg 0.618792 0.589506 0.408221 -0.320834 -36.5271 0.808296 -100.483
database/img_00226_c0_1303398484912708us_rect.jpg 0.618584 0.589925 0.408278 -0.320393 -36.6452 0.916903 -100.683
database/img_00227_c0_1303398485046121us_rect.jpg 0.618329 0.590588 0.408423 -0.319477 -36.8804 1.08806 -101.079
database/img_00229_c0_1303398485246114us_rect.jpg 0.618286 0.59134 0.406835 -0.320193 -37.244 1.15246 -101.673
database/img_00230_c0_1303398485312711us_rect.jpg 0.618465 0.591556 0.406171 -0.320293 -37.3186 1.14045 -101.895
database/img_00231_c0_1303398485446478us_rect.jpg 0.618165 0.592325 0.405661 -0.320098 -37.5555 1.29752 -102.295
database/img_00232_c0_1303398485512737us_rect.jpg 0.617868 0.59262 0.405637 -0.320156 -37.7392 1.38203 -102.473
database/img_00234_c0_1303398485712741us_rect.jpg 0.617798 0.592618 0.405536 -0.320423 -38.2833 1.37602 -102.998
database/img_00235_c0_1303398485779485us_rect.jpg 0.617682 0.592394 0.405717 -0.32083 -38.5526 1.34426 -103.135
database/img_00237_c0_1303398485979492us_rect.jpg 0.617552 0.591375 0.405626 -0.323067 -39.4075 1.11365 -103.538
database/img_00238_c0_1303398486046095us_rect.jpg 0.617494 0.591182 0.405594 -0.323571 -39.6516 1.07261 -103.684
database/img_00240_c0_1303398486246119us_rect.jpg 0.616562 0.590301 0.4079 -0.324059 -40.6547 1.0903 -104.014
database/img_00241_c0_1303398486312741us_rect.jpg 0.6162 0.589769 0.408791 -0.324592 -41.0716 1.05449 -104.089
database/img_00242_c0_1303398486379468us_rect.jpg 0.616074 0.589209 0.409248 -0.325271 -41.4301 0.964378 -104.186
database/img_00243_c0_1303398486512738us_rect.jpg 0.616075 0.58809 0.409944 -0.326417 -42.0746 0.752536 -104.406
database/img_00244_c0_1303398486646124us_rect.jpg 0.615533 0.587439 0.411165 -0.327075 -42.7392 0.721539 -104.615
database/img_00246_c0_1303398486779471us_rect.jpg 0.61481 0.587286 0.412397 -0.32716 -43.3156 0.821076 -104.859
database/img_00248_c0_1303398486979473us_rect.jpg 0.613443 0.587677 0.41368 -0.3274 -44.1063 1.10343 -105.257
database/img_00249_c0_1303398487046096us_rect.jpg 0.613122 0.587649 0.414093 -0.327532 -44.3731 1.14968 -105.387
database/img_00251_c0_1303398487246120us_rect.jpg 0.612955 0.58661 0.414834 -0.328767 -45.2124 0.965337 -105.767
database/img_00253_c0_1303398487379474us_rect.jpg 0.612931 0.586162 0.415399 -0.328897 -45.67 0.892961 -106.057
database/img_00254_c0_1303398487512749us_rect.jpg 0.61293 0.585539 0.415983 -0.32927 -46.17 0.777715 -106.33
database/img_00256_c0_1303398487646101us_rect.jpg 0.6127 0.585126 0.416929 -0.329236 -46.6753 0.755246 -106.605
database/img_00257_c0_1303398487779479us_rect.jpg 0.612322 0.584837 0.417898 -0.329224 -47.1928 0.774943 -106.874
database/img_00259_c0_1303398487912724us_rect.jpg 0.612059 0.584891 0.417907 -0.329605 -47.6006 0.809507 -107.196
database/img_00260_c0_1303398488046102us_rect.jpg 0.612151 0.584937 0.417789 -0.329502 -47.9029 0.799233 -107.568
database/img_00261_c0_1303398488179501us_rect.jpg 0.611794 0.585266 0.418542 -0.328627 -48.2468 0.944152 -107.927
database/img_00262_c0_1303398488246100us_rect.jpg 0.611666 0.585466 0.418848 -0.328117 -48.3933 1.01617 -108.118
database/img_00263_c0_1303398488379502us_rect.jpg 0.611963 0.585726 0.418673 -0.327323 -48.5725 1.03004 -108.557
database/img_00264_c0_1303398488579498us_rect.jpg 0.612181 0.586431 0.41805 -0.326445 -48.8365 1.12938 -109.222
database/img_00265_c0_1303398488846102us_rect.jpg 0.613132 0.586798 0.416734 -0.325683 -49.1626 1.03576 -110.132
database/img_00266_c0_1303398488979485us_rect.jpg 0.61366 0.587087 0.41614 -0.324928 -49.2757 1.01135 -110.614
database/img_00267_c0_1303398489046107us_rect.jpg 0.614104 0.586964 0.415705 -0.324866 -49.3575 0.910912 -110.842
database/img_00269_c0_1303398489246111us_rect.jpg 0.61498 0.586873 0.415055 -0.324204 -49.6606 0.752682 -111.521
database/img_00270_c0_1303398489312733us_rect.jpg 0.615165 0.587011 0.414831 -0.323891 -49.7465 0.75003 -111.756
database/img_00271_c0_1303398489379485us_rect.jpg 0.615281 0.58724 0.41433 -0.323897 -49.8364 0.761048 -111.989
database/img_00272_c0_1303398489512738us_rect.jpg 0.615651 0.587564 0.413149 -0.324115 -50.016 0.731258 -112.462
database/img_00274_c0_1303398489646111us_rect.jpg 0.615993 0.588019 0.412349 -0.323658 -50.1528 0.755905 -112.955
database/img_00275_c0_1303398489779488us_rect.jpg 0.616243 0.58807 0.412142 -0.323353 -50.432 0.724222 -113.387
database/img_00276_c0_1303398489846112us_rect.jpg 0.616434 0.587912 0.412057 -0.323385 -50.6071 0.658158 -113.588
database/img_00278_c0_1303398490046132us_rect.jpg 0.617246 0.587627 0.411501 -0.323063 -51.0029 0.459544 -114.254
database/img_00279_c0_1303398490179512us_rect.jpg 0.617379 0.587648 0.411293 -0.323035 -51.3399 0.432605 -114.667
database/img_00280_c0_1303398490246113us_rect.jpg 0.617298 0.587866 0.411241 -0.322859 -51.4934 0.487311 -114.882
database/img_00282_c0_1303398490446139us_rect.jpg 0.616736 0.588755 0.411039 -0.32257 -51.9959 0.744205 -115.516
database/img_00283_c0_1303398490512741us_rect.jpg 0.616851 0.588805 0.410682 -0.322714 -52.1461 0.723666 -115.739
database/img_00284_c0_1303398490579490us_rect.jpg 0.617096 0.588668 0.410384 -0.322874 -52.3087 0.644901 -115.957
database/img_00285_c0_1303398490712767us_rect.jpg 0.617471 0.588272 0.41071 -0.322464 -52.6882 0.514623 -116.371
database/img_00286_c0_1303398490779515us_rect.jpg 0.617709 0.588217 0.410297 -0.322632 -52.8319 0.449944 -116.598
database/img_00288_c0_1303398490979517us_rect.jpg 0.617836 0.589065 0.407705 -0.324127 -53.1887 0.50327 -117.326
database/img_00290_c0_1303398491112742us_rect.jpg 0.617014 0.59027 0.407164 -0.324178 -53.5067 0.860747 -117.778
database/img_00291_c0_1303398491179493us_rect.jpg 0.61681 0.590521 0.407143 -0.324137 -53.7012 0.944262 -117.986
database/img_00292_c0_1303398491312747us_rect.jpg 0.617517 0.590396 0.40636 -0.324002 -53.9175 0.785071 -118.493
database/img_00293_c0_1303398491379501us_rect.jpg 0.618019 0.590328 0.40579 -0.323882 -53.979 0.676468 -118.771
database/img_00294_c0_1303398491512747us_rect.jpg 0.618999 0.590093 0.4052 -0.323176 -54.1272 0.462969 -119.316
database/img_00295_c0_1303398491579497us_rect.jpg 0.619503 0.589825 0.405464 -0.322367 -54.2298 0.346 -119.572
database/img_00297_c0_1303398491779499us_rect.jpg 0.620464 0.590475 0.404954 -0.319964 -54.2952 0.354278 -120.476
database/img_00299_c0_1303398491912749us_rect.jpg 0.620931 0.591539 0.403946 -0.31836 -54.2098 0.503903 -121.149
database/img_00300_c0_1303398491979499us_rect.jpg 0.620989 0.59235 0.40352 -0.317278 -54.1347 0.67609 -121.497
database/img_00301_c0_1303398492112750us_rect.jpg 0.621479 0.593768 0.402011 -0.315579 -53.9293 0.889372 -122.224
database/img_00302_c0_1303398492179500us_rect.jpg 0.621874 0.594625 0.400843 -0.314672 -53.7287 0.996708 -122.623
database/img_00304_c0_1303398492379502us_rect.jpg 0.623131 0.597064 0.397784 -0.311433 -53.1172 1.30037 -123.843
database/img_00305_c0_1303398492446149us_rect.jpg 0.623805 0.59754 0.396642 -0.310627 -52.9353 1.27917 -124.24
database/img_00307_c0_1303398492579502us_rect.jpg 0.625555 0.598398 0.393898 -0.308942 -52.4526 1.14023 -125.081
database/img_00308_c0_1303398492712754us_rect.jpg 0.627523 0.598998 0.390529 -0.308063 -51.9879 0.871909 -125.912
database/img_00309_c0_1303398492779503us_rect.jpg 0.628462 0.599372 0.38879 -0.307623 -51.7435 0.760586 -126.326
database/img_00310_c0_1303398492846128us_rect.jpg 0.62932 0.599692 0.387471 -0.306909 -51.537 0.667086 -126.723
database/img_00312_c0_1303398493046157us_rect.jpg 0.631126 0.601104 0.383338 -0.305623 -51.0512 0.583316 -127.872
database/img_00313_c0_1303398493179505us_rect.jpg 0.631995 0.60144 0.381292 -0.305727 -51.0682 0.447214 -128.501
database/img_00314_c0_1303398493246131us_rect.jpg 0.632082 0.601673 0.380756 -0.305756 -51.183 0.464895 -128.767
database/img_00315_c0_1303398493312768us_rect.jpg 0.632234 0.601854 0.380174 -0.305811 -51.2916 0.458753 -129.039
database/img_00316_c0_1303398493446136us_rect.jpg 0.633099 0.601876 0.379214 -0.305169 -51.3932 0.299884 -129.64
database/img_00317_c0_1303398493512754us_rect.jpg 0.633464 0.602092 0.378601 -0.304745 -51.3977 0.273525 -129.956
database/img_00318_c0_1303398493579505us_rect.jpg 0.633875 0.602212 0.377853 -0.304581 -51.4224 0.208567 -130.265
database/img_00319_c0_1303398493712786us_rect.jpg 0.634701 0.602464 0.376192 -0.304419 -51.47 0.0761829 -130.88
database/img_00320_c0_1303398493779530us_rect.jpg 0.634742 0.602952 0.375535 -0.304179 -51.5047 0.163611 -131.18
database/img_00321_c0_1303398493979529us_rect.jpg 0.632972 0.605991 0.373091 -0.304834 -51.811 1.06002 -132.021
database/img_00322_c0_1303398494113052us_rect.jpg 0.632936 0.607135 0.371643 -0.304401 -51.8636 1.28916 -132.648
database/img_00324_c0_1303398494246136us_rect.jpg 0.635005 0.606303 0.370437 -0.303218 -51.7905 0.726128 -133.331
database/img_00325_c0_1303398494312762us_rect.jpg 0.635935 0.605805 0.370298 -0.302435 -51.8179 0.459523 -133.646
database/img_00326_c0_1303398494446140us_rect.jpg 0.636916 0.605516 0.370272 -0.300975 -51.9623 0.244093 -134.244
database/img_00327_c0_1303398494512762us_rect.jpg 0.637141 0.605616 0.369732 -0.300961 -52.068 0.208487 -134.531
database/img_00328_c0_1303398494579514us_rect.jpg 0.63745 0.605723 0.368936 -0.301072 -52.1409 0.150257 -134.832
database/img_00329_c0_1303398494646138us_rect.jpg 0.637929 0.605581 0.368177 -0.30127 -52.2366 0.00468188 -135.117
database/img_00330_c0_1303398494779543us_rect.jpg 0.638697 0.604609 0.36735 -0.302603 -52.7787 -0.413602 -135.557
database/img_00331_c0_1303398494846140us_rect.jpg 0.638884 0.604089 0.367493 -0.303073 -53.1349 -0.578027 -135.743
database/img_00332_c0_1303398494912765us_rect.jpg 0.638582 0.603929 0.368241 -0.30312 -53.5438 -0.545522 -135.905
database/img_00333_c0_1303398495046166us_rect.jpg 0.635903 0.605429 0.369839 -0.303812 -54.5403 0.303345 -136.165
database/img_00334_c0_1303398495112765us_rect.jpg 0.634578 0.60617 0.370307 -0.304534 -55.0393 0.710989 -136.287
database/img_00335_c0_1303398495179515us_rect.jpg 0.63372 0.606482 0.370889 -0.304992 -55.5014 0.944327 -136.422
database/img_00336_c0_1303398495312772us_rect.jpg 0.633941 0.604889 0.372914 -0.305227 -56.4491 0.575842 -136.679
database/img_00337_c0_1303398495379537us_rect.jpg 0.634536 0.603328 0.374476 -0.305168 -57.0013 0.138751 -136.769
database/img_00338_c0_1303398495512768us_rect.jpg 0.634727 0.600809 0.378109 -0.30526 -58.2809 -0.412135 -136.871
database/img_00340_c0_1303398495646144us_rect.jpg 0.633519 0.599875 0.380192 -0.307014 -59.5725 -0.403415 -136.949
database/img_00341_c0_1303398495779528us_rect.jpg 0.631541 0.599904 0.381801 -0.309028 -60.8228 -0.0372277 -137.038
database/img_00342_c0_1303398495846144us_rect.jpg 0.630125 0.600216 0.382906 -0.309948 -61.5029 0.305381 -137.052
database/img_00343_c0_1303398495912769us_rect.jpg 0.628804 0.600293 0.384219 -0.310853 -62.2214 0.579434 -137.039
database/img_00344_c0_1303398496046170us_rect.jpg 0.626832 0.599393 0.387399 -0.31262 -63.7636 0.764309 -136.953
database/img_00345_c0_1303398496112770us_rect.jpg 0.62617 0.598577 0.389106 -0.31339 -64.5297 0.714095 -136.898
database/img_00346_c0_1303398496179520us_rect.jpg 0.625796 0.597529 0.390639 -0.314229 -65.265 0.548517 -136.851
database/img_00348_c0_1303398496446150us_rect.jpg 0.622896 0.594684 0.396559 -0.31795 -68.249 0.447671 -136.601
database/img_00349_c0_1303398496512796us_rect.jpg 0.621684 0.594707 0.397286 -0.319368 -68.9319 0.674871 -136.555
database/img_00350_c0_1303398496646172us_rect.jpg 0.619769 0.595182 0.396849 -0.322732 -69.9625 1.10579 -136.626
database/img_00351_c0_1303398496712773us_rect.jpg 0.618665 0.595417 0.39735 -0.323798 -70.5139 1.36866 -136.637
database/img_00353_c0_1303398496912800us_rect.jpg 0.617859 0.593716 0.398601 -0.326909 -72.0417 1.09092 -136.718
database/img_00355_c0_1303398497046151us_rect.jpg 0.618654 0.591755 0.398443 -0.329146 -72.8395 0.432212 -136.871
database/img_00356_c0_1303398497179530us_rect.jpg 0.61849 0.590862 0.398598 -0.330866 -73.6086 0.229355 -137.029
database/img_00357_c0_1303398497246152us_rect.jpg 0.617716 0.590995 0.399118 -0.331446 -74.0429 0.4146 -137.072
database/img_00359_c0_1303398497446155us_rect.jpg 0.615192 0.591866 0.400308 -0.333147 -75.2502 1.12598 -137.242
database/img_00119_c1_1303398474779487us_rect.jpg 0.725888 0.649822 -0.147271 0.170672 67.5979 -0.135953 -10.2512
database/img_00121_c1_1303398474979453us_rect.jpg 0.729557 0.64712 -0.146491 0.165901 68.3612 -0.806848 -11.6481
database/img_00122_c1_1303398475046074us_rect.jpg 0.729379 0.647801 -0.146165 0.164302 68.6101 -0.914432 -12.1387
database/img_00123_c1_1303398475112700us_rect.jpg 0.727569 0.650101 -0.146715 0.162747 68.8708 -0.966535 -12.5474
database/img_00124_c1_1303398475246076us_rect.jpg 0.721204 0.657254 -0.148136 0.161053 69.4301 -0.730774 -13.2125
database/img_00125_c1_1303398475312701us_rect.jpg 0.718999 0.659728 -0.148013 0.160909 69.7084 -0.548958 -13.5519
database/img_00126_c1_1303398475446101us_rect.jpg 0.71788 0.661416 -0.145414 0.161344 70.2314 -0.173607 -14.3837
database/img_00127_c1_1303398475512702us_rect.jpg 0.717995 0.661671 -0.144112 0.160955 70.4775 -0.0982813 -14.8566
database/img_00128_c1_1303398475579452us_rect.jpg 0.718702 0.661318 -0.143231 0.160034 70.7208 -0.164153 -15.3325
database/img_00129_c1_1303398475712728us_rect.jpg 0.724244 0.656366 -0.140241 0.15807 71.1732 -0.575423 -16.3999
database/img_00130_c1_1303398475779454us_rect.jpg 0.727102 0.653632 -0.138624 0.157707 71.4099 -0.732254 -16.8807
database/img_00131_c1_1303398475846079us_rect.jpg 0.728954 0.651645 -0.138154 0.157791 71.6849 -0.867771 -17.194
database/img_00132_c1_1303398475979457us_rect.jpg 0.729497 0.650829 -0.136323 0.160225 72.2715 -0.540924 -17.7271
database/img_00133_c1_1303398476046079us_rect.jpg 0.729552 0.650868 -0.134792 0.161109 72.5379 -0.318832 -18.0943
database/img_00134_c1_1303398476179491us_rect.jpg 0.729789 0.651202 -0.133695 0.159591 73.0281 -0.38636 -18.9543
database/img_00136_c1_1303398476379481us_rect.jpg 0.727752 0.654017 -0.137423 0.154123 73.8128 -1.07795 -19.9947
database/img_00137_c1_1303398476446082us_rect.jpg 0.727507 0.654403 -0.136881 0.154121 74.0772 -1.0067 -20.3523
database/img_00138_c1_1303398476579962us_rect.jpg 0.728542 0.653003 -0.136237 0.155735 74.6711 -0.919877 -20.8259
database/img_00139_c1_1303398476646107us_rect.jpg 0.729735 0.651291 -0.136533 0.157054 75.0026 -0.96508 -20.924
database/img_00141_c1_1303398476846090us_rect.jpg 0.73224 0.647321 -0.136006 0.162183 75.9851 -0.736047 -21.2662
database/img_00142_c1_1303398476912709us_rect.jpg 0.731407 0.647958 -0.136188 0.163238 76.2971 -0.570782 -21.4276
database/img_00143_c1_1303398476979460us_rect.jpg 0.729847 0.649413 -0.137254 0.16355 76.6108 -0.483314 -21.569
database/img_00144_c1_1303398477112716us_rect.jpg 0.726771 0.651953 -0.141041 0.163916 77.2791 -0.511263 -21.6768
database/img_00145_c1_1303398477179467us_rect.jpg 0.72608 0.652241 -0.14222 0.164812 77.6122 -0.479935 -21.7219
database/img_00146_c1_1303398477312718us_rect.jpg 0.726227 0.651131 -0.143825 0.167144 78.2679 -0.460946 -21.819
database/img_00147_c1_1303398477379463us_rect.jpg 0.726415 0.65041 -0.144635 0.168434 78.5966 -0.454795 -21.8438
database/img_00148_c1_1303398477512715us_rect.jpg 0.725846 0.650396 -0.145639 0.170066 79.1957 -0.35207 -22.0765
database/img_00149_c1_1303398477579464us_rect.jpg 0.724956 0.651404 -0.145697 0.169954 79.4453 -0.26691 -22.3542
database/img_00150_c1_1303398477646089us_rect.jpg 0.723774 0.652817 -0.145624 0.169631 79.6792 -0.151599 -22.6697
database/img_00151_c1_1303398477779468us_rect.jpg 0.721466 0.655555 -0.145893 0.168669 80.1398 0.000267127 -23.2736
database/img_00152_c1_1303398477846090us_rect.jpg 0.721026 0.656124 -0.146222 0.168057 80.3669 -0.0424067 -23.5533
database/img_00153_c1_1303398477912715us_rect.jpg 0.720862 0.656373 -0.146193 0.167811 80.5902 -0.0447957 -23.8257
database/img_00154_c1_1303398478046094us_rect.jpg 0.721241 0.656024 -0.146108 0.167622 81.0359 -0.104741 -24.3208
database/img_00155_c1_1303398478112717us_rect.jpg 0.721656 0.655741 -0.145597 0.167385 81.2298 -0.122959 -24.6338
database/img_00156_c1_1303398478246170us_rect.jpg 0.721788 0.656024 -0.144432 0.166715 81.5895 -0.0758607 -25.2973
database/img_00157_c1_1303398478312718us_rect.jpg 0.721346 0.656809 -0.143936 0.165963 81.7481 -0.0362346 -25.6626
database/img_00159_c1_1303398478512744us_rect.jpg 0.719688 0.659312 -0.143107 0.163942 82.2309 0.0764571 -26.6307
database/img_00160_c1_1303398478579470us_rect.jpg 0.719461 0.659722 -0.142252 0.164037 82.3902 0.212725 -26.924
database/img_00161_c1_1303398478712720us_rect.jpg 0.720334 0.658983 -0.140583 0.16461 82.7135 0.342522 -27.4363
database/img_00162_c1_1303398478779470us_rect.jpg 0.720946 0.658518 -0.139649 0.164588 82.853 0.365617 -27.7325
database/img_00163_c1_1303398478912745us_rect.jpg 0.722351 0.657305 -0.138388 0.164345 83.1376 0.294527 -28.2605
database/img_00165_c1_1303398479046096us_rect.jpg 0.723446 0.656119 -0.138842 0.16388 83.4707 0.0430751 -28.5867
database/img_00166_c1_1303398479179475us_rect.jpg 0.723935 0.655702 -0.139144 0.163131 83.7706 -0.136537 -28.9566
database/img_00168_c1_1303398479379510us_rect.jpg 0.724144 0.65524 -0.139388 0.16385 84.2684 -0.1272 -29.3034
database/img_00169_c1_1303398479512727us_rect.jpg 0.725254 0.653903 -0.139117 0.164509 84.5799 -0.190977 -29.5492
database/img_00171_c1_1303398479646100us_rect.jpg 0.726066 0.652871 -0.139574 0.164643 84.8948 -0.350569 -29.7597
database/img_00172_c1_1303398479779516us_rect.jpg 0.726295 0.65233 -0.140652 0.164856 85.2305 -0.49581 -29.8826
database/img_00173_c1_1303398479912730us_rect.jpg 0.726588 0.651921 -0.141712 0.164278 85.5269 -0.726711 -30.0958
database/img_00176_c1_1303398480179507us_rect.jpg 0.727871 0.650681 -0.143267 0.162148 86.0501 -1.32321 -30.7024
database/img_00177_c1_1303398480312732us_rect.jpg 0.728264 0.650238 -0.14261 0.162741 86.3259 -1.25155 -31.0004
database/img_00178_c1_1303398480379478us_rect.jpg 0.728258 0.650247 -0.142224 0.163069 86.4637 -1.17663 -31.157
database/img_00180_c1_1303398480579483us_rect.jpg 0.727757 0.650963 -0.141016 0.163499 86.8522 -0.928021 -31.7125
database/img_00182_c1_1303398480779506us_rect.jpg 0.727456 0.651376 -0.140517 0.163625 87.2666 -0.82427 -32.2139
database/img_00183_c1_1303398480846130us_rect.jpg 0.727454 0.651445 -0.139997 0.1638 87.3958 -0.747966 -32.4115
database/img_00185_c1_1303398481046109us_rect.jpg 0.727673 0.651428 -0.138966 0.163774 87.7883 -0.673877 -33.0074
database/img_00186_c1_1303398481112732us_rect.jpg 0.727659 0.651535 -0.138842 0.163516 87.9188 -0.685907 -33.2088
database/img_00188_c1_1303398481312759us_rect.jpg 0.727878 0.651357 -0.138248 0.163752 88.3567 -0.634785 -33.721
database/img_00189_c1_1303398481379508us_rect.jpg 0.7282 0.651049 -0.137945 0.163802 88.4963 -0.648622 -33.9102
database/img_00191_c1_1303398481579485us_rect.jpg 0.728768 0.650398 -0.13741 0.164309 88.9613 -0.636171 -34.3945
database/img_00193_c1_1303398481779490us_rect.jpg 0.728825 0.650165 -0.136354 0.165854 89.4578 -0.372687 -34.8392
database/img_00194_c1_1303398481846112us_rect.jpg 0.728841 0.650134 -0.136022 0.166179 89.6163 -0.30486 -35.0092
database/img_00195_c1_1303398481979512us_rect.jpg 0.729118 0.649691 -0.136141 0.166597 89.9671 -0.331129 -35.2703
database/img_00196_c1_1303398482046113us_rect.jpg 0.729485 0.64918 -0.136468 0.166714 90.1538 -0.423324 -35.3727
database/img_00198_c1_1303398482246119us_rect.jpg 0.731256 0.646956 -0.13745 0.166795 90.7054 -0.842919 -35.7062
database/img_00199_c1_1303398482312762us_rect.jpg 0.731701 0.646442 -0.137437 0.166844 90.8727 -0.91663 -35.8659
database/img_00201_c1_1303398482512743us_rect.jpg 0.731439 0.646475 -0.137634 0.167702 91.4215 -0.826821 -36.2494
database/img_00202_c1_1303398482579490us_rect.jpg 0.730791 0.647089 -0.137645 0.168149 91.6078 -0.677443 -36.3697
database/img_00204_c1_1303398482779496us_rect.jpg 0.729407 0.648252 -0.138532 0.168946 92.1933 -0.4841 -36.6813
database/img_00205_c1_1303398482846117us_rect.jpg 0.729105 0.648477 -0.138878 0.169103 92.3858 -0.464109 -36.7891
database/img_00207_c1_1303398483046144us_rect.jpg 0.728746 0.64876 -0.13903 0.169442 92.9108 -0.402387 -37.2507
database/img_00208_c1_1303398483112743us_rect.jpg 0.728579 0.648911 -0.139387 0.169289 93.0899 -0.440095 -37.3974
database/img_00209_c1_1303398483247411us_rect.jpg 0.728343 0.649132 -0.139614 0.169268 93.439 -0.442228 -37.7228
database/img_00211_c1_1303398483379495us_rect.jpg 0.728343 0.648981 -0.140426 0.169179 93.8181 -0.565331 -37.9701
database/img_00212_c1_1303398483512751us_rect.jpg 0.728612 0.648572 -0.140749 0.169316 94.1839 -0.649537 -38.2538
database/img_00213_c1_1303398483579499us_rect.jpg 0.728957 0.648147 -0.140962 0.169283 94.3653 -0.74653 -38.3982
database/img_00215_c1_1303398483779502us_rect.jpg 0.730073 0.646676 -0.141869 0.169342 94.9351 -1.07163 -38.7731
database/img_00216_c1_1303398483846123us_rect.jpg 0.730221 0.64645 -0.141893 0.169547 95.1189 -1.08441 -38.915
database/img_00218_c1_1303398484046126us_rect.jpg 0.729943 0.646506 -0.142955 0.16964 95.6986 -1.17858 -39.2827
database/img_00219_c1_1303398484112749us_rect.jpg 0.729682 0.646675 -0.143668 0.169518 95.903 -1.24259 -39.3749
database/img_00220_c1_1303398484179499us_rect.jpg 0.729371 0.646866 -0.144392 0.169508 96.1145 -1.28789 -39.45
database/img_00221_c1_1303398484379539us_rect.jpg 0.729043 0.647099 -0.14447 0.16996 96.6607 -1.20704 -39.9215
database/img_00222_c1_1303398484579505us_rect.jpg 0.729364 0.646583 -0.143446 0.171409 97.2039 -0.990128 -40.4065
database/img_00224_c1_1303398484712752us_rect.jpg 0.729168 0.646611 -0.144061 0.171626 97.5985 -1.02194 -40.644
database/img_00225_c1_1303398484846156us_rect.jpg 0.728813 0.646784 -0.144917 0.171756 98.0035 -1.06881 -40.8641
database/img_00226_c1_1303398484912754us_rect.jpg 0.728776 0.646732 -0.144667 0.172321 98.1949 -0.971964 -41.0001
database/img_00227_c1_1303398485046161us_rect.jpg 0.728751 0.646581 -0.144242 0.173345 98.5776 -0.807842 -41.285
database/img_00229_c1_1303398485246135us_rect.jpg 0.727627 0.647675 -0.145357 0.173053 99.1451 -0.785509 -41.7047
database/img_00230_c1_1303398485312754us_rect.jpg 0.727291 0.647916 -0.145915 0.173094 99.3548 -0.795746 -41.7956
database/img_00231_c1_1303398485446489us_rect.jpg 0.726643 0.64842 -0.145927 0.173913 99.7506 -0.589043 -42.0508
database/img_00232_c1_1303398485512757us_rect.jpg 0.726339 0.64874 -0.145677 0.174205 99.9236 -0.46417 -42.2298
database/img_00234_c1_1303398485712760us_rect.jpg 0.726161 0.648955 -0.145663 0.174155 100.439 -0.446801 -42.7797
database/img_00235_c1_1303398485779508us_rect.jpg 0.726171 0.649081 -0.145359 0.173896 100.576 -0.438611 -43.0402
database/img_00237_c1_1303398485979511us_rect.jpg 0.726126 0.649739 -0.145478 0.171512 100.947 -0.727101 -43.8963
database/img_00238_c1_1303398486046135us_rect.jpg 0.726028 0.649969 -0.145434 0.171097 101.088 -0.751222 -44.1379
database/img_00240_c1_1303398486246137us_rect.jpg 0.72684 0.649801 -0.143114 0.170236 101.393 -0.701143 -45.1416
database/img_00241_c1_1303398486312763us_rect.jpg 0.727224 0.649715 -0.142335 0.169578 101.469 -0.747552 -45.5266
database/img_00242_c1_1303398486379511us_rect.jpg 0.72738 0.64984 -0.141867 0.16882 101.558 -0.802331 -45.8799
database/img_00243_c1_1303398486512765us_rect.jpg 0.727879 0.649768 -0.141484 0.167261 101.768 -1.03472 -46.509
database/img_00244_c1_1303398486646143us_rect.jpg 0.72833 0.64976 -0.140111 0.166485 101.959 -1.03332 -47.1776
database/img_00246_c1_1303398486779512us_rect.jpg 0.728687 0.649698 -0.1388 0.166264 102.189 -0.959181 -47.7557
database/img_00248_c1_1303398486979539us_rect.jpg 0.728639 0.650051 -0.137059 0.166536 102.588 -0.688383 -48.5071
database/img_00249_c1_1303398487046139us_rect.jpg 0.728758 0.650075 -0.136501 0.166376 102.704 -0.65896 -48.788
database/img_00251_c1_1303398487246147us_rect.jpg 0.729095 0.650168 -0.135731 0.165163 103.068 -0.772369 -49.6019
database/img_00253_c1_1303398487379516us_rect.jpg 0.729405 0.649956 -0.135436 0.164874 103.364 -0.838793 -50.0319
database/img_00254_c1_1303398487512772us_rect.jpg 0.729776 0.649819 -0.134873 0.164228 103.614 -0.922287 -50.5571
database/img_00256_c1_1303398487646143us_rect.jpg 0.730258 0.6495 -0.13408 0.163998 103.877 -0.950468 -51.0559
database/img_00257_c1_1303398487779544us_rect.jpg 0.730603 0.64933 -0.133057 0.163971 104.139 -0.894444 -51.5684
database/img_00259_c1_1303398487912769us_rect.jpg 0.730519 0.649534 -0.132883 0.163675 104.445 -0.896235 -51.9916
database/img_00260_c1_1303398488046147us_rect.jpg 0.730551 0.649408 -0.132937 0.163987 104.817 -0.885044 -52.2897
database/img_00261_c1_1303398488179524us_rect.jpg 0.730864 0.648974 -0.13211 0.164978 105.174 -0.736046 -52.6309
database/img_00262_c1_1303398488246147us_rect.jpg 0.73101 0.648776 -0.131748 0.165399 105.35 -0.675144 -52.803
database/img_00263_c1_1303398488379526us_rect.jpg 0.731123 0.648375 -0.132041 0.166238 105.787 -0.655923 -52.991
database/img_00264_c1_1303398488579524us_rect.jpg 0.731117 0.648032 -0.132542 0.167195 106.423 -0.633094 -53.3135
database/img_00265_c1_1303398488846172us_rect.jpg 0.730784 0.647874 -0.133985 0.168113 107.317 -0.678176 -53.68
database/img_00266_c1_1303398488979554us_rect.jpg 0.730721 0.647604 -0.134652 0.168892 107.789 -0.68088 -53.8238
database/img_00267_c1_1303398489046174us_rect.jpg 0.730726 0.647514 -0.135165 0.168803 108.004 -0.773035 -53.9383
database/img_00269_c1_1303398489246177us_rect.jpg 0.73096 0.6469 -0.136146 0.169359 108.673 -0.923579 -54.2504
database/img_00270_c1_1303398489312777us_rect.jpg 0.731009 0.646732 -0.136342 0.169634 108.893 -0.936889 -54.365
database/img_00271_c1_1303398489379526us_rect.jpg 0.730832 0.646777 -0.13664 0.16998 109.127 -0.905194 -54.4547
database/img_00272_c1_1303398489512804us_rect.jpg 0.730454 0.646952 -0.13773 0.170058 109.59 -0.980859 -54.6486
database/img_00274_c1_1303398489646153us_rect.jpg 0.729937 0.647212 -0.138436 0.170714 110.069 -0.897856 -54.82
database/img_00275_c1_1303398489779555us_rect.jpg 0.729945 0.64709 -0.138739 0.1709 110.484 -0.932241 -55.1272
database/img_00276_c1_1303398489846156us_rect.jpg 0.730032 0.646949 -0.138894 0.170935 110.69 -0.977702 -55.2885
database/img_00278_c1_1303398490046157us_rect.jpg 0.730445 0.646294 -0.139558 0.171109 111.327 -1.1738 -55.73
database/img_00279_c1_1303398490179535us_rect.jpg 0.730498 0.646125 -0.139772 0.171346 111.748 -1.20368 -56.0503
database/img_00280_c1_1303398490246157us_rect.jpg 0.730488 0.646037 -0.139624 0.171837 111.968 -1.12681 -56.1973
database/img_00282_c1_1303398490446162us_rect.jpg 0.730019 0.646399 -0.139394 0.172655 112.591 -0.897539 -56.7171
database/img_00283_c1_1303398490512783us_rect.jpg 0.72985 0.646555 -0.139662 0.172568 112.8 -0.91449 -56.89
database/img_00284_c1_1303398490579534us_rect.jpg 0.729896 0.646455 -0.139976 0.172495 113.016 -0.989343 -57.0484
database/img_00285_c1_1303398490712790us_rect.jpg 0.730355 0.64595 -0.139888 0.172514 113.405 -1.09806 -57.4591
database/img_00286_c1_1303398490779537us_rect.jpg 0.73026 0.646007 -0.140272 0.172391 113.623 -1.15614 -57.6161
database/img_00288_c1_1303398490980354us_rect.jpg 0.728498 0.647721 -0.142121 0.171902 114.328 -1.08394 -58.0221
database/img_00290_c1_1303398491112787us_rect.jpg 0.72746 0.648756 -0.142087 0.172421 114.762 -0.768398 -58.3775
database/img_00291_c1_1303398491179538us_rect.jpg 0.727243 0.648982 -0.141908 0.172632 114.963 -0.666637 -58.5872
database/img_00292_c1_1303398491312814us_rect.jpg 0.727299 0.648713 -0.142865 0.172617 115.449 -0.845154 -58.8397
database/img_00293_c1_1303398491379538us_rect.jpg 0.727368 0.648455 -0.143593 0.172691 115.723 -0.975668 -58.9085
database/img_00294_c1_1303398491512815us_rect.jpg 0.727708 0.647723 -0.144664 0.173117 116.266 -1.1925 -59.0649
database/img_00295_c1_1303398491579540us_rect.jpg 0.728299 0.646947 -0.144816 0.173402 116.511 -1.33838 -59.1919
database/img_00297_c1_1303398491779565us_rect.jpg 0.728672 0.645667 -0.145733 0.175823 117.424 -1.30398 -59.2641
database/img_00299_c1_1303398491912791us_rect.jpg 0.728428 0.645067 -0.146758 0.178167 118.134 -1.13296 -59.1256
database/img_00300_c1_1303398491979541us_rect.jpg 0.728188 0.644855 -0.14732 0.179449 118.501 -1.00976 -59.0298
database/img_00301_c1_1303398492112817us_rect.jpg 0.727584 0.644502 -0.148686 0.182019 119.259 -0.772099 -58.7958
database/img_00302_c1_1303398492179542us_rect.jpg 0.727119 0.644384 -0.149917 0.18328 119.684 -0.702435 -58.5821
database/img_00304_c1_1303398492379570us_rect.jpg 0.726 0.643731 -0.153108 0.18733 120.936 -0.452533 -57.9793
database/img_00305_c1_1303398492446174us_rect.jpg 0.72575 0.643501 -0.154195 0.188197 121.315 -0.465828 -57.8529
database/img_00307_c1_1303398492579545us_rect.jpg 0.725196 0.642816 -0.15731 0.190083 122.168 -0.619065 -57.3967
database/img_00308_c1_1303398492712821us_rect.jpg 0.724328 0.642427 -0.161085 0.19154 123.043 -0.86006 -56.8878
database/img_00309_c1_1303398492779547us_rect.jpg 0.723908 0.642233 -0.163038 0.192129 123.473 -1.01386 -56.6432
database/img_00310_c1_1303398492846171us_rect.jpg 0.723573 0.641959 -0.164639 0.192935 123.89 -1.10406 -56.4247
database/img_00312_c1_1303398493046174us_rect.jpg 0.722234 0.641873 -0.168348 0.195029 125.019 -1.15157 -56.0397
database/img_00313_c1_1303398493179574us_rect.jpg 0.721371 0.642248 -0.170344 0.195254 125.639 -1.25633 -56.0819
database/img_00314_c1_1303398493246173us_rect.jpg 0.721032 0.642426 -0.170763 0.195558 125.917 -1.20927 -56.1796
database/img_00315_c1_1303398493312799us_rect.jpg 0.720743 0.642583 -0.171271 0.195661 126.186 -1.21539 -56.295
database/img_00316_c1_1303398493446207us_rect.jpg 0.720818 0.641978 -0.172546 0.196248 126.784 -1.39993 -56.3953
database/img_00317_c1_1303398493512801us_rect.jpg 0.720772 0.641801 -0.173047 0.196556 127.071 -1.44349 -56.4717
database/img_00318_c1_1303398493579551us_rect.jpg 0.720661 0.64167 -0.173765 0.196759 127.369 -1.5219 -56.5247
database/img_00319_c1_1303398493712808us_rect.jpg 0.720175 0.641681 -0.175442 0.19701 127.973 -1.67354 -56.6169
database/img_00320_c1_1303398493779557us_rect.jpg 0.719679 0.641934 -0.176081 0.197431 128.283 -1.60827 -56.6517
database/img_00321_c1_1303398493979556us_rect.jpg 0.716839 0.644354 -0.176656 0.199357 129.152 -0.728921 -56.9294
database/img_00322_c1_1303398494113077us_rect.jpg 0.71594 0.644709 -0.177637 0.200563 129.783 -0.525151 -56.9899
database/img_00324_c1_1303398494246179us_rect.jpg 0.716435 0.643476 -0.179901 0.200736 130.446 -1.06054 -56.9616
database/img_00325_c1_1303398494312804us_rect.jpg 0.717088 0.642481 -0.180599 0.200965 130.755 -1.34412 -57.0005
database/img_00326_c1_1303398494446209us_rect.jpg 0.717775 0.64125 -0.181292 0.201819 131.343 -1.56543 -57.1606
database/img_00327_c1_1303398494512811us_rect.jpg 0.717609 0.641251 -0.181843 0.201911 131.626 -1.61688 -57.2691
database/img_00328_c1_1303398494579555us_rect.jpg 0.717304 0.641369 -0.182641 0.201898 131.921 -1.68874 -57.3496
database/img_00329_c1_1303398494646181us_rect.jpg 0.717214 0.641299 -0.183456 0.2017 132.205 -1.84914 -57.4626
database/img_00330_c1_1303398494779562us_rect.jpg 0.717216 0.641394 -0.184598 0.200348 132.649 -2.25004 -57.9607
database/img_00331_c1_1303398494846193us_rect.jpg 0.717458 0.641336 -0.184667 0.199599 132.82 -2.43465 -58.3225
database/img_00332_c1_1303398494912808us_rect.jpg 0.717829 0.641186 -0.183955 0.199405 132.971 -2.43746 -58.7351
database/img_00333_c1_1303398495046195us_rect.jpg 0.717105 0.642606 -0.180938 0.200199 133.229 -1.5861 -59.6985
database/img_00334_c1_1303398495112809us_rect.jpg 0.716489 0.643584 -0.179843 0.200248 133.361 -1.20811 -60.1618
database/img_00335_c1_1303398495179559us_rect.jpg 0.716253 0.644139 -0.178924 0.200132 133.494 -0.989685 -60.6126
database/img_00336_c1_1303398495313346us_rect.jpg 0.71779 0.64325 -0.177477 0.198768 133.697 -1.34304 -61.611
database/img_00337_c1_1303398495379561us_rect.jpg 0.719294 0.642098 -0.176713 0.197733 133.763 -1.77184 -62.1705
database/img_00338_c1_1303398495512819us_rect.jpg 0.721928 0.640365 -0.174175 0.195997 133.82 -2.30095 -63.438
database/img_00340_c1_1303398495646188us_rect.jpg 0.722479 0.640937 -0.171826 0.194165 133.868 -2.27755 -64.7219
database/img_00341_c1_1303398495779568us_rect.jpg 0.722214 0.642306 -0.169228 0.192901 133.929 -1.89486 -65.9619
database/img_00342_c1_1303398495846195us_rect.jpg 0.721981 0.643126 -0.167396 0.192643 133.936 -1.52555 -66.62
database/img_00343_c1_1303398495912813us_rect.jpg 0.721971 0.643775 -0.165632 0.192034 133.913 -1.28104 -67.3228
database/img_00344_c1_1303398496046200us_rect.jpg 0.722718 0.644368 -0.161814 0.190486 133.799 -1.01434 -68.8325
database/img_00345_c1_1303398496112820us_rect.jpg 0.723407 0.64435 -0.160104 0.189374 133.722 -1.059 -69.6009
database/img_00346_c1_1303398496179564us_rect.jpg 0.724229 0.644142 -0.158801 0.188029 133.661 -1.25162 -70.3214
database/img_00348_c1_1303398496446217us_rect.jpg 0.726419 0.644515 -0.152273 0.183655 133.33 -1.33253 -73.2928
database/img_00349_c1_1303398496579577us_rect.jpg 0.724785 0.647175 -0.150415 0.182284 133.364 -0.676331 -74.3739
database/img_00350_c1_1303398496646206us_rect.jpg 0.724215 0.648304 -0.14973 0.181097 133.352 -0.533045 -74.9504
database/img_00351_c1_1303398496712818us_rect.jpg 0.723789 0.649169 -0.14861 0.180622 133.362 -0.262384 -75.4754
database/img_00353_c1_1303398496912821us_rect.jpg 0.724085 0.650168 -0.147024 0.177107 133.367 -0.538678 -77.0486
database/img_00355_c1_1303398497046198us_rect.jpg 0.72452 0.650358 -0.147591 0.174131 133.477 -1.17917 -77.87
database/img_00356_c1_1303398497179594us_rect.jpg 0.724519 0.650862 -0.147358 0.172444 133.625 -1.36757 -78.6127
database/img_00357_c1_1303398497246202us_rect.jpg 0.724229 0.651467 -0.146474 0.172129 133.664 -1.15879 -79.0416
database/img_00359_c1_1303398497446221us_rect.jpg 0.723246 0.65325 -0.144031 0.171563 133.832 -0.479447 -80.2124
