database/img_02749_c0_1303398711513928us_rect.jpg 0.587925 0.562525 -0.431904 0.389061 -304.437 60.7852 -507.032
database/img_02750_c0_1303398711647334us_rect.jpg 0.583018 0.55901 -0.438018 0.394636 -295.052 61.3306 -514.159
database/img_02751_c0_1303398711713929us_rect.jpg 0.582366 0.553979 -0.442016 0.398221 -288.483 59.9091 -518.862
database/img_02752_c0_1303398711780680us_rect.jpg 0.581696 0.549186 -0.445888 0.401507 -282.199 58.6735 -523.256
database/img_02753_c0_1303398711847304us_rect.jpg 0.580213 0.545235 -0.448989 0.405562 -276.05 56.8065 -527.534
database/img_02754_c0_1303398711980701us_rect.jpg 0.576341 0.537967 -0.451235 0.418102 -263.847 47.1756 -536.214
database/img_02755_c0_1303398712047303us_rect.jpg 0.573026 0.535581 -0.453787 0.422932 -257.434 45.5093 -540.225
database/img_02756_c0_1303398712180707us_rect.jpg 0.564012 0.531927 -0.464528 0.427969 -242.586 51.2962 -548.069
database/img_02757_c0_1303398712247306us_rect.jpg 0.558855 0.530464 -0.470126 0.43043 -234.832 54.8172 -551.848
database/img_02758_c0_1303398712313932us_rect.jpg 0.554065 0.528408 -0.475056 0.433727 -226.892 56.8463 -555.689
database/img_02759_c0_1303398712380683us_rect.jpg 0.550076 0.525299 -0.478747 0.438496 -218.769 56.1131 -559.724
database/img_02760_c0_1303398712513974us_rect.jpg 0.543768 0.517083 -0.48612 0.447917 -202.131 53.2465 -567.616
database/img_02761_c0_1303398712580684us_rect.jpg 0.541139 0.512804 -0.491053 0.450631 -194.114 53.9424 -571.029
database/img_02762_c0_1303398712647308us_rect.jpg 0.538071 0.508707 -0.497007 0.452416 -185.721 56.3112 -574.263
database/img_02763_c0_1303398712780713us_rect.jpg 0.530857 0.500771 -0.505347 0.460482 -168.394 55.5479 -580.974
database/img_02764_c0_1303398712847310us_rect.jpg 0.527015 0.496694 -0.50772 0.466659 -159.535 52.3015 -584.413
database/img_02765_c0_1303398712913939us_rect.jpg 0.522648 0.492718 -0.510112 0.473132 -150.206 49.1359 -587.785
database/img_02766_c0_1303398713047330us_rect.jpg 0.513392 0.486888 -0.515835 0.482993 -133.395 47.1039 -593.219
database/img_02767_c0_1303398713180707us_rect.jpg 0.507567 0.478985 -0.523097 0.489201 -118.024 46.4148 -597.72
database/img_02768_c0_1303398713247312us_rect.jpg 0.505704 0.473938 -0.527369 0.491455 -110.234 46.1082 -599.814
database/img_02769_c0_1303398713380715us_rect.jpg 0.501086 0.465781 -0.534914 0.495809 -96.0262 46.1842 -603.381
database/img_02770_c0_1303398713447334us_rect.jpg 0.498563 0.462484 -0.53814 0.497945 -89.6458 46.3372 -604.915
database/img_02771_c0_1303398713513947us_rect.jpg 0.49605 0.459693 -0.541261 0.499653 -83.8725 46.9778 -606.248
database/img_02772_c0_1303398713580689us_rect.jpg 0.49384 0.457571 -0.543906 0.500917 -79.2462 47.8139 -607.355
database/img_02773_c0_1303398713713941us_rect.jpg 0.490918 0.452894 -0.547991 0.50358 -71.3076 47.6048 -609.445
database/img_02774_c0_1303398713780687us_rect.jpg 0.490254 0.446689 -0.550059 0.5075 -63.9176 43.1718 -611.138
database/img_02775_c0_1303398713847313us_rect.jpg 0.492826 0.437828 -0.551581 0.511065 -57.3527 35.5953 -612.816
database/img_02776_c0_1303398713980692us_rect.jpg 0.491842 0.439932 -0.551659 0.510122 -59.4983 37.9759 -613.53
database/img_02777_c0_1303398714047314us_rect.jpg 0.491842 0.43837 -0.552159 0.510925 -58.202 36.8728 -614.258
database/img_02778_c0_1303398714113943us_rect.jpg 0.491785 0.437608 -0.552592 0.511164 -57.7334 36.5923 -614.86
database/img_02779_c0_1303398714247321us_rect.jpg 0.490732 0.437479 -0.55389 0.510882 -57.2515 38.1036 -615.886
database/img_02780_c0_1303398714313943us_rect.jpg 0.489604 0.438205 -0.554401 0.510787 -57.212 39.4507 -616.341
database/img_02781_c0_1303398714380691us_rect.jpg 0.488247 0.439154 -0.554839 0.510796 -57.1747 40.902 -616.798
database/img_02782_c0_1303398714513986us_rect.jpg 0.486239 0.440502 -0.555654 0.510664 -57.3118 43.2356 -617.719
database/img_02783_c0_1303398714580692us_rect.jpg 0.485798 0.440502 -0.55572 0.511012 -57.2959 43.229 -618.269
database/img_02784_c0_1303398714647317us_rect.jpg 0.485245 0.440551 -0.555698 0.511519 -57.2145 43.1261 -618.826
database/img_02785_c0_1303398714780912us_rect.jpg 0.484632 0.440489 -0.556064 0.511756 -57.4086 43.4506 -619.891
database/img_02786_c0_1303398714847320us_rect.jpg 0.48404 0.440817 -0.556398 0.511671 -57.5724 44.2022 -620.376
database/img_02787_c0_1303398714913949us_rect.jpg 0.483311 0.441348 -0.556776 0.511492 -57.8088 45.2273 -620.839
database/img_02788_c0_1303398715048322us_rect.jpg 0.481427 0.442377 -0.557399 0.5117 -57.7853 46.9591 -621.829
database/img_02789_c0_1303398715113987us_rect.jpg 0.480962 0.442312 -0.55763 0.511942 -57.6668 47.1244 -622.384
database/img_02790_c0_1303398715180698us_rect.jpg 0.480583 0.441682 -0.557941 0.512502 -57.0028 46.7626 -623.032
database/img_02791_c0_1303398715247322us_rect.jpg 0.480493 0.440999 -0.558044 0.513064 -56.6168 46.0845 -623.676
database/img_02792_c0_1303398715380700us_rect.jpg 0.481697 0.439423 -0.558202 0.513114 -57.1937 44.7094 -624.841
database/img_02793_c0_1303398715447324us_rect.jpg 0.481997 0.439039 -0.558287 0.513068 -57.5948 44.4459 -625.382
database/img_02794_c0_1303398715513952us_rect.jpg 0.482412 0.43833 -0.5586 0.512944 -57.7448 44.1664 -625.955
database/img_02795_c0_1303398715647324us_rect.jpg 0.481694 0.437442 -0.559116 0.513813 -56.8984 43.7274 -627.196
database/img_02796_c0_1303398715713956us_rect.jpg 0.480472 0.438119 -0.559076 0.514424 -56.7875 44.1897 -627.752
database/img_02797_c0_1303398715780699us_rect.jpg 0.47851 0.439738 -0.559051 0.514899 -56.9003 45.6361 -628.212
database/img_02798_c0_1303398715913952us_rect.jpg 0.475439 0.442343 -0.559503 0.515021 -57.3677 48.7619 -629.083
database/img_02799_c0_1303398716047323us_rect.jpg 0.474538 0.442246 -0.560576 0.514769 -57.1617 50.0943 -630.135
database/img_02800_c0_1303398716113955us_rect.jpg 0.474325 0.44206 -0.561051 0.514607 -57.1768 50.5526 -630.672
database/img_02801_c0_1303398716247354us_rect.jpg 0.47365 0.441817 -0.562024 0.514376 -57.072 51.6118 -631.748
database/img_02802_c0_1303398716313955us_rect.jpg 0.473282 0.441633 -0.56254 0.514308 -56.9112 52.1068 -632.297
database/img_02803_c0_1303398716380703us_rect.jpg 0.472806 0.441042 -0.563599 0.514094 -56.1108 52.9339 -632.87
database/img_02804_c0_1303398716514919us_rect.jpg 0.472626 0.440166 -0.565455 0.512972 -55.7508 54.7166 -633.896
database/img_02805_c0_1303398716580705us_rect.jpg 0.472741 0.439693 -0.566025 0.512642 -55.7951 55.0592 -634.432
database/img_02806_c0_1303398716647329us_rect.jpg 0.473019 0.439201 -0.565991 0.512844 -56.0525 54.4747 -635.02
database/img_02807_c0_1303398716713956us_rect.jpg 0.473592 0.438198 -0.565807 0.513377 -56.0709 53.1065 -635.693
database/img_02808_c0_1303398716847333us_rect.jpg 0.474281 0.437322 -0.564928 0.514455 -56.9326 50.8321 -636.915
database/img_02809_c0_1303398716913956us_rect.jpg 0.474282 0.437222 -0.564745 0.514739 -57.3363 50.4247 -637.464
database/img_02810_c0_1303398717047355us_rect.jpg 0.473932 0.437743 -0.564658 0.514715 -58.5386 50.8287 -638.446
database/img_02811_c0_1303398717113958us_rect.jpg 0.473764 0.438087 -0.564877 0.514335 -59.222 51.5481 -638.882
database/img_02812_c0_1303398717180708us_rect.jpg 0.473455 0.438593 -0.564912 0.51415 -59.9435 52.1432 -639.314
database/img_02813_c0_1303398717313995us_rect.jpg 0.473406 0.438646 -0.564859 0.514209 -60.9357 52.1094 -640.333
database/img_02814_c0_1303398717380710us_rect.jpg 0.473673 0.438596 -0.564664 0.51422 -61.6913 51.7989 -640.839
database/img_02815_c0_1303398717447335us_rect.jpg 0.473888 0.438423 -0.56461 0.514228 -62.2305 51.5541 -641.353
database/img_02816_c0_1303398717580739us_rect.jpg 0.474777 0.437482 -0.564909 0.513881 -63.1121 51.0933 -642.407
database/img_02817_c0_1303398717647336us_rect.jpg 0.475352 0.436797 -0.564949 0.513889 -63.4639 50.461 -642.972
database/img_02818_c0_1303398717713962us_rect.jpg 0.475682 0.4366 -0.564904 0.5138 -64.1025 50.2304 -643.466
database/img_02819_c0_1303398717847366us_rect.jpg 0.476161 0.43623 -0.564317 0.514316 -65.2339 48.966 -644.533
database/img_02820_c0_1303398717913979us_rect.jpg 0.476259 0.436024 -0.563964 0.514787 -65.6121 48.1799 -645.089
database/img_02821_c0_1303398717980712us_rect.jpg 0.476269 0.43585 -0.563772 0.515134 -65.9106 47.6696 -645.624
database/img_02822_c0_1303398718114207us_rect.jpg 0.476251 0.436115 -0.563521 0.515201 -67.1546 47.59 -646.564
database/img_02823_c0_1303398718180738us_rect.jpg 0.476592 0.435824 -0.563577 0.51507 -67.6776 47.4109 -647.049
database/img_02824_c0_1303398718247339us_rect.jpg 0.477029 0.435257 -0.563799 0.514904 -67.967 47.1833 -647.56
database/img_02825_c0_1303398718313966us_rect.jpg 0.477481 0.434562 -0.564118 0.514722 -68.1153 46.9648 -648.079
database/img_02826_c0_1303398718447341us_rect.jpg 0.478003 0.434201 -0.564323 0.514318 -69.2034 46.9938 -648.996
database/img_02827_c0_1303398718513966us_rect.jpg 0.478324 0.433856 -0.564275 0.514362 -69.6392 46.581 -649.487
database/img_02828_c0_1303398718647338us_rect.jpg 0.478317 0.433006 -0.563772 0.515635 -69.593 44.7437 -650.638
database/img_02829_c0_1303398718713964us_rect.jpg 0.478026 0.432759 -0.563599 0.516302 -69.4233 44.0926 -651.207
database/img_02830_c0_1303398718847340us_rect.jpg 0.476795 0.433156 -0.563849 0.516833 -69.3 44.6774 -652.183
database/img_02831_c0_1303398718913965us_rect.jpg 0.476415 0.432598 -0.564349 0.517106 -68.5965 44.7107 -652.753
database/img_02832_c0_1303398718980717us_rect.jpg 0.475878 0.43208 -0.564884 0.517449 -67.7505 44.8129 -653.33
database/img_02833_c0_1303398719113966us_rect.jpg 0.474611 0.432023 -0.565733 0.517732 -66.9887 45.8142 -654.32
database/img_02834_c0_1303398719180717us_rect.jpg 0.473998 0.43178 -0.565873 0.518344 -66.4009 45.598 -654.88
database/img_02835_c0_1303398719313979us_rect.jpg 0.472774 0.431375 -0.566087 0.519562 -65.3256 45.1645 -655.977
database/img_02836_c0_1303398719380719us_rect.jpg 0.472148 0.430972 -0.566359 0.52017 -64.5153 44.968 -656.544
database/img_02837_c0_1303398719447346us_rect.jpg 0.471873 0.430547 -0.566638 0.520469 -64.087 44.8415 -657.063
database/img_02838_c0_1303398719580722us_rect.jpg 0.472146 0.428999 -0.567864 0.520162 -63.3259 45.0182 -658.057
database/img_02839_c0_1303398719647369us_rect.jpg 0.472343 0.428611 -0.568154 0.519986 -63.4879 45.0663 -658.497
database/img_02840_c0_1303398719713972us_rect.jpg 0.472708 0.428207 -0.568268 0.519863 -63.8453 44.8462 -658.938
database/img_02841_c0_1303398719780723us_rect.jpg 0.472894 0.427758 -0.568243 0.520091 -63.9483 44.3052 -659.414
database/img_02842_c0_1303398719913992us_rect.jpg 0.472482 0.427654 -0.567951 0.520869 -64.1688 43.611 -660.337
database/img_02843_c0_1303398719980724us_rect.jpg 0.471961 0.427773 -0.567928 0.521269 -64.0887 43.5961 -660.795
database/img_02844_c0_1303398720047348us_rect.jpg 0.471527 0.428267 -0.567749 0.521451 -64.5646 43.8034 -661.183
database/img_02845_c0_1303398720180725us_rect.jpg 0.47139 0.428805 -0.568089 0.520762 -65.7825 44.9862 -661.864
database/img_02846_c0_1303398720247372us_rect.jpg 0.471621 0.428793 -0.568167 0.520478 -66.421 45.1604 -662.216
database/img_02847_c0_1303398720380725us_rect.jpg 0.472755 0.427691 -0.56824 0.520275 -67.2346 44.2197 -663.054
database/img_02848_c0_1303398720580722us_rect.jpg 0.473889 0.426555 -0.56839 0.520013 -68.3735 43.3668 -664.272
database/img_02849_c0_1303398720847352us_rect.jpg 0.474396 0.426357 -0.568536 0.519552 -70.2205 43.51 -665.746
database/img_02850_c0_1303398721047358us_rect.jpg 0.474009 0.427096 -0.568672 0.519149 -71.7067 44.5568 -666.758
database/img_02851_c0_1303398721113978us_rect.jpg 0.474171 0.426977 -0.568528 0.519258 -72.1317 44.2127 -667.149
database/img_02852_c0_1303398721247379us_rect.jpg 0.474541 0.42706 -0.56808 0.519342 -73.4269 43.6663 -667.849
database/img_02853_c0_1303398721313979us_rect.jpg 0.47445 0.427285 -0.567974 0.519356 -73.944 43.7473 -668.184
database/img_02855_c0_1303398721513988us_rect.jpg 0.474377 0.427621 -0.567906 0.51922 -75.3083 44.0303 -669.205
database/img_02856_c0_1303398721580731us_rect.jpg 0.474472 0.427672 -0.567848 0.519154 -75.832 44.0236 -669.543
database/img_02857_c0_1303398721647358us_rect.jpg 0.474622 0.427753 -0.567717 0.519094 -76.4639 43.9458 -669.86
database/img_02858_c0_1303398721780733us_rect.jpg 0.47476 0.427982 -0.567615 0.518891 -77.5814 44.0948 -670.493
database/img_02860_c0_1303398721913983us_rect.jpg 0.474968 0.427881 -0.567407 0.519011 -78.3983 43.6809 -671.19
database/img_02861_c0_1303398722047362us_rect.jpg 0.475009 0.428088 -0.567377 0.518835 -79.357 43.8966 -671.832
database/img_02862_c0_1303398722113986us_rect.jpg 0.474763 0.428244 -0.567302 0.519014 -79.5768 43.8969 -672.177
database/img_02864_c0_1303398722313988us_rect.jpg 0.474652 0.429136 -0.566944 0.51877 -81.5112 44.3707 -673.022
database/img_02865_c0_1303398722513988us_rect.jpg 0.474643 0.429682 -0.566876 0.518401 -83.1 44.9358 -673.882
database/img_02866_c0_1303398722714013us_rect.jpg 0.474878 0.430002 -0.56698 0.517806 -84.6885 45.5799 -674.712
database/img_02868_c0_1303398722913990us_rect.jpg 0.475109 0.430682 -0.566848 0.517173 -86.695 46.2743 -675.454
database/img_02869_c0_1303398722980739us_rect.jpg 0.475304 0.430837 -0.566562 0.517178 -87.4401 46.0382 -675.706
database/img_02871_c0_1303398723180770us_rect.jpg 0.476097 0.430945 -0.566372 0.516567 -89.4225 46.0804 -676.453
database/img_02872_c0_1303398723247387us_rect.jpg 0.476143 0.431096 -0.566245 0.516537 -89.9599 46.068 -676.707
database/img_02874_c0_1303398723447392us_rect.jpg 0.476339 0.431156 -0.566218 0.516336 -91.1147 46.1564 -677.536
database/img_02876_c0_1303398723580742us_rect.jpg 0.476106 0.430799 -0.56649 0.516551 -90.9255 46.1057 -678.205
database/img_02877_c0_1303398723714020us_rect.jpg 0.475675 0.431146 -0.566971 0.51613 -91.3136 47.2427 -678.703
database/img_02878_c0_1303398723780744us_rect.jpg 0.475722 0.430866 -0.5672 0.516069 -91.2765 47.2999 -679.013
database/img_02879_c0_1303398723914088us_rect.jpg 0.475755 0.430254 -0.567434 0.516291 -91.0801 46.9466 -679.676
database/img_02880_c0_1303398724047369us_rect.jpg 0.475731 0.430145 -0.567956 0.515831 -91.383 47.7039 -680.172
database/img_02882_c0_1303398724180744us_rect.jpg 0.475456 0.430002 -0.56838 0.515736 -91.3331 48.176 -680.72
database/img_02884_c0_1303398724380770us_rect.jpg 0.475514 0.429757 -0.568941 0.515268 -91.7691 48.8573 -681.455
database/img_02886_c0_1303398724513998us_rect.jpg 0.47558 0.429254 -0.56919 0.515351 -91.6771 48.6804 -682.01
database/img_02887_c0_1303398724647374us_rect.jpg 0.475655 0.429415 -0.569133 0.515211 -92.4134 48.814 -682.416
database/img_02889_c0_1303398724780748us_rect.jpg 0.475989 0.428983 -0.569346 0.515027 -92.7039 48.7468 -682.877
database/img_02890_c0_1303398724914001us_rect.jpg 0.475992 0.428779 -0.569425 0.515107 -92.8574 48.6331 -683.333
database/img_02892_c0_1303398725047375us_rect.jpg 0.475885 0.429347 -0.569048 0.515149 -93.8381 48.6681 -683.649
database/img_02893_c0_1303398725180752us_rect.jpg 0.476327 0.428994 -0.569098 0.51498 -94.3244 48.4547 -684.037
database/img_02895_c0_1303398725314003us_rect.jpg 0.476391 0.428665 -0.568891 0.515423 -94.3883 47.7017 -684.502
database/img_02897_c0_1303398725514012us_rect.jpg 0.476663 0.428805 -0.568323 0.515681 -95.4669 46.9742 -685.002
database/img_02899_c0_1303398725647377us_rect.jpg 0.477084 0.428288 -0.568441 0.515592 -95.6754 46.6642 -685.38
database/img_02900_c0_1303398725780779us_rect.jpg 0.47718 0.427915 -0.568653 0.51558 -95.6378 46.5967 -685.763
database/img_02903_c0_1303398726047410us_rect.jpg 0.477815 0.428031 -0.568234 0.515356 -97.2013 46.2205 -686.265
database/img_02905_c0_1303398726180755us_rect.jpg 0.478224 0.427718 -0.568378 0.515078 -97.5931 46.2156 -686.532
database/img_02907_c0_1303398726380781us_rect.jpg 0.47873 0.427475 -0.568032 0.515192 -98.3501 45.4657 -686.938
database/img_02910_c0_1303398726647392us_rect.jpg 0.47958 0.427316 -0.567636 0.514969 -99.732 44.8525 -687.346
database/img_02913_c0_1303398726847386us_rect.jpg 0.480333 0.427145 -0.567595 0.514454 -100.791 44.8161 -687.573
database/img_02916_c0_1303398727114011us_rect.jpg 0.480794 0.427168 -0.567896 0.513672 -101.744 45.5368 -687.841
database/img_02920_c0_1303398727447388us_rect.jpg 0.482166 0.42654 -0.567006 0.51389 -103.18 43.6407 -688.214
database/img_02924_c0_1303398727847389us_rect.jpg 0.482621 0.427297 -0.566683 0.513192 -105.07 44.199 -688.339
database/img_02927_c0_1303398728514039us_rect.jpg 0.483424 0.427632 -0.565654 0.513292 -106.978 43.091 -688.578
database/img_03044_c0_1303398738980824us_rect.jpg 0.484399 0.426997 -0.55897 0.520177 -108.477 30.8332 -689.461
database/img_03050_c0_1303398739514078us_rect.jpg 0.484789 0.427054 -0.557476 0.521369 -109.56 28.4129 -689.843
database/img_03054_c0_1303398739847456us_rect.jpg 0.48496 0.426767 -0.557468 0.521453 -109.801 28.087 -690.264
database/img_03057_c0_1303398740114081us_rect.jpg 0.484531 0.427325 -0.557187 0.521695 -110.328 28.1433 -690.615
database/img_03060_c0_1303398740380857us_rect.jpg 0.484491 0.427153 -0.557593 0.52144 -110.454 28.616 -691.079
database/img_03063_c0_1303398740647459us_rect.jpg 0.483434 0.42744 -0.558265 0.521466 -109.882 29.7902 -691.687
database/img_03065_c0_1303398740847483us_rect.jpg 0.482085 0.427582 -0.558665 0.522169 -108.702 30.2104 -692.317
database/img_03067_c0_1303398740980834us_rect.jpg 0.481564 0.427291 -0.559023 0.522505 -107.933 30.2945 -692.754
database/img_03069_c0_1303398741180872us_rect.jpg 0.481004 0.425887 -0.559971 0.523152 -105.863 29.9935 -693.6
database/img_03071_c0_1303398741380838us_rect.jpg 0.479168 0.425735 -0.561046 0.523808 -103.724 31.0845 -694.426
database/img_03073_c0_1303398741514088us_rect.jpg 0.477647 0.426007 -0.561637 0.524342 -102.403 31.9756 -694.959
database/img_03074_c0_1303398741647492us_rect.jpg 0.477829 0.425078 -0.562245 0.524279 -101.778 31.9245 -695.439
database/img_03076_c0_1303398741780840us_rect.jpg 0.478176 0.423741 -0.562675 0.524585 -100.885 31.0983 -696.01
database/img_03078_c0_1303398741980867us_rect.jpg 0.477973 0.423683 -0.561731 0.525826 -101.17 29.2894 -696.668
database/img_03080_c0_1303398742114093us_rect.jpg 0.477809 0.424852 -0.561024 0.525786 -102.816 29.4599 -696.847
database/img_03082_c0_1303398742314094us_rect.jpg 0.478691 0.424296 -0.561137 0.525312 -103.806 29.2298 -697.372
database/img_03083_c0_1303398742380844us_rect.jpg 0.478659 0.424771 -0.56139 0.524686 -104.516 30.2665 -697.447
database/img_03085_c0_1303398742514094us_rect.jpg 0.478941 0.425573 -0.561352 0.52382 -106.245 31.3006 -697.6
database/img_03086_c0_1303398742647471us_rect.jpg 0.480191 0.424491 -0.560785 0.52416 -106.957 29.332 -698.043
database/img_03088_c0_1303398742780846us_rect.jpg 0.480529 0.424865 -0.55972 0.524686 -108.347 28.0255 -698.359
database/img_03089_c0_1303398742914271us_rect.jpg 0.480728 0.425626 -0.558174 0.525533 -110.09 26.3074 -698.649
database/img_03090_c0_1303398742980870us_rect.jpg 0.48126 0.425755 -0.557612 0.525537 -111.194 25.6519 -698.75
database/img_03092_c0_1303398743114097us_rect.jpg 0.482678 0.424816 -0.556839 0.525817 -112.364 23.5628 -699.151
database/img_03093_c0_1303398743247499us_rect.jpg 0.482742 0.425305 -0.555865 0.526393 -113.579 22.4684 -699.52
database/img_03094_c0_1303398743314098us_rect.jpg 0.482608 0.426378 -0.555323 0.526221 -114.997 22.8154 -699.544
database/img_03095_c0_1303398743447493us_rect.jpg 0.483157 0.427185 -0.555124 0.525271 -117.173 23.6666 -699.707
database/img_03096_c0_1303398743580847us_rect.jpg 0.483705 0.427317 -0.55522 0.524558 -118.503 24.1877 -700.033
database/img_03097_c0_1303398743647474us_rect.jpg 0.483667 0.427937 -0.555013 0.524306 -119.475 24.5908 -700.134
database/img_03099_c0_1303398743847501us_rect.jpg 0.483661 0.429524 -0.554418 0.523643 -122.213 25.5343 -700.513
database/img_03101_c0_1303398743980851us_rect.jpg 0.48222 0.431466 -0.554173 0.523634 -123.289 27.061 -700.872
database/img_03102_c0_1303398744114125us_rect.jpg 0.481073 0.432454 -0.554416 0.523617 -123.538 28.3475 -701.401
database/img_03103_c0_1303398744180851us_rect.jpg 0.480903 0.431953 -0.554982 0.523587 -122.909 28.6588 -701.814
database/img_03104_c0_1303398744247477us_rect.jpg 0.480889 0.431218 -0.555579 0.523574 -122.184 28.7784 -702.25
database/img_03105_c0_1303398744380879us_rect.jpg 0.48098 0.430169 -0.556555 0.523316 -121.446 29.2152 -703.001
database/img_03106_c0_1303398744447478us_rect.jpg 0.481396 0.429351 -0.556947 0.523188 -121.199 29.015 -703.376
database/img_03108_c0_1303398744580856us_rect.jpg 0.482518 0.427011 -0.557918 0.523035 -120.206 28.1568 -704.233
database/img_03109_c0_1303398744714107us_rect.jpg 0.482933 0.425837 -0.558384 0.523112 -119.802 27.6347 -704.986
database/img_03111_c0_1303398744847482us_rect.jpg 0.483093 0.424719 -0.558249 0.524016 -119.204 26.0078 -705.819
database/img_03112_c0_1303398744980878us_rect.jpg 0.483246 0.424021 -0.55703 0.525734 -119.223 22.9621 -706.6
database/img_03113_c0_1303398745047505us_rect.jpg 0.483854 0.422655 -0.556151 0.527204 -118.695 19.8456 -707.123
database/img_03114_c0_1303398745114108us_rect.jpg 0.484561 0.420816 -0.555681 0.528519 -117.684 16.9049 -707.709
database/img_03115_c0_1303398745180859us_rect.jpg 0.485266 0.420033 -0.555513 0.528673 -117.95 15.8506 -708.039
database/img_03116_c0_1303398745314110us_rect.jpg 0.486505 0.419615 -0.556095 0.527252 -119.594 16.8066 -708.443
database/img_03117_c0_1303398745380859us_rect.jpg 0.487198 0.419007 -0.556752 0.526402 -119.992 17.4711 -708.719
database/img_03118_c0_1303398745447484us_rect.jpg 0.487581 0.418718 -0.557482 0.525503 -120.372 18.5645 -708.987
database/img_03119_c0_1303398745580885us_rect.jpg 0.487108 0.419276 -0.557916 0.525036 -121.006 19.878 -709.578
database/img_03120_c0_1303398745647486us_rect.jpg 0.486327 0.419865 -0.557632 0.525591 -121.041 19.8166 -709.946
database/img_03121_c0_1303398745714110us_rect.jpg 0.485416 0.420594 -0.557152 0.526359 -121.099 19.5335 -710.316
database/img_03122_c0_1303398745847497us_rect.jpg 0.484707 0.421428 -0.555912 0.527654 -121.94 18.0733 -710.963
database/img_03123_c0_1303398745914112us_rect.jpg 0.485019 0.421394 -0.555458 0.527873 -122.663 17.3148 -711.226
database/img_03125_c0_1303398746114113us_rect.jpg 0.487112 0.419399 -0.555041 0.527973 -123.945 14.7719 -712.197
database/img_03126_c0_1303398746180886us_rect.jpg 0.487683 0.418723 -0.55499 0.528036 -124.193 14.0218 -712.561
database/img_03127_c0_1303398746247488us_rect.jpg 0.487499 0.4189 -0.555024 0.528031 -124.486 14.2347 -712.892
database/img_03128_c0_1303398746314113us_rect.jpg 0.487131 0.419356 -0.555003 0.52803 -124.888 14.6388 -713.192
database/img_03129_c0_1303398746447491us_rect.jpg 0.486577 0.419644 -0.554712 0.528618 -125.187 14.2606 -713.932
database/img_03130_c0_1303398746514115us_rect.jpg 0.486554 0.41968 -0.554388 0.528949 -125.561 13.7048 -714.269
database/img_03131_c0_1303398746580864us_rect.jpg 0.486313 0.420108 -0.554049 0.529187 -126.131 13.5481 -714.549
database/img_03132_c0_1303398746714142us_rect.jpg 0.487306 0.419006 -0.553864 0.529341 -126.758 12.1624 -715.266
database/img_03133_c0_1303398746780866us_rect.jpg 0.487945 0.418225 -0.553838 0.529397 -126.977 11.3552 -715.637
database/img_03135_c0_1303398746980870us_rect.jpg 0.488866 0.417271 -0.552991 0.530185 -128.118 8.92275 -716.692
database/img_03136_c0_1303398747047493us_rect.jpg 0.48885 0.417707 -0.552287 0.53059 -129.045 8.1829 -716.947
database/img_03137_c0_1303398747114121us_rect.jpg 0.488734 0.418064 -0.551913 0.530805 -129.71 7.90487 -717.24
database/img_03138_c0_1303398747180871us_rect.jpg 0.488558 0.418251 -0.55188 0.530854 -130.05 8.00894 -717.59
database/img_03139_c0_1303398747314121us_rect.jpg 0.487885 0.41935 -0.55195 0.530533 -131.204 9.27331 -718.207
database/img_03140_c0_1303398747380871us_rect.jpg 0.487488 0.419874 -0.552014 0.530417 -131.671 9.90612 -718.531
database/img_03141_c0_1303398747447495us_rect.jpg 0.487224 0.420445 -0.552091 0.530127 -132.373 10.673 -718.821
database/img_03142_c0_1303398747580872us_rect.jpg 0.486993 0.421088 -0.551775 0.530158 -133.604 10.8131 -719.448
database/img_03143_c0_1303398747647496us_rect.jpg 0.486933 0.42103 -0.551732 0.530303 -133.811 10.6303 -719.841
database/img_03144_c0_1303398747714123us_rect.jpg 0.486741 0.421322 -0.551524 0.530464 -134.297 10.5438 -720.184
database/img_03145_c0_1303398747780873us_rect.jpg 0.48638 0.421958 -0.551237 0.530588 -134.994 10.6876 -720.488
database/img_03146_c0_1303398747914150us_rect.jpg 0.485651 0.423091 -0.550758 0.530851 -136.207 10.9675 -721.139
database/img_03147_c0_1303398747980878us_rect.jpg 0.485225 0.423607 -0.550371 0.531231 -136.681 10.7481 -721.491
database/img_03148_c0_1303398748047501us_rect.jpg 0.484927 0.423817 -0.550246 0.531464 -136.927 10.6682 -721.892
database/img_03149_c0_1303398748114125us_rect.jpg 0.484471 0.424222 -0.55021 0.531594 -137.196 10.943 -722.278
database/img_03150_c0_1303398748247502us_rect.jpg 0.48351 0.425541 -0.549905 0.531731 -138.342 11.6985 -722.952
database/img_03151_c0_1303398748314127us_rect.jpg 0.483387 0.425569 -0.549922 0.531803 -138.585 11.7113 -723.36
database/img_03152_c0_1303398748380876us_rect.jpg 0.483258 0.425519 -0.550047 0.53183 -138.713 11.8233 -723.787
database/img_03153_c0_1303398748447501us_rect.jpg 0.482973 0.425538 -0.550257 0.531857 -138.709 12.1234 -724.237
database/img_03154_c0_1303398748580874us_rect.jpg 0.48237 0.425691 -0.550554 0.531975 -138.824 12.6315 -725.128
database/img_03155_c0_1303398748781045us_rect.jpg 0.482508 0.425085 -0.550245 0.532652 -139.41 11.3106 -726.437
database/img_03156_c0_1303398748847501us_rect.jpg 0.482552 0.425121 -0.550012 0.532826 -139.917 10.9334 -726.812
database/img_03157_c0_1303398748914127us_rect.jpg 0.482596 0.425026 -0.549914 0.532962 -140.251 10.6411 -727.216
database/img_03158_c0_1303398749047514us_rect.jpg 0.482741 0.424563 -0.549954 0.533159 -140.627 10.1615 -728.09
database/img_03159_c0_1303398749114133us_rect.jpg 0.482895 0.424271 -0.549965 0.53324 -140.851 9.85467 -728.525
database/img_03160_c0_1303398749180879us_rect.jpg 0.482996 0.424076 -0.550005 0.533262 -141.125 9.70817 -728.95
database/img_03161_c0_1303398749247502us_rect.jpg 0.48301 0.424199 -0.549936 0.533223 -141.698 9.73567 -729.312
database/img_03162_c0_1303398749380883us_rect.jpg 0.48348 0.423619 -0.54991 0.533286 -142.381 9.09882 -730.15
database/img_03163_c0_1303398749447506us_rect.jpg 0.48374 0.423118 -0.54978 0.533581 -142.499 8.30152 -730.619
database/img_03164_c0_1303398749514133us_rect.jpg 0.483919 0.422763 -0.549458 0.534032 -142.708 7.30008 -731.074
database/img_03165_c0_1303398749580883us_rect.jpg 0.48417 0.422519 -0.549046 0.53442 -143.168 6.3064 -731.475
database/img_03166_c0_1303398749714158us_rect.jpg 0.484625 0.42241 -0.547791 0.535382 -144.55 3.97787 -732.185
database/img_03167_c0_1303398749780883us_rect.jpg 0.484958 0.421954 -0.547412 0.535827 -144.848 2.80017 -732.619
database/img_03168_c0_1303398749847509us_rect.jpg 0.485057 0.421944 -0.547111 0.536053 -145.396 2.25245 -733.007
database/img_03169_c0_1303398749914134us_rect.jpg 0.484882 0.422524 -0.546772 0.5361 -146.327 2.29167 -733.315
database/img_03170_c0_1303398750047535us_rect.jpg 0.484645 0.423337 -0.546187 0.536269 -147.895 2.14187 -733.993
database/img_02749_c1_1303398711513970us_rect.jpg 0.133144 0.122548 -0.727315 0.662018 497.008 49.1113 -321.775
database/img_02750_c1_1303398711647349us_rect.jpg 0.125267 0.116055 -0.728329 0.663609 504.546 49.4394 -312.469
database/img_02751_c1_1303398711713977us_rect.jpg 0.122092 0.109894 -0.730675 0.662669 509.39 47.756 -306.123
database/img_02752_c1_1303398711780723us_rect.jpg 0.118784 0.104255 -0.732853 0.661776 513.939 46.4867 -299.994
database/img_02753_c1_1303398711847346us_rect.jpg 0.115432 0.098781 -0.733864 0.662089 518.309 44.6345 -294.055
database/img_02754_c1_1303398711980725us_rect.jpg 0.111058 0.084724 -0.732506 0.666275 527.197 34.5049 -282.097
database/img_02755_c1_1303398712047348us_rect.jpg 0.106822 0.079796 -0.731895 0.668245 531.346 32.8046 -275.86
database/img_02756_c1_1303398712180727us_rect.jpg 0.09277 0.073657 -0.73325 0.669562 539.861 38.299 -261.14
database/img_02757_c1_1303398712247373us_rect.jpg 0.085184 0.070812 -0.733753 0.670325 544.016 41.6229 -253.415
database/img_02758_c1_1303398712313974us_rect.jpg 0.078053 0.067222 -0.73382 0.671489 548.178 43.7659 -245.512
database/img_02759_c1_1303398712380726us_rect.jpg 0.072478 0.061734 -0.733622 0.672856 552.474 43.0034 -237.459
database/img_02760_c1_1303398712513996us_rect.jpg 0.06264 0.049311 -0.734172 0.674267 560.844 39.8386 -221.012
database/img_02761_c1_1303398712580726us_rect.jpg 0.056988 0.044326 -0.735695 0.673454 564.611 40.547 -212.853
database/img_02762_c1_1303398712647351us_rect.jpg 0.050269 0.040188 -0.737535 0.672235 568.232 42.9679 -204.329
database/img_02763_c1_1303398712780732us_rect.jpg 0.039185 0.028842 -0.738205 0.67282 575.478 41.8671 -187.151
database/img_02764_c1_1303398712847376us_rect.jpg 0.034373 0.021865 -0.737033 0.674628 579.116 38.9375 -178.27
database/img_02765_c1_1303398712913978us_rect.jpg 0.029411 0.014656 -0.735469 0.676762 582.687 35.8 -169.042
database/img_02766_c1_1303398713047356us_rect.jpg 0.018747 0.003616 -0.733046 0.679911 588.597 33.5378 -152.351
database/img_02767_c1_1303398713180730us_rect.jpg 0.008949 -0.00635 -0.733857 0.679215 593.613 33.002 -136.696
database/img_02768_c1_1303398713247355us_rect.jpg 0.004618 -0.011458 -0.735317 0.677611 595.903 32.5865 -129.094
database/img_02769_c1_1303398713380735us_rect.jpg 0.004365 0.020198 0.737052 -0.675521 599.919 32.8087 -114.842
database/img_02770_c1_1303398713447357us_rect.jpg 0.008876 0.024042 0.737537 -0.67482 601.693 33.2472 -108.13
database/img_02771_c1_1303398713513981us_rect.jpg 0.013084 0.027404 0.737967 -0.674153 603.267 33.8452 -102.058
database/img_02772_c1_1303398713580732us_rect.jpg 0.016719 0.030314 0.738058 -0.673848 604.637 34.2573 -96.8931
database/img_02773_c1_1303398713713988us_rect.jpg 0.021309 0.03594 0.737894 -0.673622 606.974 32.9548 -89.1226
database/img_02774_c1_1303398713780733us_rect.jpg 0.022327 0.038969 0.738185 -0.673102 608.029 31.1907 -86.1532
database/img_02775_c1_1303398713847359us_rect.jpg 0.022484 0.042399 0.738779 -0.672237 609.047 28.4619 -83.593
database/img_02776_c1_1303398713980758us_rect.jpg 0.022213 0.047078 0.740034 -0.670552 610.658 24.4656 -80.8124
database/img_02777_c1_1303398714047360us_rect.jpg 0.02242 0.048624 0.740523 -0.669895 611.368 23.4025 -79.7862
database/img_02778_c1_1303398714113985us_rect.jpg 0.022784 0.049366 0.740896 -0.669415 611.976 23.1476 -79.2881
database/img_02779_c1_1303398714247386us_rect.jpg 0.024769 0.04943 0.741262 -0.668935 613.111 24.81 -78.3786
database/img_02780_c1_1303398714313986us_rect.jpg 0.025943 0.04878 0.740932 -0.669304 613.595 26.2343 -78.3835
database/img_02781_c1_1303398714380737us_rect.jpg 0.027126 0.048105 0.740442 -0.669848 614.074 27.6356 -78.4128
database/img_02782_c1_1303398714514024us_rect.jpg 0.029232 0.047233 0.739657 -0.670688 615.079 29.8687 -78.3046
database/img_02783_c1_1303398714580737us_rect.jpg 0.0297 0.047296 0.739369 -0.67098 615.608 30.0891 -78.3614
database/img_02784_c1_1303398714647363us_rect.jpg 0.029937 0.047552 0.73898 -0.67138 616.15 29.9123 -78.4778
database/img_02785_c1_1303398714780932us_rect.jpg 0.030882 0.047817 0.738551 -0.67179 617.239 30.2861 -78.4533
database/img_02786_c1_1303398714847387us_rect.jpg 0.031497 0.047429 0.738378 -0.67198 617.717 31.0708 -78.7489
database/img_02787_c1_1303398714913989us_rect.jpg 0.03244 0.047054 0.73802 -0.672354 618.222 32.0597 -78.746
database/img_02788_c1_1303398715048342us_rect.jpg 0.03409 0.046377 0.737057 -0.673375 619.23 33.6905 -78.9465
database/img_02789_c1_1303398715114002us_rect.jpg 0.034521 0.046786 0.736888 -0.67351 619.821 33.6142 -78.7392
database/img_02790_c1_1303398715180740us_rect.jpg 0.035052 0.04771 0.736804 -0.673509 620.497 33.1866 -77.993
database/img_02791_c1_1303398715247365us_rect.jpg 0.035084 0.048429 0.736981 -0.673263 621.105 32.6115 -77.8511
database/img_02792_c1_1303398715380769us_rect.jpg 0.034447 0.049624 0.737887 -0.672216 622.234 31.2817 -78.3546
database/img_02793_c1_1303398715447366us_rect.jpg 0.034076 0.04973 0.738369 -0.671697 622.719 31.0273 -79.0727
database/img_02794_c1_1303398715513992us_rect.jpg 0.034173 0.050219 0.738873 -0.671101 623.3 30.8284 -79.0283
database/img_02795_c1_1303398715647392us_rect.jpg 0.035061 0.051422 0.738557 -0.671312 624.559 30.349 -78.2617
database/img_02796_c1_1303398715713993us_rect.jpg 0.03619 0.05132 0.737595 -0.672317 625.139 31.0451 -77.9385
database/img_02797_c1_1303398715780743us_rect.jpg 0.037475 0.050276 0.736302 -0.673741 625.586 32.6149 -78.3078
database/img_02798_c1_1303398715913998us_rect.jpg 0.039851 0.048423 0.734451 -0.675758 626.49 35.6359 -78.9574
database/img_02799_c1_1303398716047395us_rect.jpg 0.041026 0.048334 0.734684 -0.67544 627.571 36.7736 -78.9643
database/img_02800_c1_1303398716113995us_rect.jpg 0.0416 0.048329 0.735007 -0.675055 628.122 37.3693 -78.9255
database/img_02801_c1_1303398716247373us_rect.jpg 0.042925 0.048302 0.73521 -0.674752 629.222 38.5768 -78.7425
database/img_02802_c1_1303398716314018us_rect.jpg 0.043868 0.048327 0.735289 -0.674604 629.797 39.3792 -78.3548
database/img_02803_c1_1303398716380747us_rect.jpg 0.044889 0.048564 0.735575 -0.674208 630.404 40.1266 -77.6873
database/img_02804_c1_1303398716514932us_rect.jpg 0.046536 0.048335 0.736677 -0.672907 631.465 42.118 -77.2484
database/img_02805_c1_1303398716580771us_rect.jpg 0.046876 0.048402 0.737111 -0.672405 631.999 42.4914 -77.3412
database/img_02806_c1_1303398716647373us_rect.jpg 0.046716 0.049008 0.737219 -0.672253 632.589 41.8288 -77.47
database/img_02807_c1_1303398716713999us_rect.jpg 0.046185 0.050118 0.737426 -0.67198 633.236 40.4231 -77.503
database/img_02808_c1_1303398716847402us_rect.jpg 0.045338 0.051454 0.737209 -0.672175 634.398 38.3717 -78.206
database/img_02809_c1_1303398716914000us_rect.jpg 0.045202 0.051816 0.736905 -0.67249 634.946 37.8016 -78.5732
database/img_02810_c1_1303398717047376us_rect.jpg 0.045524 0.051425 0.736536 -0.672902 635.9 38.2814 -79.6778
database/img_02811_c1_1303398717114001us_rect.jpg 0.045819 0.051118 0.736498 -0.672948 636.367 38.7942 -80.1835
database/img_02812_c1_1303398717180751us_rect.jpg 0.046203 0.050572 0.736441 -0.673025 636.796 39.5977 -80.8161
database/img_02813_c1_1303398717314007us_rect.jpg 0.046143 0.05071 0.736298 -0.673175 637.799 39.349 -81.7874
database/img_02814_c1_1303398717380752us_rect.jpg 0.04614 0.050631 0.736371 -0.673101 638.277 39.4396 -82.3594
database/img_02815_c1_1303398717447378us_rect.jpg 0.045864 0.050829 0.736356 -0.673121 638.776 39.0043 -82.9564
database/img_02816_c1_1303398717580756us_rect.jpg 0.045537 0.051371 0.737047 -0.672345 639.81 38.4675 -83.7083
database/img_02817_c1_1303398717647378us_rect.jpg 0.045463 0.051679 0.737469 -0.671864 640.338 38.2719 -83.9586
database/img_02818_c1_1303398717714003us_rect.jpg 0.045191 0.051764 0.73766 -0.671667 640.813 38.0249 -84.6116
database/img_02819_c1_1303398717847382us_rect.jpg 0.044507 0.052297 0.737516 -0.671829 641.804 36.8715 -85.7933
database/img_02820_c1_1303398717914006us_rect.jpg 0.044346 0.05269 0.737335 -0.672008 642.335 36.2902 -86.1162
database/img_02821_c1_1303398717980755us_rect.jpg 0.044174 0.053152 0.737157 -0.672178 642.871 35.6371 -86.3805
database/img_02822_c1_1303398718114218us_rect.jpg 0.04405 0.052951 0.736975 -0.672401 643.762 35.6341 -87.661
database/img_02823_c1_1303398718180757us_rect.jpg 0.044055 0.053127 0.737197 -0.672144 644.257 35.5582 -87.9492
database/img_02824_c1_1303398718247382us_rect.jpg 0.043988 0.053367 0.737601 -0.671685 644.75 35.4298 -88.2321
database/img_02825_c1_1303398718314007us_rect.jpg 0.043856 0.053723 0.738086 -0.671133 645.256 35.169 -88.4611
database/img_02826_c1_1303398718447408us_rect.jpg 0.043586 0.054095 0.738501 -0.670664 646.202 34.7441 -89.2842
database/img_02827_c1_1303398718514008us_rect.jpg 0.043292 0.054287 0.738596 -0.670563 646.656 34.3408 -89.8535
database/img_02828_c1_1303398718647406us_rect.jpg 0.042889 0.055801 0.73828 -0.670813 647.77 32.4376 -89.8697
database/img_02829_c1_1303398718714009us_rect.jpg 0.042947 0.056438 0.737819 -0.671263 648.326 31.702 -89.7574
database/img_02830_c1_1303398718847385us_rect.jpg 0.044056 0.056358 0.737273 -0.671798 649.295 32.5178 -89.7338
database/img_02831_c1_1303398718914011us_rect.jpg 0.044681 0.056856 0.737301 -0.671683 649.868 32.6067 -89.1385
database/img_02832_c1_1303398718980761us_rect.jpg 0.045526 0.05734 0.737275 -0.671614 650.459 32.8815 -88.3399
database/img_02833_c1_1303398719114011us_rect.jpg 0.046909 0.057598 0.736979 -0.671821 651.482 33.7294 -87.703
database/img_02834_c1_1303398719180762us_rect.jpg 0.047397 0.058292 0.736627 -0.672113 652.068 33.3635 -87.0955
database/img_02835_c1_1303398719314036us_rect.jpg 0.048628 0.059297 0.735805 -0.672838 653.188 33.1655 -85.9803
database/img_02836_c1_1303398719380763us_rect.jpg 0.04919 0.060002 0.73545 -0.673122 653.767 32.854 -85.2799
database/img_02837_c1_1303398719447388us_rect.jpg 0.049629 0.060619 0.735473 -0.67301 654.32 32.6686 -84.7256
database/img_02838_c1_1303398719580788us_rect.jpg 0.05057 0.061456 0.736437 -0.671808 655.351 33.0941 -83.8039
database/img_02839_c1_1303398719647393us_rect.jpg 0.050657 0.061648 0.736784 -0.671403 655.794 33.1267 -83.9276
database/img_02840_c1_1303398719714014us_rect.jpg 0.050718 0.061711 0.737045 -0.671106 656.212 33.223 -84.1995
database/img_02841_c1_1303398719780765us_rect.jpg 0.050687 0.062142 0.737013 -0.671105 656.681 32.7709 -84.2627
database/img_02842_c1_1303398719914024us_rect.jpg 0.050659 0.062837 0.736682 -0.671405 657.587 31.9478 -84.5287
database/img_02843_c1_1303398719980766us_rect.jpg 0.050996 0.063014 0.736143 -0.671954 658.042 31.8552 -84.5097
database/img_02844_c1_1303398720047391us_rect.jpg 0.051306 0.062734 0.735759 -0.672377 658.418 32.2339 -84.9094
database/img_02845_c1_1303398720180792us_rect.jpg 0.051672 0.06169 0.735996 -0.672186 659.054 33.6349 -86.2741
database/img_02846_c1_1303398720247394us_rect.jpg 0.051541 0.061496 0.736403 -0.671768 659.394 33.8693 -86.9227
database/img_02847_c1_1303398720380770us_rect.jpg 0.050824 0.062176 0.73724 -0.670841 660.204 32.9263 -87.702
database/img_02848_c1_1303398720580823us_rect.jpg 0.049811 0.062685 0.738087 -0.669939 661.32 31.8862 -89.311
database/img_02849_c1_1303398720847395us_rect.jpg 0.049382 0.062146 0.738842 -0.669187 662.658 32.3377 -91.6643
database/img_02850_c1_1303398721047400us_rect.jpg 0.049511 0.061547 0.738933 -0.669132 663.657 33.0547 -93.1891
database/img_02851_c1_1303398721180794us_rect.jpg 0.049299 0.061625 0.73888 -0.6692 664.371 32.7603 -94.0738
database/img_02852_c1_1303398721247397us_rect.jpg 0.049131 0.061314 0.73872 -0.669417 664.653 32.8316 -94.9101
database/img_02853_c1_1303398721314022us_rect.jpg 0.049008 0.061227 0.738593 -0.669574 664.977 32.7452 -95.4835
database/img_02855_c1_1303398721514049us_rect.jpg 0.049151 0.060438 0.738249 -0.670014 665.891 33.4644 -97.1786
database/img_02856_c1_1303398721580774us_rect.jpg 0.049071 0.060346 0.738311 -0.669961 666.211 33.5034 -97.6925
database/img_02857_c1_1303398721647399us_rect.jpg 0.048887 0.060209 0.738228 -0.670078 666.508 33.4282 -98.3609
database/img_02858_c1_1303398721780802us_rect.jpg 0.04865 0.05968 0.738259 -0.670108 667.06 33.7282 -99.7731
database/img_02860_c1_1303398721914026us_rect.jpg 0.048409 0.059608 0.7382 -0.670197 667.688 33.5444 -100.775
database/img_02861_c1_1303398722047427us_rect.jpg 0.048698 0.059189 0.738212 -0.6702 668.302 34.2049 -101.546
database/img_02862_c1_1303398722114034us_rect.jpg 0.048808 0.059102 0.73797 -0.670466 668.624 34.2743 -101.881
database/img_02864_c1_1303398722314030us_rect.jpg 0.048671 0.058221 0.73757 -0.670994 669.41 34.8026 -103.876
database/img_02865_c1_1303398722514029us_rect.jpg 0.048472 0.057928 0.737401 -0.671219 670.28 34.8169 -105.339
database/img_02866_c1_1303398722714037us_rect.jpg 0.048599 0.057254 0.737495 -0.671164 671.083 35.6116 -106.779
database/img_02868_c1_1303398722914056us_rect.jpg 0.0483 0.056132 0.737551 -0.671219 671.724 36.4386 -109.029
database/img_02869_c1_1303398722980784us_rect.jpg 0.047888 0.056032 0.737429 -0.671391 671.95 36.1013 -109.849
database/img_02871_c1_1303398723180788us_rect.jpg 0.047671 0.055257 0.737592 -0.671291 672.637 36.7189 -111.662
database/img_02872_c1_1303398723247410us_rect.jpg 0.047588 0.055105 0.737551 -0.671355 672.882 36.7667 -112.185
database/img_02874_c1_1303398723447439us_rect.jpg 0.047454 0.054869 0.737725 -0.671193 673.657 36.9503 -113.381
database/img_02876_c1_1303398723580785us_rect.jpg 0.04811 0.055224 0.737586 -0.67127 674.358 37.131 -112.981
database/img_02877_c1_1303398723714041us_rect.jpg 0.048947 0.054525 0.737487 -0.671374 674.846 38.5168 -113.355
database/img_02878_c1_1303398723780810us_rect.jpg 0.049159 0.054673 0.737655 -0.671163 675.167 38.647 -113.254
database/img_02879_c1_1303398723914038us_rect.jpg 0.049501 0.055141 0.737773 -0.67097 675.825 38.5579 -113.007
database/img_02880_c1_1303398724047443us_rect.jpg 0.050072 0.054789 0.737937 -0.670776 676.323 39.4951 -113.265
database/img_02882_c1_1303398724180789us_rect.jpg 0.050783 0.054702 0.737892 -0.670779 676.882 40.2044 -113.145
database/img_02884_c1_1303398724380795us_rect.jpg 0.051509 0.054281 0.738143 -0.670481 677.59 41.3979 -113.513
database/img_02886_c1_1303398724514040us_rect.jpg 0.051574 0.05466 0.738292 -0.670282 678.135 41.1601 -113.551
database/img_02887_c1_1303398724647440us_rect.jpg 0.051446 0.054485 0.73831 -0.670286 678.522 41.2214 -114.297
database/img_02889_c1_1303398724780791us_rect.jpg 0.051385 0.054629 0.738622 -0.669935 678.966 41.1779 -114.621
database/img_02890_c1_1303398724914068us_rect.jpg 0.051405 0.054692 0.738565 -0.669991 679.387 41.1055 -114.97
database/img_02892_c1_1303398725047419us_rect.jpg 0.051261 0.054207 0.738235 -0.670405 679.657 41.282 -116.009
database/img_02893_c1_1303398725180820us_rect.jpg 0.050905 0.054364 0.738618 -0.669998 680.022 40.9917 -116.559
database/img_02895_c1_1303398725314044us_rect.jpg 0.050742 0.054854 0.73841 -0.670199 680.47 40.2604 -116.669
database/img_02897_c1_1303398725514048us_rect.jpg 0.050268 0.054595 0.738087 -0.670612 680.876 39.913 -117.969
database/img_02899_c1_1303398725647421us_rect.jpg 0.049875 0.054856 0.738502 -0.670163 681.209 39.5049 -118.407
database/img_02900_c1_1303398725780798us_rect.jpg 0.049997 0.055038 0.738651 -0.669974 681.577 39.5134 -118.42
database/img_02903_c1_1303398726047425us_rect.jpg 0.049438 0.054562 0.738763 -0.669931 681.997 39.5201 -120.031
database/img_02905_c1_1303398726180799us_rect.jpg 0.049279 0.054545 0.739256 -0.669401 682.25 39.6404 -120.43
database/img_02907_c1_1303398726380804us_rect.jpg 0.048693 0.054767 0.739319 -0.669356 682.613 38.9148 -121.214
database/img_02910_c1_1303398726647429us_rect.jpg 0.048092 0.054449 0.739471 -0.669257 682.941 38.7481 -122.598
database/img_02913_c1_1303398726847428us_rect.jpg 0.047721 0.054168 0.739902 -0.66883 683.153 38.9031 -123.515
database/img_02916_c1_1303398727114054us_rect.jpg 0.047652 0.053556 0.740418 -0.668313 683.389 39.7047 -124.479
database/img_02920_c1_1303398727447431us_rect.jpg 0.046153 0.054075 0.740742 -0.668017 683.699 37.9856 -125.897
database/img_02924_c1_1303398727847433us_rect.jpg 0.045537 0.053063 0.740877 -0.667991 683.762 38.4859 -127.835
database/img_02927_c1_1303398728514065us_rect.jpg 0.044226 0.052763 0.740665 -0.668337 683.902 37.4627 -129.885
database/img_03044_c1_1303398738980868us_rect.jpg 0.038835 0.05759 0.736527 -0.672832 684.557 25.5779 -131.775
database/img_03050_c1_1303398739514121us_rect.jpg 0.037685 0.058321 0.735677 -0.673764 684.907 23.3409 -132.743
database/img_03054_c1_1303398739847497us_rect.jpg 0.037536 0.058428 0.735751 -0.673682 685.275 23.1254 -133.171
database/img_03057_c1_1303398740114124us_rect.jpg 0.037793 0.058175 0.735189 -0.674303 685.631 23.2976 -133.583
database/img_03060_c1_1303398740380878us_rect.jpg 0.038141 0.058098 0.735473 -0.67398 686.094 23.8331 -133.712
database/img_03063_c1_1303398740647526us_rect.jpg 0.039355 0.058019 0.735167 -0.674251 686.75 24.8574 -133.074
database/img_03065_c1_1303398740847506us_rect.jpg 0.040596 0.058467 0.734434 -0.674938 687.434 25.1668 -131.868
database/img_03067_c1_1303398740980878us_rect.jpg 0.041285 0.059082 0.734198 -0.675099 687.949 25.0726 -130.894
database/img_03069_c1_1303398741180921us_rect.jpg 0.042309 0.06062 0.734446 -0.674629 688.868 24.6385 -128.822
database/img_03071_c1_1303398741380905us_rect.jpg 0.044408 0.06121 0.733867 -0.675071 689.776 25.6953 -126.66
database/img_03073_c1_1303398741514131us_rect.jpg 0.045888 0.061289 0.733331 -0.675547 690.336 26.71 -125.462
database/img_03074_c1_1303398741647509us_rect.jpg 0.046414 0.061872 0.733643 -0.675119 690.864 26.7839 -124.683
database/img_03076_c1_1303398741780882us_rect.jpg 0.046362 0.063066 0.734231 -0.674372 691.441 25.8623 -123.893
database/img_03078_c1_1303398741980889us_rect.jpg 0.045895 0.064042 0.733279 -0.675348 692.099 23.9488 -124.086
database/img_03080_c1_1303398742114134us_rect.jpg 0.045542 0.063026 0.732699 -0.676096 692.198 24.2984 -125.845
database/img_03082_c1_1303398742314160us_rect.jpg 0.04522 0.063095 0.733186 -0.675583 692.727 24.1675 -126.64
database/img_03083_c1_1303398742380886us_rect.jpg 0.045325 0.062281 0.733384 -0.675437 692.764 25.166 -127.487
database/img_03085_c1_1303398742514138us_rect.jpg 0.045212 0.060973 0.733485 -0.675453 692.855 26.3897 -129.237
database/img_03086_c1_1303398742647537us_rect.jpg 0.043954 0.061891 0.733889 -0.675014 693.247 24.5121 -130.018
database/img_03088_c1_1303398742780889us_rect.jpg 0.042945 0.061888 0.733378 -0.675635 693.491 23.2809 -131.53
database/img_03089_c1_1303398742914282us_rect.jpg 0.041755 0.061778 0.732364 -0.676818 693.685 21.7122 -133.387
database/img_03090_c1_1303398742980891us_rect.jpg 0.041003 0.061703 0.732357 -0.676878 693.754 21.0695 -134.451
database/img_03092_c1_1303398743114141us_rect.jpg 0.039487 0.062555 0.732608 -0.676619 694.11 18.9277 -135.621
database/img_03093_c1_1303398743247519us_rect.jpg 0.038771 0.062569 0.731943 -0.677378 694.43 17.8601 -136.864
database/img_03094_c1_1303398743314164us_rect.jpg 0.038501 0.061653 0.731451 -0.678009 694.41 18.2287 -138.294
database/img_03095_c1_1303398743447518us_rect.jpg 0.03812 0.06027 0.731666 -0.677922 694.504 19.3367 -140.462
database/img_03096_c1_1303398743580916us_rect.jpg 0.037917 0.059459 0.731996 -0.677649 694.76 20.1125 -141.904
database/img_03097_c1_1303398743647517us_rect.jpg 0.03769 0.05879 0.731868 -0.677859 694.806 20.4807 -143.031
database/img_03099_c1_1303398743847524us_rect.jpg 0.037613 0.056965 0.731475 -0.678442 695.109 21.9672 -145.646
database/img_03101_c1_1303398743980895us_rect.jpg 0.038449 0.055493 0.730288 -0.679795 695.424 23.5214 -146.83
database/img_03102_c1_1303398744114149us_rect.jpg 0.03946 0.054684 0.729651 -0.680487 695.93 24.8986 -147.164
database/img_03103_c1_1303398744180897us_rect.jpg 0.040103 0.055027 0.729898 -0.680157 696.388 25.3022 -146.419
database/img_03104_c1_1303398744247523us_rect.jpg 0.040554 0.055426 0.730198 -0.679775 696.823 25.4995 -145.815
database/img_03105_c1_1303398744380901us_rect.jpg 0.041201 0.055942 0.730819 -0.679026 697.587 25.9401 -145.144
database/img_03106_c1_1303398744447548us_rect.jpg 0.04134 0.056372 0.731371 -0.678388 697.982 25.9523 -144.81
database/img_03108_c1_1303398744580898us_rect.jpg 0.041445 0.057981 0.732676 -0.676835 698.915 25.1831 -143.587
database/img_03109_c1_1303398744714173us_rect.jpg 0.041435 0.058886 0.73331 -0.676071 699.673 24.6209 -143.237
database/img_03111_c1_1303398744847524us_rect.jpg 0.04137 0.060218 0.733306 -0.675962 700.525 23.2173 -142.607
database/img_03112_c1_1303398744981646us_rect.jpg 0.040603 0.061821 0.732454 -0.676788 701.313 20.3945 -142.532
database/img_03113_c1_1303398745047530us_rect.jpg 0.039677 0.063704 0.732259 -0.676879 701.843 17.5237 -141.992
database/img_03114_c1_1303398745114151us_rect.jpg 0.038977 0.065772 0.732263 -0.676717 702.445 14.7953 -141.022
database/img_03115_c1_1303398745180901us_rect.jpg 0.038467 0.066556 0.732528 -0.676383 702.807 13.6703 -141.075
database/img_03116_c1_1303398745314181us_rect.jpg 0.038049 0.065814 0.733737 -0.675168 703.162 14.6832 -142.733
database/img_03117_c1_1303398745380902us_rect.jpg 0.038085 0.065563 0.734765 -0.67407 703.415 15.5506 -143.154
database/img_03118_c1_1303398745447527us_rect.jpg 0.038335 0.065068 0.735539 -0.67326 703.661 16.7172 -143.61
database/img_03119_c1_1303398745580908us_rect.jpg 0.039293 0.064112 0.735271 -0.673589 704.237 18.4088 -144.184
database/img_03120_c1_1303398745647528us_rect.jpg 0.039746 0.063905 0.734519 -0.674402 704.581 18.6008 -144.3
database/img_03121_c1_1303398745714153us_rect.jpg 0.040159 0.063803 0.733419 -0.675584 704.941 18.4488 -144.39
database/img_03122_c1_1303398745847532us_rect.jpg 0.03985 0.063919 0.731862 -0.677278 705.523 17.1186 -145.383
database/img_03123_c1_1303398745914155us_rect.jpg 0.039371 0.064117 0.731721 -0.677439 705.785 16.3731 -146.027
database/img_03125_c1_1303398746114183us_rect.jpg 0.037491 0.06582 0.732961 -0.67604 706.749 13.5756 -147.215
database/img_03126_c1_1303398746180908us_rect.jpg 0.037243 0.066208 0.733298 -0.675651 707.108 13.1388 -147.4
database/img_03127_c1_1303398746247531us_rect.jpg 0.037359 0.066041 0.733212 -0.675754 707.413 13.357 -147.782
database/img_03128_c1_1303398746314157us_rect.jpg 0.037686 0.065736 0.732892 -0.676112 707.729 13.7779 -148.096
database/img_03129_c1_1303398746447541us_rect.jpg 0.037625 0.066019 0.732456 -0.67656 708.423 13.166 -148.591
database/img_03130_c1_1303398746514158us_rect.jpg 0.037534 0.066258 0.731959 -0.67708 708.78 12.5385 -148.831
database/img_03131_c1_1303398746580908us_rect.jpg 0.037281 0.066166 0.731847 -0.677224 709.033 12.3153 -149.53
database/img_03132_c1_1303398746714162us_rect.jpg 0.036247 0.067102 0.732536 -0.676442 709.687 10.7833 -150.329
database/img_03133_c1_1303398746780910us_rect.jpg 0.035816 0.067621 0.73294 -0.675976 710.048 10.079 -150.587
database/img_03135_c1_1303398746980939us_rect.jpg 0.034754 0.068755 0.732937 -0.675921 711.078 7.89231 -151.645
database/img_03136_c1_1303398747047560us_rect.jpg 0.034421 0.068729 0.732392 -0.676531 711.333 7.2632 -152.416
database/img_03137_c1_1303398747114161us_rect.jpg 0.034445 0.068433 0.731978 -0.677007 711.608 7.32233 -153.066
database/img_03138_c1_1303398747180911us_rect.jpg 0.03458 0.0682 0.731704 -0.67732 711.925 7.50932 -153.527
database/img_03139_c1_1303398747314188us_rect.jpg 0.035215 0.067052 0.731278 -0.677862 712.493 8.99614 -154.734
database/img_03140_c1_1303398747380913us_rect.jpg 0.035536 0.066518 0.730981 -0.678218 712.786 9.65132 -155.304
database/img_03141_c1_1303398747447538us_rect.jpg 0.035828 0.06582 0.730806 -0.678459 713.038 10.5182 -156.057
database/img_03142_c1_1303398747580941us_rect.jpg 0.035922 0.06514 0.730201 -0.679171 713.599 10.9036 -157.404
database/img_03143_c1_1303398747647563us_rect.jpg 0.036031 0.06515 0.730031 -0.679347 713.978 10.8841 -157.659
database/img_03144_c1_1303398747714165us_rect.jpg 0.036184 0.065046 0.729807 -0.679589 714.34 10.9904 -157.985
database/img_03145_c1_1303398747780914us_rect.jpg 0.03608 0.064668 0.729359 -0.680112 714.585 10.9875 -158.87
database/img_03146_c1_1303398747914171us_rect.jpg 0.036419 0.063926 0.728274 -0.681325 715.196 11.372 -160.077
database/img_03147_c1_1303398747980922us_rect.jpg 0.036516 0.063766 0.727811 -0.681829 715.538 11.3331 -160.54
database/img_03148_c1_1303398748047541us_rect.jpg 0.036736 0.063739 0.7274 -0.682259 715.943 11.308 -160.746
database/img_03149_c1_1303398748114166us_rect.jpg 0.037137 0.063417 0.727034 -0.682657 716.319 11.785 -161.051
database/img_03150_c1_1303398748247567us_rect.jpg 0.037643 0.0625 0.72605 -0.683761 716.942 12.5695 -162.266
database/img_03151_c1_1303398748314168us_rect.jpg 0.037984 0.062569 0.72582 -0.683979 717.402 12.6805 -162.24
database/img_03152_c1_1303398748380919us_rect.jpg 0.038285 0.062532 0.725694 -0.6841 717.831 12.9227 -162.355
database/img_03153_c1_1303398748447544us_rect.jpg 0.038452 0.062535 0.725688 -0.684097 718.242 13.0715 -162.56
database/img_03154_c1_1303398748580921us_rect.jpg 0.039109 0.062517 0.725528 -0.68423 719.129 13.6151 -162.675
database/img_03155_c1_1303398748781056us_rect.jpg 0.038972 0.063364 0.725374 -0.684324 720.441 12.4973 -163.162
database/img_03156_c1_1303398748847568us_rect.jpg 0.03894 0.063513 0.725196 -0.6845 720.848 12.1931 -163.454
database/img_03157_c1_1303398748914173us_rect.jpg 0.038971 0.063599 0.72512 -0.684571 721.258 12.0768 -163.741
database/img_03158_c1_1303398749048993us_rect.jpg 0.038883 0.064095 0.72524 -0.684403 722.129 11.5439 -164.127
database/img_03159_c1_1303398749114179us_rect.jpg 0.038915 0.064248 0.725279 -0.684345 722.56 11.4347 -164.338
database/img_03160_c1_1303398749180924us_rect.jpg 0.038986 0.064265 0.725328 -0.684287 722.968 11.5075 -164.644
database/img_03161_c1_1303398749247550us_rect.jpg 0.039153 0.064194 0.725168 -0.684454 723.376 11.6313 -164.954
database/img_03162_c1_1303398749380957us_rect.jpg 0.038812 0.064538 0.725344 -0.684255 724.164 11.0351 -165.77
database/img_03163_c1_1303398749447555us_rect.jpg 0.038642 0.065081 0.725407 -0.684146 724.651 10.3465 -165.806
database/img_03164_c1_1303398749514174us_rect.jpg 0.038272 0.065564 0.725282 -0.684253 725.075 9.40095 -166.13
database/img_03165_c1_1303398749580924us_rect.jpg 0.03768 0.065966 0.725171 -0.684365 725.429 8.32745 -166.766
database/img_03166_c1_1303398749714180us_rect.jpg 0.036675 0.0667 0.724441 -0.685122 726.156 6.09817 -167.96
database/img_03167_c1_1303398749780926us_rect.jpg 0.03627 0.067082 0.724355 -0.685197 726.548 5.24185 -168.421
database/img_03168_c1_1303398749847552us_rect.jpg 0.036236 0.067055 0.724077 -0.685495 726.929 5.04261 -168.918
database/img_03169_c1_1303398749914177us_rect.jpg 0.036172 0.066634 0.723738 -0.685897 727.208 5.17673 -169.847
database/img_03170_c1_1303398750047557us_rect.jpg 0.035943 0.065978 0.723078 -0.686668 727.791 5.16626 -171.621
