database/img_07488_c0_1303399139649648us_rect.jpg 0.297362 0.302768 0.663896 -0.615751 692.994 67.7631 -402.982
database/img_07489_c0_1303399139783026us_rect.jpg 0.302117 0.306062 0.661637 -0.614237 696.78 67.774 -395.559
database/img_07490_c0_1303399139849646us_rect.jpg 0.304068 0.308192 0.660698 -0.613219 698.719 67.6158 -391.709
database/img_07491_c0_1303399139916271us_rect.jpg 0.306096 0.31081 0.659411 -0.612274 701.026 66.7834 -387.258
database/img_07492_c0_1303399140049652us_rect.jpg 0.309396 0.316753 0.657089 -0.610062 705.615 64.6687 -378.255
database/img_07493_c0_1303399140116272us_rect.jpg 0.310722 0.319821 0.656135 -0.608813 707.747 63.6649 -373.918
database/img_07494_c0_1303399140183022us_rect.jpg 0.312528 0.322688 0.6549 -0.607704 709.991 62.7065 -369.291
database/img_07495_c0_1303399140316276us_rect.jpg 0.317863 0.328769 0.651863 -0.604937 715.476 61.662 -357.696
database/img_07496_c0_1303399140383025us_rect.jpg 0.321062 0.33081 0.649568 -0.604603 717.863 60.4873 -352.542
database/img_07497_c0_1303399140449649us_rect.jpg 0.324118 0.33277 0.647406 -0.604215 720.101 59.4545 -347.586
database/img_07498_c0_1303399140516275us_rect.jpg 0.326663 0.334897 0.64536 -0.603859 722.159 58.0645 -342.944
database/img_07499_c0_1303399140649676us_rect.jpg 0.331024 0.340389 0.642199 -0.60178 726.508 55.9999 -332.783
database/img_07500_c0_1303399140716277us_rect.jpg 0.332987 0.343346 0.640079 -0.601275 728.682 53.7227 -327.747
database/img_07501_c0_1303399140849680us_rect.jpg 0.335906 0.348706 0.637487 -0.599317 731.98 51.2843 -319.154
database/img_07502_c0_1303399140916301us_rect.jpg 0.337368 0.350885 0.635721 -0.599101 733.375 49.2958 -315.554
database/img_07503_c0_1303399140983028us_rect.jpg 0.338422 0.352989 0.63384 -0.599263 734.544 46.654 -312.539
database/img_07504_c0_1303399141116306us_rect.jpg 0.339551 0.355468 0.63205 -0.59905 735.396 44.2646 -309.44
database/img_07505_c0_1303399141183031us_rect.jpg 0.339769 0.356458 0.631014 -0.599429 735.504 42.4573 -308.681
database/img_07506_c0_1303399141249656us_rect.jpg 0.341594 0.357178 0.629452 -0.599607 736.212 41.5826 -306.396
database/img_07507_c0_1303399141383033us_rect.jpg 0.346397 0.357805 0.62646 -0.59961 737.665 41.6333 -301.349
database/img_07508_c0_1303399141449657us_rect.jpg 0.348341 0.359134 0.626906 -0.597219 738.657 44.5039 -297.772
database/img_07509_c0_1303399141516281us_rect.jpg 0.34971 0.360928 0.627661 -0.594538 739.61 47.1756 -294.23
database/img_07510_c0_1303399141649659us_rect.jpg 0.353761 0.364383 0.628482 -0.589143 741.956 52.8479 -285.703
database/img_07511_c0_1303399141716281us_rect.jpg 0.355836 0.366332 0.627658 -0.58756 743.282 53.488 -281.285
database/img_07512_c0_1303399141783033us_rect.jpg 0.358383 0.36816 0.626382 -0.586231 744.736 53.9106 -276.493
database/img_07513_c0_1303399141916308us_rect.jpg 0.364 0.371826 0.624509 -0.582441 747.71 56.6979 -266.015
database/img_07514_c0_1303399141983034us_rect.jpg 0.366041 0.373851 0.622892 -0.581597 749.014 55.9177 -261.569
database/img_07515_c0_1303399142049658us_rect.jpg 0.368309 0.375826 0.621091 -0.580818 750.361 55.1168 -256.889
database/img_07516_c0_1303399142183039us_rect.jpg 0.373323 0.379949 0.616992 -0.579301 753.254 53.2776 -246.748
database/img_07517_c0_1303399142249659us_rect.jpg 0.374766 0.382596 0.614529 -0.579245 754.564 50.2254 -242.294
database/img_07518_c0_1303399142383060us_rect.jpg 0.378553 0.38793 0.610863 -0.577109 757.366 47.5405 -231.877
database/img_07519_c0_1303399142449663us_rect.jpg 0.380687 0.390223 0.608973 -0.576155 758.625 46.5118 -226.822
database/img_07520_c0_1303399142516288us_rect.jpg 0.383083 0.392528 0.607025 -0.575057 759.944 45.7292 -221.387
database/img_07521_c0_1303399142649690us_rect.jpg 0.386758 0.397864 0.603517 -0.572617 762.385 43.3879 -210.844
database/img_07522_c0_1303399142716293us_rect.jpg 0.389492 0.3996 0.602509 -0.570613 763.412 44.8476 -205.491
database/img_07523_c0_1303399142783039us_rect.jpg 0.392194 0.401336 0.600908 -0.56923 764.425 45.2534 -200.243
database/img_07524_c0_1303399142849665us_rect.jpg 0.394451 0.403167 0.599184 -0.568193 765.324 44.8763 -195.457
database/img_07525_c0_1303399142983043us_rect.jpg 0.398784 0.407177 0.597059 -0.564534 767 46.2084 -185.375
database/img_07526_c0_1303399143049665us_rect.jpg 0.40046 0.409374 0.595186 -0.563736 767.792 44.8332 -180.81
database/img_07527_c0_1303399143116291us_rect.jpg 0.402478 0.411557 0.593036 -0.562974 768.654 43.4493 -175.843
database/img_07528_c0_1303399143249665us_rect.jpg 0.407885 0.414151 0.592252 -0.557984 769.774 48.8116 -165.898
database/img_07529_c0_1303399143316291us_rect.jpg 0.409931 0.416037 0.590781 -0.556639 770.412 48.7431 -161.157
database/img_07530_c0_1303399143449670us_rect.jpg 0.415669 0.420036 0.589203 -0.551026 771.917 53.1024 -148.745
database/img_07531_c0_1303399143516294us_rect.jpg 0.417896 0.422327 0.587556 -0.549346 772.614 52.9484 -143.108
database/img_07532_c0_1303399143583045us_rect.jpg 0.420316 0.424761 0.585365 -0.547961 773.387 52.145 -137.06
database/img_07533_c0_1303399143716322us_rect.jpg 0.425892 0.427903 0.581223 -0.545614 774.407 52.2965 -126.354
database/img_07534_c0_1303399143783051us_rect.jpg 0.427445 0.430437 0.578937 -0.544837 774.957 50.2278 -121.324
database/img_07535_c0_1303399143849669us_rect.jpg 0.428846 0.43336 0.576594 -0.543902 775.542 47.8254 -115.913
database/img_07536_c0_1303399143983049us_rect.jpg 0.431654 0.438591 0.573247 -0.541018 776.314 45.4002 -105.719
database/img_07537_c0_1303399144049669us_rect.jpg 0.433516 0.440643 0.571441 -0.539772 776.586 44.7051 -100.807
database/img_07538_c0_1303399144116297us_rect.jpg 0.435441 0.442861 0.568873 -0.539118 776.915 42.8529 -95.648
database/img_07541_c0_1303399144449674us_rect.jpg 0.444507 0.450799 0.553282 -0.541362 777.591 29.3725 -75.2937
database/img_07542_c0_1303399144516299us_rect.jpg 0.445725 0.452253 0.551267 -0.541203 777.514 27.7127 -72.0753
database/img_07543_c0_1303399144583048us_rect.jpg 0.446523 0.454042 0.549156 -0.541194 777.44 25.2714 -68.9605
database/img_07544_c0_1303399144716325us_rect.jpg 0.448725 0.456675 0.545949 -0.540401 777.109 23.0197 -63.1276
database/img_07545_c0_1303399144783071us_rect.jpg 0.449628 0.4577 0.54492 -0.539821 776.854 22.5611 -60.8831
database/img_07546_c0_1303399144849674us_rect.jpg 0.450342 0.45896 0.543803 -0.539283 776.612 21.6668 -58.5634
database/img_07547_c0_1303399144983053us_rect.jpg 0.451615 0.461079 0.5419 -0.538326 776.037 20.22 -54.6909
database/img_07548_c0_1303399145049674us_rect.jpg 0.452113 0.461802 0.540745 -0.538449 775.692 19.0509 -53.4855
database/img_07549_c0_1303399145116299us_rect.jpg 0.452373 0.462408 0.539783 -0.538676 775.311 17.8638 -52.7546
database/img_07550_c0_1303399145249701us_rect.jpg 0.452734 0.463855 0.538038 -0.538874 774.561 15.519 -51.1622
database/img_07551_c0_1303399145316302us_rect.jpg 0.45254 0.464908 0.537106 -0.53906 774.195 13.6809 -50.4159
database/img_07552_c0_1303399145383052us_rect.jpg 0.452553 0.465691 0.536601 -0.538876 773.806 12.8309 -49.7362
database/img_07553_c0_1303399145516329us_rect.jpg 0.454164 0.46576 0.537809 -0.536251 772.93 16.9258 -48.2343
database/img_07554_c0_1303399145583053us_rect.jpg 0.454735 0.466222 0.53791 -0.535262 772.531 17.8332 -47.2075
database/img_07555_c0_1303399145649677us_rect.jpg 0.455302 0.466792 0.538143 -0.534049 772.146 18.9176 -46.0067
database/img_07556_c0_1303399145783077us_rect.jpg 0.456691 0.467517 0.538883 -0.531475 771.299 21.9413 -43.8262
database/img_07557_c0_1303399145849681us_rect.jpg 0.457497 0.467882 0.538599 -0.530749 770.909 22.6206 -42.6279
database/img_07558_c0_1303399145983114us_rect.jpg 0.458532 0.470283 0.536003 -0.530361 770.316 19.8529 -38.6911
database/img_07559_c0_1303399146049706us_rect.jpg 0.459407 0.471089 0.535119 -0.52978 769.98 19.6592 -36.7489
database/img_07560_c0_1303399146116307us_rect.jpg 0.460487 0.471776 0.534743 -0.528609 769.62 20.5519 -34.6409
database/img_07561_c0_1303399146249711us_rect.jpg 0.464157 0.471883 0.53452 -0.525522 768.809 25.4522 -30.1389
database/img_07562_c0_1303399146316332us_rect.jpg 0.465372 0.472112 0.533783 -0.524991 768.417 26.0557 -28.5386
database/img_07563_c0_1303399146383060us_rect.jpg 0.466477 0.472489 0.533179 -0.524284 768.02 26.6915 -26.8489
database/img_07564_c0_1303399146516319us_rect.jpg 0.468311 0.473991 0.531946 -0.522542 767.26 27.2938 -22.9183
database/img_07565_c0_1303399146583081us_rect.jpg 0.469172 0.474624 0.531516 -0.521632 766.858 27.8167 -21.1926
database/img_07566_c0_1303399146649683us_rect.jpg 0.470107 0.475342 0.530668 -0.521 766.477 27.8101 -19.2582
database/img_07567_c0_1303399146783062us_rect.jpg 0.472596 0.475905 0.530072 -0.518836 765.584 30.4464 -15.7052
database/img_07568_c0_1303399146849685us_rect.jpg 0.473397 0.476338 0.529583 -0.518207 765.149 30.8307 -14.3751
database/img_07569_c0_1303399146916310us_rect.jpg 0.473901 0.476853 0.529221 -0.517643 764.716 30.9656 -13.3409
database/img_07570_c0_1303399147049711us_rect.jpg 0.474447 0.478204 0.52867 -0.516458 763.871 30.7751 -11.4419
database/img_07571_c0_1303399147116312us_rect.jpg 0.474591 0.478972 0.528078 -0.51622 763.464 30.0106 -10.5866
database/img_07572_c0_1303399147183061us_rect.jpg 0.474986 0.4798 0.5274 -0.515781 763.054 29.4819 -9.25997
database/img_07573_c0_1303399147316338us_rect.jpg 0.476646 0.479726 0.526143 -0.515601 762.134 30.0413 -7.95233
database/img_07574_c0_1303399147383064us_rect.jpg 0.476738 0.479517 0.525791 -0.516069 761.695 29.6748 -8.62824
database/img_07575_c0_1303399147449688us_rect.jpg 0.476229 0.479308 0.526164 -0.516354 761.24 29.5106 -10.125
database/img_07576_c0_1303399147583069us_rect.jpg 0.474791 0.479739 0.525354 -0.5181 760.429 26.1736 -12.5718
database/img_07577_c0_1303399147649691us_rect.jpg 0.475129 0.479703 0.52463 -0.518556 760.003 25.5922 -12.6445
database/img_07578_c0_1303399147716315us_rect.jpg 0.475883 0.478816 0.524643 -0.518672 759.511 26.7959 -13.3442
database/img_07579_c0_1303399147849694us_rect.jpg 0.475999 0.476749 0.526186 -0.518906 758.435 29.4684 -17.1256
database/img_07580_c0_1303399147916318us_rect.jpg 0.475145 0.476411 0.527122 -0.519049 757.946 29.6669 -19.2566
database/img_07581_c0_1303399148049718us_rect.jpg 0.472312 0.476986 0.527628 -0.52059 757.086 26.2934 -23.3917
database/img_07582_c0_1303399148116342us_rect.jpg 0.471719 0.476212 0.527987 -0.521472 756.591 26.0586 -25.8352
database/img_07583_c0_1303399148183068us_rect.jpg 0.47139 0.474987 0.528729 -0.522134 756.052 26.8196 -28.5318
database/img_07584_c0_1303399148249695us_rect.jpg 0.470782 0.473651 0.530103 -0.522503 755.465 28.1417 -31.7421
database/img_07585_c0_1303399148383070us_rect.jpg 0.467712 0.47251 0.533664 -0.522669 754.278 29.2459 -38.4889
database/img_07586_c0_1303399148449696us_rect.jpg 0.465849 0.472508 0.534912 -0.523058 753.735 28.5043 -41.5173
database/img_07587_c0_1303399148516321us_rect.jpg 0.46467 0.472138 0.535737 -0.523597 753.195 28.1334 -44.1284
database/img_07588_c0_1303399148649725us_rect.jpg 0.46291 0.469588 0.537812 -0.525319 751.908 29.0538 -51.122
database/img_07589_c0_1303399148716322us_rect.jpg 0.46209 0.467718 0.53936 -0.52612 751.149 30.442 -55.3522
database/img_07590_c0_1303399148783072us_rect.jpg 0.46155 0.465922 0.540925 -0.526581 750.394 32.2474 -59.0533
database/img_07591_c0_1303399148916345us_rect.jpg 0.460515 0.46249 0.542597 -0.528789 748.917 33.6636 -66.2582
database/img_07592_c0_1303399149049698us_rect.jpg 0.458211 0.462309 0.543835 -0.529676 747.798 32.3929 -70.5621
database/img_07593_c0_1303399149116321us_rect.jpg 0.456375 0.461913 0.545051 -0.530356 747.094 31.7709 -74.0573
database/img_07594_c0_1303399149249726us_rect.jpg 0.454842 0.458451 0.547537 -0.532113 745.413 33.8059 -81.8555
database/img_07595_c0_1303399149316330us_rect.jpg 0.454711 0.456637 0.54795 -0.533359 744.643 34.4112 -85.0585
database/img_07596_c0_1303399149383074us_rect.jpg 0.454456 0.455314 0.548541 -0.534099 743.922 35.0848 -87.7057
database/img_07597_c0_1303399149516327us_rect.jpg 0.452516 0.453879 0.552074 -0.533327 742.383 38.0783 -92.9904
database/img_07598_c0_1303399149583076us_rect.jpg 0.45173 0.452943 0.554425 -0.532349 741.535 40.7845 -95.6086
database/img_07599_c0_1303399149649701us_rect.jpg 0.451234 0.451607 0.556603 -0.531631 740.64 43.6611 -98.3888
database/img_07600_c0_1303399149783986us_rect.jpg 0.448505 0.449799 0.55957 -0.532358 738.869 44.8144 -105.278
database/img_07601_c0_1303399149849701us_rect.jpg 0.446815 0.448941 0.560375 -0.533655 737.986 43.8885 -109.18
database/img_07602_c0_1303399149916326us_rect.jpg 0.445425 0.447911 0.560875 -0.535155 737.11 42.8977 -112.938
database/img_07603_c0_1303399150049706us_rect.jpg 0.441382 0.446373 0.562407 -0.538174 735.187 40.0724 -121.362
database/img_07604_c0_1303399150116328us_rect.jpg 0.439016 0.445565 0.563328 -0.539813 734.127 38.4774 -126.048
database/img_07605_c0_1303399150183076us_rect.jpg 0.437473 0.443959 0.564281 -0.541392 732.982 38.0865 -130.703
database/img_07606_c0_1303399150316355us_rect.jpg 0.43478 0.438929 0.564162 -0.547749 730.289 34.6433 -142.187
database/img_07607_c0_1303399150383081us_rect.jpg 0.433561 0.436531 0.564949 -0.549816 728.901 34.4717 -147.459
database/img_07608_c0_1303399150449706us_rect.jpg 0.432322 0.434489 0.565174 -0.552173 727.611 33.3463 -152.299
database/img_07609_c0_1303399150583107us_rect.jpg 0.428589 0.431422 0.565891 -0.556735 724.909 29.8675 -162.188
database/img_07610_c0_1303399150649706us_rect.jpg 0.426423 0.430404 0.566606 -0.558456 723.586 28.3101 -166.761
database/img_07611_c0_1303399150716330us_rect.jpg 0.42429 0.429182 0.568177 -0.559424 722.143 28.2196 -171.473
database/img_07612_c0_1303399150849733us_rect.jpg 0.42104 0.426008 0.572309 -0.560094 719.171 31.0252 -180.425
database/img_07613_c0_1303399150916333us_rect.jpg 0.419637 0.424361 0.574165 -0.560497 717.7 32.4011 -184.684
database/img_07614_c0_1303399150983084us_rect.jpg 0.418179 0.422623 0.575809 -0.561213 716.171 33.3743 -189.129
database/img_07615_c0_1303399151116359us_rect.jpg 0.41522 0.418816 0.578932 -0.563048 712.904 35.0422 -198.47
database/img_07616_c0_1303399151183086us_rect.jpg 0.413799 0.417066 0.580033 -0.564259 711.333 35.1973 -202.885
database/img_07617_c0_1303399151249710us_rect.jpg 0.412373 0.41533 0.580946 -0.565642 709.751 35.0413 -207.284
database/img_07618_c0_1303399151383084us_rect.jpg 0.410177 0.411596 0.583267 -0.567577 706.605 36.3855 -215.528
database/img_07619_c0_1303399151516365us_rect.jpg 0.407353 0.408527 0.586954 -0.568026 703.356 39.2765 -223.48
database/img_07620_c0_1303399151583108us_rect.jpg 0.406008 0.407262 0.588283 -0.568523 701.868 39.9449 -227.065
database/img_07621_c0_1303399151649712us_rect.jpg 0.40479 0.405961 0.589165 -0.569408 700.42 40.02 -230.576
database/img_07622_c0_1303399151783085us_rect.jpg 0.402282 0.402957 0.590679 -0.571745 697.297 39.6963 -238.172
database/img_07623_c0_1303399151849712us_rect.jpg 0.400974 0.401399 0.59095 -0.573478 695.703 38.6451 -242.141
database/img_07624_c0_1303399151983098us_rect.jpg 0.397341 0.399271 0.591583 -0.57683 692.493 35.489 -250.033
database/img_07625_c0_1303399152049715us_rect.jpg 0.395093 0.398463 0.59227 -0.578225 690.794 34.0447 -254.107
database/img_07626_c0_1303399152183096us_rect.jpg 0.391931 0.395417 0.594937 -0.579729 687.122 35.0102 -262.27
database/img_07627_c0_1303399152249716us_rect.jpg 0.39099 0.393093 0.596223 -0.580623 685.133 36.2011 -266.548
database/img_07628_c0_1303399152316341us_rect.jpg 0.390265 0.390265 0.597871 -0.581323 682.945 38.2929 -271.117
database/img_07629_c0_1303399152449741us_rect.jpg 0.38724 0.386969 0.599927 -0.583428 679.073 38.4451 -279.344
database/img_07630_c0_1303399152516343us_rect.jpg 0.385167 0.385468 0.601127 -0.584557 676.935 38.1976 -283.887
database/img_07631_c0_1303399152583093us_rect.jpg 0.382797 0.38417 0.60206 -0.586007 674.763 37.1593 -288.535
database/img_07632_c0_1303399152716345us_rect.jpg 0.379072 0.381338 0.60387 -0.58841 670.684 36.1874 -296.869
database/img_07633_c0_1303399152783094us_rect.jpg 0.378211 0.37926 0.604734 -0.589419 668.717 36.7821 -300.656
database/img_07634_c0_1303399152849719us_rect.jpg 0.377319 0.376825 0.606092 -0.590158 666.506 38.2202 -304.821
database/img_07635_c0_1303399152983096us_rect.jpg 0.374178 0.372714 0.609272 -0.591492 661.755 40.4227 -313.707
database/img_07636_c0_1303399153049720us_rect.jpg 0.372613 0.370907 0.610654 -0.59219 659.502 41.1744 -317.846
database/img_07637_c0_1303399153116345us_rect.jpg 0.371029 0.368997 0.612031 -0.592956 657.161 41.9145 -322.096
database/img_07638_c0_1303399153249747us_rect.jpg 0.368633 0.364432 0.614361 -0.594861 652.353 43.5114 -330.589
database/img_07639_c0_1303399153316347us_rect.jpg 0.367332 0.362597 0.615609 -0.595497 650.136 44.3534 -334.403
database/img_07640_c0_1303399153383097us_rect.jpg 0.366075 0.36069 0.616984 -0.596005 647.872 45.4851 -338.214
database/img_07641_c0_1303399153516372us_rect.jpg 0.363787 0.356275 0.620464 -0.596449 642.988 49.338 -346.118
database/img_07642_c0_1303399153583100us_rect.jpg 0.362561 0.354017 0.622052 -0.596886 640.45 50.9171 -350.202
database/img_07643_c0_1303399153649723us_rect.jpg 0.36118 0.352082 0.623307 -0.597559 638.033 51.7362 -354.112
database/img_07644_c0_1303399153783126us_rect.jpg 0.357711 0.348404 0.625401 -0.599609 632.906 51.906 -362.469
database/img_07645_c0_1303399153849724us_rect.jpg 0.355975 0.346527 0.626261 -0.600831 630.299 51.6701 -366.685
database/img_07646_c0_1303399153916350us_rect.jpg 0.35424 0.344381 0.627244 -0.602063 627.496 51.6709 -371.143
database/img_07647_c0_1303399153983100us_rect.jpg 0.352508 0.342132 0.628021 -0.603551 624.621 51.3086 -375.711
database/img_07648_c0_1303399154116350us_rect.jpg 0.347745 0.337546 0.629847 -0.606983 617.995 49.7882 -386.143
database/img_07649_c0_1303399154183102us_rect.jpg 0.345564 0.335468 0.631018 -0.608163 614.871 49.7347 -390.848
database/img_07650_c0_1303399154249727us_rect.jpg 0.343457 0.333308 0.632348 -0.609163 611.699 50.0631 -395.509
database/img_07651_c0_1303399154383126us_rect.jpg 0.340203 0.328225 0.635424 -0.610546 605.282 52.4981 -404.504
database/img_07652_c0_1303399154449728us_rect.jpg 0.338678 0.325635 0.636829 -0.611316 602.071 53.5884 -408.921
database/img_07653_c0_1303399154516355us_rect.jpg 0.336829 0.323354 0.638207 -0.612112 598.86 54.3246 -413.314
database/img_07654_c0_1303399154649728us_rect.jpg 0.33274 0.31962 0.640883 -0.613511 592.716 55.33 -421.576
database/img_07655_c0_1303399154716354us_rect.jpg 0.330449 0.318319 0.641928 -0.614332 589.887 55.0793 -425.385
database/img_07656_c0_1303399154849727us_rect.jpg 0.326265 0.315725 0.643408 -0.616356 584.468 53.8559 -432.641
database/img_07657_c0_1303399154916353us_rect.jpg 0.32438 0.314421 0.643964 -0.617437 581.868 53.1131 -436.079
database/img_07658_c0_1303399154983104us_rect.jpg 0.322831 0.312406 0.644758 -0.618441 578.929 53.1389 -439.828
database/img_07659_c0_1303399155116539us_rect.jpg 0.320204 0.30942 0.646724 -0.619255 574.046 54.368 -445.782
database/img_07660_c0_1303399155183128us_rect.jpg 0.319937 0.308385 0.647394 -0.61921 572.62 55.3727 -447.377
database/img_07661_c0_1303399155249730us_rect.jpg 0.318764 0.30783 0.648062 -0.619392 570.967 55.5527 -449.35
database/img_07662_c0_1303399155383131us_rect.jpg 0.315693 0.305054 0.649158 -0.621188 565.938 54.7785 -455.555
database/img_07663_c0_1303399155449730us_rect.jpg 0.313504 0.303253 0.649421 -0.622901 562.676 53.2634 -459.651
database/img_07664_c0_1303399155516355us_rect.jpg 0.311795 0.301378 0.649668 -0.62441 559.662 52.1601 -463.352
database/img_07665_c0_1303399155649757us_rect.jpg 0.308052 0.298941 0.649968 -0.62712 554.378 49.3533 -469.798
database/img_07666_c0_1303399155716358us_rect.jpg 0.306288 0.29776 0.650671 -0.627816 551.783 49.1139 -472.801
database/img_07667_c0_1303399155783107us_rect.jpg 0.304656 0.296178 0.65185 -0.628137 548.932 49.8995 -475.963
database/img_07668_c0_1303399155916361us_rect.jpg 0.30126 0.293153 0.654255 -0.628692 543.206 51.5002 -482.205
database/img_07669_c0_1303399155983111us_rect.jpg 0.299349 0.291784 0.654902 -0.629568 540.317 51.0684 -485.439
database/img_07670_c0_1303399156049736us_rect.jpg 0.297683 0.290141 0.655517 -0.630477 537.368 50.7856 -488.692
database/img_07671_c0_1303399156116362us_rect.jpg 0.296101 0.288104 0.656243 -0.6314 534.146 50.7892 -492.175
database/img_07672_c0_1303399156249738us_rect.jpg 0.292645 0.284071 0.657406 -0.633625 527.493 50.0142 -499.324
database/img_07673_c0_1303399156316365us_rect.jpg 0.290926 0.282152 0.65814 -0.634511 524.219 49.947 -502.75
database/img_07674_c0_1303399156450653us_rect.jpg 0.287616 0.277734 0.660364 -0.635657 517.19 51.3958 -509.822
database/img_07675_c0_1303399156516385us_rect.jpg 0.285928 0.275339 0.661516 -0.636262 513.468 52.1803 -513.498
database/img_07676_c0_1303399156583112us_rect.jpg 0.283891 0.273112 0.662814 -0.636783 509.605 52.9874 -517.26
database/img_07677_c0_1303399156716392us_rect.jpg 0.278628 0.269862 0.664516 -0.638717 501.997 52.0162 -524.779
database/img_07678_c0_1303399156783113us_rect.jpg 0.276109 0.267952 0.665093 -0.640013 498.021 51.1049 -528.671
database/img_07679_c0_1303399156849740us_rect.jpg 0.273343 0.266098 0.665723 -0.641317 493.882 50.131 -532.663
database/img_07680_c0_1303399156983119us_rect.jpg 0.268284 0.261708 0.666983 -0.643946 485.3 48.578 -540.713
database/img_07681_c0_1303399157049739us_rect.jpg 0.266091 0.259619 0.667618 -0.645042 481.327 48.1025 -544.343
database/img_07682_c0_1303399157183116us_rect.jpg 0.261816 0.255825 0.668754 -0.647128 473.755 47.019 -551.154
database/img_07683_c0_1303399157249742us_rect.jpg 0.259852 0.253954 0.669785 -0.647589 470.079 47.543 -554.321
database/img_07684_c0_1303399157383121us_rect.jpg 0.256147 0.250338 0.67218 -0.647992 462.956 49.4582 -560.271
database/img_07685_c0_1303399157449744us_rect.jpg 0.254786 0.248579 0.672966 -0.648389 459.828 49.9694 -562.879
database/img_07686_c0_1303399157516369us_rect.jpg 0.253756 0.246936 0.673733 -0.648625 457.062 50.6863 -565.156
database/img_07687_c0_1303399157649755us_rect.jpg 0.251593 0.243092 0.674604 -0.650013 450.945 50.7107 -570.237
database/img_07688_c0_1303399157716368us_rect.jpg 0.250345 0.241081 0.675347 -0.650472 447.643 51.2209 -572.889
database/img_07689_c0_1303399157783120us_rect.jpg 0.24865 0.23944 0.676307 -0.650731 444.297 51.8843 -575.532
database/img_07690_c0_1303399157916372us_rect.jpg 0.245547 0.237505 0.676774 -0.652131 439.107 50.6017 -579.836
database/img_07691_c0_1303399157983121us_rect.jpg 0.244396 0.236736 0.67657 -0.653053 437.034 49.3755 -581.618
database/img_07692_c0_1303399158116397us_rect.jpg 0.241595 0.233165 0.678722 -0.653148 430.468 51.624 -586.537
database/img_07693_c0_1303399158183123us_rect.jpg 0.240233 0.230759 0.680295 -0.652868 426.6 53.7514 -589.293
database/img_07694_c0_1303399158249749us_rect.jpg 0.238002 0.22991 0.682153 -0.652045 423.43 55.9976 -591.481
database/img_07695_c0_1303399158383147us_rect.jpg 0.231292 0.229685 0.686477 -0.649999 416.604 60.4547 -596.156
database/img_07696_c0_1303399158449749us_rect.jpg 0.229097 0.228138 0.688782 -0.648881 412.771 63.6841 -598.637
database/img_07697_c0_1303399158516374us_rect.jpg 0.229014 0.225279 0.689712 -0.648922 409.497 65.343 -600.86
database/img_07698_c0_1303399158649750us_rect.jpg 0.23307 0.216212 0.68883 -0.651494 403.396 65.4433 -605.278
database/img_07699_c0_1303399158716375us_rect.jpg 0.232438 0.2126 0.688333 -0.65343 398.997 63.7831 -608.519
database/img_07700_c0_1303399158783125us_rect.jpg 0.230304 0.210121 0.68818 -0.655147 394.393 61.9688 -611.858
database/img_07701_c0_1303399158916398us_rect.jpg 0.224518 0.208042 0.688103 -0.657894 386.591 58.147 -617.508
database/img_07488_c1_1303399139649691us_rect.jpg 0.667358 0.653626 0.260398 -0.24413 428.403 45.2945 677.428
database/img_07489_c1_1303399139783091us_rect.jpg 0.669973 0.653707 0.25696 -0.240365 422.089 48.0555 680.707
database/img_07490_c1_1303399139849713us_rect.jpg 0.671099 0.654111 0.255302 -0.237876 418.354 48.9727 682.692
database/img_07491_c1_1303399139916317us_rect.jpg 0.671761 0.655131 0.253267 -0.235363 414.244 48.6105 684.964
database/img_07492_c1_1303399140049719us_rect.jpg 0.672372 0.657791 0.249755 -0.229889 406.11 46.5843 689.45
database/img_07493_c1_1303399140116319us_rect.jpg 0.672707 0.659083 0.248035 -0.227055 401.945 45.6697 691.68
database/img_07494_c1_1303399140183070us_rect.jpg 0.673382 0.660218 0.246066 -0.223876 397.13 45.3164 694.209
database/img_07495_c1_1303399140316345us_rect.jpg 0.671745 0.66569 0.238461 -0.220798 387.627 36.3502 699.564
database/img_07496_c1_1303399140383094us_rect.jpg 0.671749 0.66743 0.234501 -0.219772 383.144 33.763 701.887
database/img_07497_c1_1303399140449695us_rect.jpg 0.672662 0.668265 0.231249 -0.21788 378.381 33.5082 704.217
database/img_07498_c1_1303399140516320us_rect.jpg 0.673031 0.669374 0.228045 -0.216712 374.423 32.2331 706.107
database/img_07499_c1_1303399140649697us_rect.jpg 0.682114 0.662991 0.23114 -0.204297 364.596 52.1979 709.495
database/img_07500_c1_1303399140716321us_rect.jpg 0.683095 0.6637 0.228791 -0.201341 359.507 52.4964 711.78
database/img_07501_c1_1303399140849700us_rect.jpg 0.682873 0.666541 0.224339 -0.197683 352.146 48.8019 715.024
database/img_07502_c1_1303399140916322us_rect.jpg 0.683259 0.667349 0.222418 -0.195789 348.67 48.2429 716.458
database/img_07503_c1_1303399140983073us_rect.jpg 0.683181 0.668398 0.220803 -0.194303 345.976 46.8998 717.556
database/img_07504_c1_1303399141116326us_rect.jpg 0.679111 0.673299 0.216769 -0.196184 345.268 35.8745 717.911
database/img_07505_c1_1303399141183073us_rect.jpg 0.678384 0.674358 0.215845 -0.19608 344.814 33.7315 717.909
database/img_07506_c1_1303399141249699us_rect.jpg 0.678589 0.674813 0.21377 -0.196075 343.263 33.0432 718.374
database/img_07507_c1_1303399141383100us_rect.jpg 0.678936 0.676159 0.208597 -0.195811 338.827 30.9726 719.944
database/img_07508_c1_1303399141449701us_rect.jpg 0.680641 0.675349 0.207824 -0.193497 335.959 33.9988 720.851
database/img_07509_c1_1303399141516326us_rect.jpg 0.682674 0.674308 0.207445 -0.190345 332.533 37.8345 721.939
database/img_07510_c1_1303399141649708us_rect.jpg 0.683732 0.675487 0.203639 -0.186441 325.356 37.5771 724.606
database/img_07511_c1_1303399141716326us_rect.jpg 0.684819 0.67565 0.201546 -0.184119 321.139 38.5812 726.116
database/img_07512_c1_1303399141783077us_rect.jpg 0.686049 0.675818 0.198866 -0.181822 316.339 39.6332 727.853
database/img_07513_c1_1303399141916329us_rect.jpg 0.691891 0.673926 0.19172 -0.174224 301.361 48.1204 733.052
database/img_07514_c1_1303399141983078us_rect.jpg 0.692723 0.674336 0.189364 -0.171896 296.811 48.5222 734.556
database/img_07515_c1_1303399142049703us_rect.jpg 0.693551 0.674762 0.186887 -0.169578 292.132 48.8791 736.076
database/img_07516_c1_1303399142183104us_rect.jpg 0.69424 0.676511 0.180616 -0.166558 283.313 47.1466 738.989
database/img_07517_c1_1303399142249704us_rect.jpg 0.694091 0.677874 0.177858 -0.164591 278.773 45.2945 740.485
database/img_07518_c1_1303399142383085us_rect.jpg 0.693513 0.680856 0.172301 -0.160582 269.574 41.0071 743.493
database/img_07519_c1_1303399142449705us_rect.jpg 0.694204 0.681418 0.169628 -0.158042 264.428 41.0804 745.003
database/img_07520_c1_1303399142516331us_rect.jpg 0.69461 0.682177 0.166889 -0.155885 259.644 40.5689 746.378
database/img_07521_c1_1303399142649711us_rect.jpg 0.692583 0.686115 0.161989 -0.152754 252.081 33.6543 748.621
database/img_07522_c1_1303399142716331us_rect.jpg 0.694089 0.685618 0.160546 -0.149646 247.508 36.0299 749.683
database/img_07523_c1_1303399142783083us_rect.jpg 0.695313 0.685349 0.158683 -0.147162 243.191 37.7074 750.647
database/img_07524_c1_1303399142849707us_rect.jpg 0.695967 0.685668 0.156219 -0.145208 238.875 37.9708 751.664
database/img_07525_c1_1303399142983110us_rect.jpg 0.6967 0.690044 0.140453 -0.13683 213.796 33.0813 758.674
database/img_07526_c1_1303399143049709us_rect.jpg 0.696475 0.691126 0.138045 -0.13495 209.601 31.5665 759.54
database/img_07527_c1_1303399143116334us_rect.jpg 0.69665 0.691867 0.135609 -0.132699 204.96 30.8971 760.466
database/img_07528_c1_1303399143249709us_rect.jpg 0.697758 0.692472 0.130716 -0.128567 196.042 31.3488 762.029
database/img_07529_c1_1303399143316335us_rect.jpg 0.697733 0.693424 0.127424 -0.126866 191.129 30.1445 762.953
database/img_07530_c1_1303399143449737us_rect.jpg 0.699403 0.693787 0.123092 -0.119765 179.429 31.766 765.033
database/img_07531_c1_1303399143516337us_rect.jpg 0.700077 0.694015 0.120524 -0.117083 174.117 32.2426 765.863
database/img_07532_c1_1303399143583086us_rect.jpg 0.700416 0.694611 0.117411 -0.11466 168.526 31.8932 766.758
database/img_07533_c1_1303399143716341us_rect.jpg 0.700553 0.696255 0.109851 -0.111299 157.673 29.9324 768.359
database/img_07534_c1_1303399143783087us_rect.jpg 0.700425 0.697218 0.107406 -0.108425 152.278 28.7387 769.105
database/img_07535_c1_1303399143849713us_rect.jpg 0.700118 0.698326 0.105297 -0.105302 146.947 27.2065 769.815
database/img_07536_c1_1303399143983114us_rect.jpg 0.699537 0.700283 0.102689 -0.098522 137.398 24.5587 770.836
database/img_07537_c1_1303399144049737us_rect.jpg 0.699484 0.700987 0.100552 -0.096072 132.828 23.7102 771.249
database/img_07538_c1_1303399144116339us_rect.jpg 0.699329 0.701809 0.097902 -0.093909 128.035 22.5869 771.671
database/img_07539_c1_1303399144249717us_rect.jpg 0.701827 0.701007 0.090362 -0.088673 114.978 26.0744 772.743
database/img_07540_c1_1303399144316341us_rect.jpg 0.701976 0.701542 0.086538 -0.087059 109.554 25.5866 773.14
database/img_07541_c1_1303399144449741us_rect.jpg 0.701958 0.70292 0.079591 -0.082608 98.0829 23.9954 773.857
database/img_07542_c1_1303399144516341us_rect.jpg 0.701849 0.703456 0.077574 -0.080866 94.4404 23.2794 773.894
database/img_07543_c1_1303399144583092us_rect.jpg 0.701392 0.704346 0.075514 -0.07901 90.6216 21.791 773.953
database/img_07544_c1_1303399144716348us_rect.jpg 0.700557 0.705837 0.071845 -0.076502 84.8155 19.2275 773.795
database/img_07545_c1_1303399144783098us_rect.jpg 0.700682 0.70597 0.07058 -0.075298 82.5825 19.2167 773.585
database/img_07546_c1_1303399144849719us_rect.jpg 0.700626 0.706273 0.069639 -0.073838 80.4038 18.8235 773.376
database/img_07547_c1_1303399144983117us_rect.jpg 0.700231 0.707145 0.067536 -0.071137 76.0617 17.4081 772.963
database/img_07548_c1_1303399145049719us_rect.jpg 0.700211 0.707341 0.066624 -0.070242 74.5665 17.1658 772.652
database/img_07549_c1_1303399145116359us_rect.jpg 0.699662 0.707975 0.065906 -0.070011 74.018 15.8623 772.276
database/img_07550_c1_1303399145249726us_rect.jpg 0.697671 0.710056 0.064405 -0.070198 73.565 11.395 771.49
database/img_07551_c1_1303399145316346us_rect.jpg 0.697267 0.710553 0.063895 -0.069642 72.8664 10.4051 771.119
database/img_07552_c1_1303399145383097us_rect.jpg 0.697025 0.710855 0.063741 -0.069129 72.5929 9.80808 770.707
database/img_07553_c1_1303399145516353us_rect.jpg 0.69804 0.71006 0.062757 -0.067954 71.1722 11.7609 769.92
database/img_07554_c1_1303399145583098us_rect.jpg 0.69887 0.709358 0.062641 -0.066847 70.2764 13.434 769.535
database/img_07555_c1_1303399145649724us_rect.jpg 0.699501 0.708862 0.06251 -0.065618 69.2233 14.6633 769.169
database/img_07556_c1_1303399145783100us_rect.jpg 0.701133 0.707552 0.061551 -0.063192 66.4172 17.8779 768.463
database/img_07557_c1_1303399145849724us_rect.jpg 0.701032 0.707714 0.059671 -0.064307 66.1518 17.5985 768.054
database/img_07558_c1_1303399145983126us_rect.jpg 0.701935 0.707333 0.058026 -0.060001 60.522 19.0138 767.615
database/img_07559_c1_1303399146049727us_rect.jpg 0.70212 0.707355 0.056557 -0.058973 58.2698 19.1894 767.354
database/img_07560_c1_1303399146116350us_rect.jpg 0.702526 0.707162 0.055097 -0.057823 55.8901 19.8392 767.081
database/img_07561_c1_1303399146249731us_rect.jpg 0.703275 0.706915 0.051344 -0.055129 49.8695 20.9256 766.619
database/img_07562_c1_1303399146316353us_rect.jpg 0.704096 0.706241 0.050484 -0.054072 48.2259 22.5451 766.247
database/img_07563_c1_1303399146383102us_rect.jpg 0.704583 0.705896 0.049653 -0.052984 46.5737 23.442 765.89
database/img_07564_c1_1303399146516356us_rect.jpg 0.704217 0.706486 0.047894 -0.051586 44.0536 22.4061 765.214
database/img_07565_c1_1303399146583103us_rect.jpg 0.70472 0.706138 0.047259 -0.050051 42.1197 23.3136 764.858
database/img_07566_c1_1303399146649727us_rect.jpg 0.705247 0.705772 0.046217 -0.04874 40.0064 24.2739 764.506
database/img_07567_c1_1303399146783114us_rect.jpg 0.705873 0.705385 0.04438 -0.046954 36.9729 25.3617 763.767
database/img_07568_c1_1303399146849729us_rect.jpg 0.705944 0.705412 0.04315 -0.046639 35.7844 25.4189 763.374
database/img_07569_c1_1303399146916355us_rect.jpg 0.705579 0.705859 0.04218 -0.046279 34.8148 24.5511 762.998
database/img_07570_c1_1303399147049734us_rect.jpg 0.705305 0.706243 0.04206 -0.044679 33.7962 23.8106 762.189
database/img_07571_c1_1303399147116356us_rect.jpg 0.705133 0.706477 0.041228 -0.044473 33.1504 23.3773 761.774
database/img_07572_c1_1303399147183106us_rect.jpg 0.704716 0.706962 0.040292 -0.044239 32.3588 22.4185 761.392
database/img_07573_c1_1303399147316359us_rect.jpg 0.704329 0.707451 0.038011 -0.044588 31.2603 21.5211 760.562
database/img_07574_c1_1303399147383107us_rect.jpg 0.704358 0.707421 0.037764 -0.044816 31.7046 21.5833 760.089
database/img_07575_c1_1303399147449732us_rect.jpg 0.704466 0.707247 0.03876 -0.045021 33.4191 21.8591 759.557
database/img_07576_c1_1303399147583109us_rect.jpg 0.70432 0.707298 0.039282 -0.046028 35.9728 21.6375 758.549
database/img_07577_c1_1303399147649733us_rect.jpg 0.7046 0.707042 0.038459 -0.046381 35.9571 22.2226 758.091
database/img_07578_c1_1303399147716359us_rect.jpg 0.70506 0.706551 0.037821 -0.047387 36.8586 23.2559 757.578
database/img_07579_c1_1303399147849759us_rect.jpg 0.705489 0.705923 0.037755 -0.050316 40.9569 24.3742 756.417
database/img_07580_c1_1303399147916360us_rect.jpg 0.705519 0.7058 0.039037 -0.050648 43.0948 24.5087 755.867
database/img_07581_c1_1303399148049739us_rect.jpg 0.70388 0.707244 0.041438 -0.051397 47.2711 21.1626 754.843
database/img_07582_c1_1303399148116363us_rect.jpg 0.70363 0.707363 0.042315 -0.052467 49.7915 20.7461 754.264
database/img_07583_c1_1303399148183112us_rect.jpg 0.704075 0.706756 0.043416 -0.053753 52.7875 21.8435 753.599
database/img_07584_c1_1303399148249737us_rect.jpg 0.704645 0.705986 0.045066 -0.055039 56.3462 23.2452 752.881
database/img_07585_c1_1303399148383138us_rect.jpg 0.704341 0.70587 0.049215 -0.056821 63.4593 23.0092 751.48
database/img_07586_c1_1303399148449737us_rect.jpg 0.703924 0.706108 0.05132 -0.057176 66.4523 22.3136 750.825
database/img_07587_c1_1303399148516363us_rect.jpg 0.703516 0.706329 0.052925 -0.057995 69.436 21.6403 750.165
database/img_07588_c1_1303399148649743us_rect.jpg 0.703294 0.706057 0.055901 -0.061125 76.7904 21.6543 748.629
database/img_07589_c1_1303399148716364us_rect.jpg 0.703897 0.705172 0.057872 -0.062547 80.8096 23.2271 747.744
database/img_07590_c1_1303399148783115us_rect.jpg 0.704681 0.704099 0.059519 -0.064248 84.7927 25.1773 746.834
database/img_07591_c1_1303399148916369us_rect.jpg 0.704774 0.703511 0.061389 -0.067804 91.4423 25.8028 745.205
database/img_07592_c1_1303399149049768us_rect.jpg 0.703773 0.704171 0.063914 -0.069013 96.2134 24.0574 743.865
database/img_07593_c1_1303399149116367us_rect.jpg 0.703319 0.704338 0.066363 -0.069617 99.8113 23.4549 743.011
database/img_07594_c1_1303399149249747us_rect.jpg 0.703799 0.703114 0.069522 -0.073919 108.577 25.1742 740.934
database/img_07595_c1_1303399149316367us_rect.jpg 0.704169 0.702445 0.070179 -0.076109 112.058 26.1714 739.986
database/img_07596_c1_1303399149383118us_rect.jpg 0.704443 0.701929 0.071145 -0.07742 114.896 26.9635 739.133
database/img_07597_c1_1303399149516395us_rect.jpg 0.705404 0.700492 0.074739 -0.078298 120.35 29.6076 737.4
database/img_07598_c1_1303399149583124us_rect.jpg 0.706547 0.699086 0.077264 -0.078102 123.112 32.4421 736.447
database/img_07599_c1_1303399149649745us_rect.jpg 0.70768 0.697629 0.079579 -0.07855 126.346 35.2755 735.396
database/img_07600_c1_1303399149784006us_rect.jpg 0.707368 0.697226 0.083359 -0.08098 133.655 35.4492 733.329
database/img_07601_c1_1303399149849747us_rect.jpg 0.706807 0.697413 0.085163 -0.082381 137.423 34.6851 732.29
database/img_07602_c1_1303399149916371us_rect.jpg 0.706227 0.697596 0.086779 -0.084099 141.34 33.8716 731.206
database/img_07603_c1_1303399150049772us_rect.jpg 0.703731 0.699224 0.089785 -0.08825 149.736 29.4428 728.967
database/img_07604_c1_1303399150116372us_rect.jpg 0.702734 0.699682 0.092413 -0.089838 154.512 27.9983 727.66
database/img_07605_c1_1303399150183121us_rect.jpg 0.702308 0.699569 0.094362 -0.091991 159.198 27.6511 726.303
database/img_07606_c1_1303399150316378us_rect.jpg 0.703899 0.697324 0.097509 -0.093583 164.875 31.7698 724.14
database/img_07607_c1_1303399150383123us_rect.jpg 0.703587 0.697025 0.098999 -0.09655 169.973 31.61 722.599
database/img_07608_c1_1303399150449749us_rect.jpg 0.702901 0.697095 0.100132 -0.099814 175.026 30.5973 721.07
database/img_07609_c1_1303399150583130us_rect.jpg 0.700171 0.698654 0.103004 -0.105041 184.365 25.8475 718.198
database/img_07610_c1_1303399150649750us_rect.jpg 0.699066 0.699197 0.104802 -0.10699 188.663 24.0968 716.786
database/img_07611_c1_1303399150716376us_rect.jpg 0.698629 0.69908 0.107211 -0.108212 192.788 23.8861 715.345
database/img_07612_c1_1303399150849755us_rect.jpg 0.698407 0.69801 0.11187 -0.111777 202.037 24.8829 712.064
database/img_07613_c1_1303399150916376us_rect.jpg 0.698696 0.697123 0.114146 -0.113197 206.213 26.2041 710.481
database/img_07614_c1_1303399150983126us_rect.jpg 0.698911 0.696247 0.116504 -0.114848 210.705 27.4203 708.78
database/img_07615_c1_1303399151116382us_rect.jpg 0.698271 0.695456 0.120388 -0.119438 220.211 27.4596 705.217
database/img_07616_c1_1303399151183127us_rect.jpg 0.698137 0.694891 0.122217 -0.121629 224.727 27.8442 703.442
database/img_07617_c1_1303399151249753us_rect.jpg 0.697979 0.694397 0.1239 -0.123636 228.899 28.1317 701.758
database/img_07618_c1_1303399151383151us_rect.jpg 0.697807 0.693314 0.126885 -0.1276 236.823 28.8926 698.458
database/img_07619_c1_1303399151516381us_rect.jpg 0.69835 0.691479 0.131352 -0.130044 244.557 31.6365 695.036
database/img_07620_c1_1303399151583131us_rect.jpg 0.698356 0.690909 0.133242 -0.131113 247.924 32.3532 693.498
database/img_07621_c1_1303399151649755us_rect.jpg 0.698181 0.690541 0.134718 -0.132468 251.188 32.5631 692.008
database/img_07622_c1_1303399151783153us_rect.jpg 0.697424 0.68996 0.137433 -0.136627 258.969 32.1238 688.547
database/img_07623_c1_1303399151849757us_rect.jpg 0.696852 0.689886 0.138507 -0.138817 262.699 31.405 686.868
database/img_07624_c1_1303399151983139us_rect.jpg 0.694757 0.690701 0.141414 -0.142293 269.955 28.2964 683.586
database/img_07625_c1_1303399152049756us_rect.jpg 0.693826 0.690888 0.143662 -0.143667 273.954 27.302 681.74
database/img_07626_c1_1303399152183136us_rect.jpg 0.693045 0.690056 0.147862 -0.147134 282.366 27.4719 677.709
database/img_07627_c1_1303399152249757us_rect.jpg 0.69326 0.689023 0.14954 -0.149249 286.537 28.6492 675.619
database/img_07628_c1_1303399152316384us_rect.jpg 0.693773 0.687657 0.151159 -0.151518 290.793 30.4217 673.442
database/img_07629_c1_1303399152449765us_rect.jpg 0.694031 0.685715 0.154787 -0.155427 299.032 32.5695 669.166
database/img_07630_c1_1303399152516384us_rect.jpg 0.693618 0.685208 0.157095 -0.15718 303.396 32.7621 666.912
database/img_07631_c1_1303399152583135us_rect.jpg 0.692714 0.685175 0.159474 -0.158901 307.791 32.0045 664.658
database/img_07632_c1_1303399152716410us_rect.jpg 0.691113 0.684982 0.163288 -0.162787 316.117 30.54 660.288
database/img_07633_c1_1303399152783136us_rect.jpg 0.691016 0.684238 0.164753 -0.164841 319.957 31.0492 658.156
database/img_07634_c1_1303399152849762us_rect.jpg 0.691327 0.682935 0.166541 -0.167126 324.304 32.5507 655.701
database/img_07635_c1_1303399152983163us_rect.jpg 0.691506 0.680768 0.170325 -0.171357 332.836 34.7771 650.805
database/img_07636_c1_1303399153049763us_rect.jpg 0.691199 0.68008 0.172606 -0.173041 337.021 35.2818 648.378
database/img_07637_c1_1303399153116387us_rect.jpg 0.69086 0.679385 0.174902 -0.174807 341.286 35.7505 645.878
database/img_07638_c1_1303399153249769us_rect.jpg 0.69015 0.678026 0.178333 -0.179365 349.744 36.0841 640.842
database/img_07639_c1_1303399153316389us_rect.jpg 0.690042 0.677129 0.180339 -0.181153 353.73 36.9086 638.376
database/img_07640_c1_1303399153383139us_rect.jpg 0.690003 0.67611 0.182476 -0.18296 357.838 37.9527 635.801
database/img_07641_c1_1303399153516396us_rect.jpg 0.690127 0.673778 0.18647 -0.18702 366.198 40.3452 630.444
database/img_07642_c1_1303399153583140us_rect.jpg 0.690335 0.672469 0.188489 -0.188932 370.262 41.8598 627.758
database/img_07643_c1_1303399153649766us_rect.jpg 0.690129 0.671528 0.190614 -0.190886 374.454 42.6137 625.009
database/img_07644_c1_1303399153783148us_rect.jpg 0.689134 0.670405 0.194154 -0.19482 382.228 42.5811 619.879
database/img_07645_c1_1303399153849790us_rect.jpg 0.688494 0.669937 0.195966 -0.196872 386.216 42.315 617.225
database/img_07646_c1_1303399153916393us_rect.jpg 0.687974 0.669194 0.198101 -0.199064 390.596 42.4894 614.255
database/img_07647_c1_1303399153983142us_rect.jpg 0.687247 0.668642 0.199845 -0.201671 395.022 42.0352 611.26
database/img_07648_c1_1303399154116418us_rect.jpg 0.685846 0.667162 0.203876 -0.20723 404.605 41.5852 604.622
database/img_07649_c1_1303399154183145us_rect.jpg 0.685203 0.666447 0.20615 -0.2094 409.017 41.6462 601.471
database/img_07650_c1_1303399154249769us_rect.jpg 0.684731 0.665527 0.208494 -0.211538 413.435 42.1105 598.244
database/img_07651_c1_1303399154383148us_rect.jpg 0.684468 0.662842 0.213002 -0.216272 422.471 44.3301 591.419
database/img_07652_c1_1303399154449770us_rect.jpg 0.684304 0.661594 0.21516 -0.218465 426.722 45.3355 588.136
database/img_07653_c1_1303399154516396us_rect.jpg 0.683921 0.660506 0.217566 -0.220565 431.078 46.0772 584.752
database/img_07654_c1_1303399154649797us_rect.jpg 0.682356 0.659121 0.22257 -0.224527 439.691 46.1609 578.021
database/img_07655_c1_1303399154716396us_rect.jpg 0.681351 0.658859 0.224867 -0.226055 443.404 45.6614 575.092
database/img_07656_c1_1303399154849798us_rect.jpg 0.679097 0.658696 0.229089 -0.229053 450.449 43.9938 569.479
database/img_07657_c1_1303399154916421us_rect.jpg 0.678202 0.658428 0.230853 -0.230698 453.797 43.4012 566.745
database/img_07658_c1_1303399154983148us_rect.jpg 0.677663 0.657609 0.232685 -0.232768 457.551 43.5603 563.597
database/img_07659_c1_1303399155116556us_rect.jpg 0.677009 0.656121 0.23584 -0.235676 463.519 44.4029 558.432
database/img_07660_c1_1303399155183155us_rect.jpg 0.67704 0.655264 0.23688 -0.236928 465.877 45.1584 556.312
database/img_07661_c1_1303399155249775us_rect.jpg 0.67711 0.654655 0.237784 -0.237504 467.528 45.9094 554.77
database/img_07662_c1_1303399155383157us_rect.jpg 0.675564 0.65402 0.240782 -0.240616 473.519 44.9356 549.565
database/img_07663_c1_1303399155449776us_rect.jpg 0.674256 0.65389 0.242532 -0.242868 477.312 43.5901 546.298
database/img_07664_c1_1303399155516402us_rect.jpg 0.673057 0.653748 0.244028 -0.245067 480.84 42.2858 543.22
database/img_07665_c1_1303399155649781us_rect.jpg 0.670765 0.653628 0.247088 -0.248579 487.143 39.9815 537.603
database/img_07666_c1_1303399155716402us_rect.jpg 0.670198 0.653123 0.248903 -0.249625 489.877 40.1884 535.035
database/img_07667_c1_1303399155783152us_rect.jpg 0.669827 0.652211 0.251 -0.250901 492.998 40.993 532.041
database/img_07668_c1_1303399155916430us_rect.jpg 0.668923 0.650489 0.255116 -0.253619 499.286 42.2657 525.948
database/img_07669_c1_1303399155983153us_rect.jpg 0.6682 0.649976 0.256826 -0.255107 502.27 42.1317 523.065
database/img_07670_c1_1303399156049779us_rect.jpg 0.667443 0.649384 0.258646 -0.256755 505.455 42.0186 519.957
database/img_07671_c1_1303399156116404us_rect.jpg 0.66653 0.648825 0.260344 -0.258816 508.882 41.514 516.611
database/img_07672_c1_1303399156249803us_rect.jpg 0.664891 0.647422 0.263486 -0.263326 515.815 40.6801 509.701
database/img_07673_c1_1303399156316405us_rect.jpg 0.664295 0.646563 0.265163 -0.265249 519.057 40.7969 506.379
database/img_07674_c1_1303399156450673us_rect.jpg 0.663544 0.644061 0.269141 -0.269179 525.986 42.3903 499.031
database/img_07675_c1_1303399156516409us_rect.jpg 0.663307 0.642601 0.271192 -0.271188 529.498 43.5136 495.209
database/img_07676_c1_1303399156583157us_rect.jpg 0.662858 0.641262 0.273689 -0.27294 533.104 44.623 491.234
database/img_07677_c1_1303399156716435us_rect.jpg 0.660822 0.639871 0.278344 -0.276413 540.044 44.4634 483.652
database/img_07678_c1_1303399156783157us_rect.jpg 0.659558 0.639295 0.280578 -0.278497 543.697 43.8571 479.624
database/img_07679_c1_1303399156849782us_rect.jpg 0.658254 0.638631 0.283105 -0.280541 547.498 43.4428 475.354
database/img_07680_c1_1303399156983157us_rect.jpg 0.655599 0.637344 0.287517 -0.285159 554.993 42.0258 466.801
database/img_07681_c1_1303399157049784us_rect.jpg 0.654527 0.636526 0.28956 -0.287376 558.514 41.6819 462.676
database/img_07682_c1_1303399157183184us_rect.jpg 0.652687 0.634924 0.293331 -0.291254 564.855 41.3575 455.092
database/img_07683_c1_1303399157249785us_rect.jpg 0.651941 0.63398 0.295504 -0.292779 567.869 41.8124 451.369
database/img_07684_c1_1303399157383162us_rect.jpg 0.651019 0.631707 0.299787 -0.295378 573.447 43.7895 444.264
database/img_07685_c1_1303399157449786us_rect.jpg 0.650746 0.630683 0.301192 -0.296735 575.777 44.4764 441.282
database/img_07686_c1_1303399157516411us_rect.jpg 0.65055 0.629541 0.302482 -0.298276 578.151 45.1939 438.211
database/img_07687_c1_1303399157649790us_rect.jpg 0.649903 0.627568 0.304441 -0.301827 582.83 45.5806 432.182
database/img_07688_c1_1303399157716414us_rect.jpg 0.649388 0.626568 0.306041 -0.303394 585.397 46.0018 428.792
database/img_07689_c1_1303399157783163us_rect.jpg 0.648826 0.625576 0.308018 -0.30464 587.953 46.7148 425.345
database/img_07690_c1_1303399157916437us_rect.jpg 0.646991 0.624933 0.310712 -0.307114 592.286 45.6993 419.701
database/img_07691_c1_1303399157983164us_rect.jpg 0.646098 0.624813 0.311556 -0.308381 594.156 44.7709 417.313
database/img_07692_c1_1303399158116418us_rect.jpg 0.645474 0.622114 0.315588 -0.311033 599.267 47.2658 410.002
database/img_07693_c1_1303399158183164us_rect.jpg 0.645568 0.619998 0.317866 -0.312739 602.186 49.4966 405.625
database/img_07694_c1_1303399158249791us_rect.jpg 0.645585 0.618657 0.320603 -0.312566 604.077 52.1631 402.668
database/img_07695_c1_1303399158383171us_rect.jpg 0.644165 0.616703 0.329086 -0.310535 608.44 58.0032 395.658
database/img_07696_c1_1303399158449791us_rect.jpg 0.644451 0.614949 0.331807 -0.310523 610.343 61.2251 392.457
database/img_07697_c1_1303399158516417us_rect.jpg 0.64549 0.612757 0.331851 -0.312645 612.131 63.0007 389.617
database/img_07698_c1_1303399158649817us_rect.jpg 0.647683 0.608082 0.327407 -0.321788 616.496 61.8898 383.365
database/img_07699_c1_1303399158716418us_rect.jpg 0.646801 0.606778 0.327526 -0.325877 619.733 60.0857 378.649
database/img_07700_c1_1303399158783168us_rect.jpg 0.645073 0.606249 0.32901 -0.328778 622.944 58.1908 373.901
database/img_07701_c1_1303399158916424us_rect.jpg 0.640446 0.607139 0.333159 -0.331988 628.31 53.7297 366.053
