database/img_07144_c0_1303399106316091us_rect.jpg 0.477517 0.498201 0.558126 -0.460727 1285.51 88.8951 657.425
database/img_07145_c0_1303399106449469us_rect.jpg 0.474785 0.496419 0.56101 -0.461969 1290.06 88.8799 645.411
database/img_07146_c0_1303399106582845us_rect.jpg 0.472752 0.493558 0.564472 -0.4629 1294.53 92.9484 632.702
database/img_07147_c0_1303399106782878us_rect.jpg 0.469055 0.490416 0.566489 -0.467515 1301.64 91.6625 613.313
database/img_07148_c0_1303399106916124us_rect.jpg 0.466037 0.488612 0.566913 -0.471886 1306.94 87.8274 599.202
database/img_07149_c0_1303399106982871us_rect.jpg 0.464453 0.487667 0.567351 -0.473895 1309.59 86.0908 591.951
database/img_07150_c0_1303399107049471us_rect.jpg 0.463085 0.486599 0.568008 -0.475543 1311.98 85.3358 585.077
database/img_07151_c0_1303399107116098us_rect.jpg 0.461787 0.48542 0.569082 -0.476724 1314.21 85.487 578.308
database/img_07152_c0_1303399107249474us_rect.jpg 0.459165 0.483011 0.572334 -0.477809 1318.29 87.3697 565.134
database/img_07153_c0_1303399107316098us_rect.jpg 0.457608 0.481863 0.574649 -0.477685 1320.32 88.6541 558.403
database/img_07154_c0_1303399107382847us_rect.jpg 0.455948 0.480804 0.577026 -0.477473 1322.32 89.6911 551.671
database/img_07155_c0_1303399107516101us_rect.jpg 0.452958 0.478737 0.580364 -0.478349 1326.17 90.5083 538.546
database/img_07156_c0_1303399107582851us_rect.jpg 0.451739 0.477525 0.581667 -0.47913 1327.98 91.3142 532.065
database/img_07157_c0_1303399107649476us_rect.jpg 0.450679 0.475863 0.582775 -0.480434 1330.06 92.8629 524.691
database/img_07158_c0_1303399107782877us_rect.jpg 0.449174 0.472378 0.58383 -0.483989 1333.83 95.8968 510.574
database/img_07159_c0_1303399107849475us_rect.jpg 0.44823 0.470874 0.583851 -0.486298 1335.82 95.855 503.372
database/img_07160_c0_1303399107916101us_rect.jpg 0.44673 0.469845 0.584216 -0.488231 1337.89 94.352 496.152
database/img_07161_c0_1303399108049479us_rect.jpg 0.442464 0.468559 0.585414 -0.491902 1342.5 88.0089 480.606
database/img_07162_c0_1303399108116107us_rect.jpg 0.440344 0.467748 0.586257 -0.493571 1344.78 85.4831 472.561
database/img_07163_c0_1303399108182853us_rect.jpg 0.438578 0.466878 0.587045 -0.495028 1346.68 83.7909 465.296
database/img_07164_c0_1303399108316104us_rect.jpg 0.435829 0.46414 0.589121 -0.497557 1350.21 84.4008 450.472
database/img_07165_c0_1303399108382854us_rect.jpg 0.434254 0.462556 0.590346 -0.498956 1352.24 84.8385 442.057
database/img_07166_c0_1303399108582877us_rect.jpg 0.429125 0.458024 0.592694 -0.504757 1358.52 82.8205 415.693
database/img_07167_c0_1303399108716133us_rect.jpg 0.425013 0.455821 0.594147 -0.508509 1362.48 78.5926 398.46
database/img_07168_c0_1303399108849505us_rect.jpg 0.421615 0.452855 0.596465 -0.511266 1365.86 78.4881 381.556
database/img_07169_c0_1303399108916131us_rect.jpg 0.420413 0.45098 0.597549 -0.512646 1367.32 79.9931 373.375
database/img_07170_c0_1303399108982857us_rect.jpg 0.419155 0.448926 0.598989 -0.513796 1368.8 82.2097 364.748
database/img_07171_c0_1303399109049484us_rect.jpg 0.417355 0.446997 0.600783 -0.514847 1370.51 83.6138 355.206
database/img_07172_c0_1303399109182861us_rect.jpg 0.413597 0.443749 0.604028 -0.516889 1373.57 84.7465 337.173
database/img_07173_c0_1303399109249484us_rect.jpg 0.412001 0.442429 0.60517 -0.517958 1374.72 84.7643 329.49
database/img_07174_c0_1303399109316110us_rect.jpg 0.410248 0.441188 0.606547 -0.518797 1375.86 84.7353 321.732
database/img_07175_c0_1303399109449486us_rect.jpg 0.407591 0.438398 0.609873 -0.519356 1377.39 88.0871 307.942
database/img_07176_c0_1303399109516109us_rect.jpg 0.406309 0.43675 0.611447 -0.519899 1378.21 90.071 300.486
database/img_07177_c0_1303399109582861us_rect.jpg 0.405035 0.435324 0.612626 -0.5207 1378.97 91.1009 293.444
database/img_07178_c0_1303399109716110us_rect.jpg 0.401954 0.432995 0.613504 -0.523986 1380.82 88.6391 278.585
database/img_07179_c0_1303399109782859us_rect.jpg 0.399792 0.432274 0.613768 -0.525922 1381.93 85.1199 270.63
database/img_07180_c0_1303399109849486us_rect.jpg 0.3978 0.431479 0.613988 -0.527826 1382.92 81.9921 262.908
database/img_07181_c0_1303399109982884us_rect.jpg 0.394707 0.428925 0.614912 -0.531144 1384.49 79.8524 247.57
database/img_07182_c0_1303399110049486us_rect.jpg 0.393398 0.427316 0.615907 -0.532256 1385.1 80.7309 239.939
database/img_07183_c0_1303399110116111us_rect.jpg 0.392101 0.42554 0.617237 -0.533096 1385.66 82.4681 232.087
database/img_07184_c0_1303399110249514us_rect.jpg 0.389238 0.422206 0.619994 -0.534643 1386.69 85.2799 216.321
database/img_07185_c0_1303399110316114us_rect.jpg 0.387616 0.42066 0.621088 -0.535769 1387.25 85.6036 208.14
database/img_07186_c0_1303399110382865us_rect.jpg 0.385794 0.419137 0.621975 -0.537247 1387.89 85.0623 199.419
database/img_07187_c0_1303399110516135us_rect.jpg 0.382434 0.416094 0.622966 -0.540854 1389.02 83.1409 182.363
database/img_07188_c0_1303399110582867us_rect.jpg 0.380404 0.414927 0.623576 -0.542477 1389.55 81.175 173.914
database/img_07189_c0_1303399110716143us_rect.jpg 0.376584 0.412069 0.625075 -0.545587 1390.41 78.9892 156.501
database/img_07190_c0_1303399110782868us_rect.jpg 0.374987 0.410263 0.626171 -0.54679 1390.66 79.744 147.811
database/img_07191_c0_1303399110849493us_rect.jpg 0.373323 0.408635 0.627227 -0.547936 1390.85 80.0651 139.406
database/img_07192_c0_1303399110983750us_rect.jpg 0.369918 0.405575 0.629177 -0.550279 1391.1 80.0104 122.867
database/img_07193_c0_1303399111049493us_rect.jpg 0.368342 0.403914 0.62994 -0.551682 1391.16 80.0162 114.509
database/img_07194_c0_1303399111116118us_rect.jpg 0.366336 0.402448 0.630706 -0.553211 1391.27 78.8482 105.579
database/img_07195_c0_1303399111182869us_rect.jpg 0.364356 0.401014 0.63135 -0.554824 1391.34 77.4633 96.7599
database/img_07196_c0_1303399111316270us_rect.jpg 0.360194 0.398201 0.632737 -0.557979 1391.35 74.4079 78.8475
database/img_07197_c0_1303399111382895us_rect.jpg 0.358439 0.396292 0.633748 -0.559319 1391.18 74.8475 69.6383
database/img_07198_c0_1303399111449495us_rect.jpg 0.357008 0.394414 0.634797 -0.560371 1390.86 76.0546 61.3373
database/img_07199_c0_1303399111516120us_rect.jpg 0.355907 0.392202 0.635952 -0.561314 1390.44 78.5906 53.0914
database/img_07200_c0_1303399111649498us_rect.jpg 0.352841 0.388444 0.638834 -0.562589 1389.51 82.2438 36.4351
database/img_07201_c0_1303399111716120us_rect.jpg 0.35042 0.387529 0.639847 -0.56358 1389.2 80.1611 28.1074
database/img_07202_c0_1303399111782871us_rect.jpg 0.347831 0.386801 0.640239 -0.565237 1388.94 76.2082 19.5673
database/img_07203_c0_1303399111916145us_rect.jpg 0.343686 0.384254 0.639449 -0.57038 1388.24 68.4576 1.76276
database/img_07204_c0_1303399111982872us_rect.jpg 0.341665 0.382829 0.638994 -0.573056 1387.79 64.7275 -7.35183
database/img_07205_c0_1303399112049495us_rect.jpg 0.339666 0.381415 0.638825 -0.575371 1387.25 61.6406 -16.2281
database/img_07206_c0_1303399112116124us_rect.jpg 0.3376 0.380055 0.639291 -0.576967 1386.6 59.7163 -24.8618
database/img_07207_c0_1303399112249524us_rect.jpg 0.333808 0.377958 0.641639 -0.577944 1385.11 58.994 -39.2525
database/img_07208_c0_1303399112316125us_rect.jpg 0.331657 0.37566 0.644544 -0.577447 1384.01 63.3022 -49.3045
database/img_07209_c0_1303399112382874us_rect.jpg 0.330347 0.373524 0.647354 -0.57644 1382.86 69.0653 -56.9533
database/img_07210_c0_1303399112516128us_rect.jpg 0.330125 0.37044 0.649656 -0.575968 1380.91 77.0934 -65.0659
database/img_07211_c0_1303399112582876us_rect.jpg 0.330178 0.36916 0.649572 -0.576854 1380.09 78.416 -68.6485
database/img_07212_c0_1303399112649502us_rect.jpg 0.329378 0.36849 0.649453 -0.577872 1379.35 77.189 -72.8272
database/img_07213_c0_1303399112782907us_rect.jpg 0.325966 0.368665 0.648377 -0.580895 1378.14 67.3805 -82.2421
database/img_07214_c0_1303399112849503us_rect.jpg 0.324117 0.368977 0.647431 -0.582784 1377.56 61.0337 -86.8843
database/img_07215_c0_1303399112916128us_rect.jpg 0.322725 0.369181 0.646475 -0.584486 1376.94 55.7477 -90.6885
database/img_07216_c0_1303399112982880us_rect.jpg 0.321962 0.368977 0.645722 -0.585866 1376.27 52.6763 -93.8791
database/img_07217_c0_1303399113116130us_rect.jpg 0.321683 0.366124 0.646974 -0.586429 1374.31 57.9414 -102.004
database/img_07218_c0_1303399113182880us_rect.jpg 0.322088 0.364181 0.648225 -0.586034 1373.2 63.6824 -105.753
database/img_07219_c0_1303399113249504us_rect.jpg 0.322615 0.362403 0.64901 -0.585977 1372.12 68.4599 -108.995
database/img_07220_c0_1303399113382910us_rect.jpg 0.319956 0.362988 0.64978 -0.586221 1370.7 63.9913 -114.839
database/img_07221_c0_1303399113449517us_rect.jpg 0.317138 0.364337 0.650113 -0.586545 1370.07 57.4429 -118.785
database/img_07222_c0_1303399113516132us_rect.jpg 0.314926 0.365119 0.65004 -0.587331 1369.35 51.8634 -122.781
database/img_07223_c0_1303399113582882us_rect.jpg 0.314017 0.364952 0.649643 -0.58836 1368.56 49.2519 -126.073
database/img_07224_c0_1303399113716135us_rect.jpg 0.316033 0.362073 0.648903 -0.589875 1366.88 54.7598 -129.643
database/img_07225_c0_1303399113782882us_rect.jpg 0.317269 0.360522 0.648882 -0.590183 1366 58.9 -131.024
database/img_07226_c0_1303399113849509us_rect.jpg 0.317857 0.359002 0.649522 -0.590089 1364.98 63.1628 -133.6
database/img_07227_c0_1303399113982910us_rect.jpg 0.317226 0.358299 0.650028 -0.5903 1363.38 63.7246 -137.8
database/img_07228_c0_1303399114049510us_rect.jpg 0.316257 0.358905 0.649357 -0.591189 1362.81 59.5454 -139.545
database/img_07229_c0_1303399114116135us_rect.jpg 0.314994 0.359662 0.648564 -0.592273 1362.23 54.3182 -141.657
database/img_07230_c0_1303399114249512us_rect.jpg 0.312461 0.36186 0.647907 -0.592994 1361.16 45.2965 -143.98
database/img_07231_c0_1303399114316136us_rect.jpg 0.312207 0.362298 0.647863 -0.592909 1360.59 44.2121 -144.237
database/img_07232_c0_1303399114382886us_rect.jpg 0.312556 0.362165 0.648337 -0.592287 1359.95 46.1469 -144.247
database/img_07233_c0_1303399114449511us_rect.jpg 0.313164 0.361825 0.649181 -0.591248 1359.29 49.6721 -143.998
database/img_07234_c0_1303399114582911us_rect.jpg 0.314828 0.360978 0.650999 -0.588879 1357.95 58.1216 -142.766
database/img_07235_c0_1303399114649512us_rect.jpg 0.315084 0.361126 0.651352 -0.588261 1357.38 59.2942 -142.367
database/img_07236_c0_1303399114782887us_rect.jpg 0.315528 0.362439 0.650417 -0.58825 1356.6 56.6857 -140.025
database/img_07237_c0_1303399114849512us_rect.jpg 0.315567 0.363294 0.64924 -0.589001 1356.27 53.1791 -139.078
database/img_07238_c0_1303399114916138us_rect.jpg 0.315173 0.364371 0.648332 -0.589546 1355.91 49.1805 -138.501
database/img_07239_c0_1303399115049514us_rect.jpg 0.314449 0.366232 0.64701 -0.590232 1355.08 42.7588 -137.678
database/img_07240_c0_1303399115116139us_rect.jpg 0.314891 0.366821 0.645954 -0.590788 1354.71 40.6452 -136.347
database/img_07241_c0_1303399115182889us_rect.jpg 0.315693 0.366839 0.645175 -0.591199 1354.25 40.4968 -135.384
database/img_07242_c0_1303399115316141us_rect.jpg 0.31781 0.364941 0.645307 -0.591096 1352.84 47.067 -136.125
database/img_07243_c0_1303399115382890us_rect.jpg 0.317869 0.364842 0.645443 -0.590976 1352.19 47.5924 -136.814
database/img_07244_c0_1303399115449515us_rect.jpg 0.317642 0.364954 0.645381 -0.591097 1351.56 46.8647 -137.741
database/img_07245_c0_1303399115582919us_rect.jpg 0.317382 0.364856 0.644788 -0.591943 1350.26 45.0646 -140.039
database/img_07246_c0_1303399115649519us_rect.jpg 0.316315 0.365541 0.644659 -0.592232 1349.64 41.8883 -141.587
database/img_07247_c0_1303399115716141us_rect.jpg 0.314936 0.366747 0.644013 -0.592924 1349.11 36.3752 -142.826
database/img_07248_c0_1303399115849520us_rect.jpg 0.314194 0.365206 0.643187 -0.595161 1347.32 34.518 -149.503
database/img_07249_c0_1303399115916145us_rect.jpg 0.314359 0.363844 0.643087 -0.596015 1346.36 35.9876 -152.865
database/img_07250_c0_1303399115982896us_rect.jpg 0.314671 0.36298 0.642498 -0.597013 1345.59 36.1303 -154.912
database/img_07251_c0_1303399116116148us_rect.jpg 0.314069 0.362426 0.641397 -0.598847 1344.1 32.9287 -159.072
database/img_07252_c0_1303399116182897us_rect.jpg 0.313089 0.361974 0.64166 -0.599352 1343.13 31.9753 -162.821
database/img_07253_c0_1303399116249522us_rect.jpg 0.312474 0.361291 0.641991 -0.599731 1342.17 32.1512 -166.246
database/img_07254_c0_1303399116382899us_rect.jpg 0.310435 0.361917 0.641821 -0.600593 1340.66 26.9952 -170.677
database/img_07255_c0_1303399116449521us_rect.jpg 0.309718 0.362336 0.64158 -0.600968 1340.01 24.5801 -172.021
database/img_07256_c0_1303399116516145us_rect.jpg 0.309634 0.361845 0.642264 -0.600577 1339.23 26.4614 -173.739
database/img_07257_c0_1303399116649525us_rect.jpg 0.309861 0.362412 0.643542 -0.598746 1338.25 29.3073 -172.859
database/img_07258_c0_1303399116716149us_rect.jpg 0.309343 0.364063 0.643757 -0.597781 1338.04 27.1421 -170.883
database/img_07259_c0_1303399116849546us_rect.jpg 0.309911 0.364913 0.644141 -0.596553 1337.24 28.3366 -168.841
database/img_07260_c0_1303399116916149us_rect.jpg 0.310936 0.364808 0.643513 -0.596762 1336.86 29.0499 -167.59
database/img_07261_c0_1303399116982898us_rect.jpg 0.312398 0.364287 0.64257 -0.597333 1336.47 30.3347 -166.382
database/img_07262_c0_1303399117116151us_rect.jpg 0.313953 0.364617 0.640852 -0.598161 1335.77 29.2148 -163.892
database/img_07263_c0_1303399117182901us_rect.jpg 0.313085 0.365709 0.640539 -0.598285 1335.3 25.6769 -164.073
database/img_07264_c0_1303399117249525us_rect.jpg 0.312646 0.365402 0.640809 -0.598413 1334.52 25.7086 -166.254
database/img_07265_c0_1303399117382908us_rect.jpg 0.31256 0.364479 0.641532 -0.598246 1333.04 28.0848 -169.499
database/img_07266_c0_1303399117449527us_rect.jpg 0.311728 0.365875 0.641716 -0.59763 1332.67 25.4871 -168.781
database/img_07267_c0_1303399117583339us_rect.jpg 0.309548 0.366802 0.641564 -0.598358 1331.25 19.8612 -172.775
database/img_07268_c0_1303399117649527us_rect.jpg 0.309934 0.365578 0.642503 -0.597899 1330.4 23.9839 -174.949
database/img_07269_c0_1303399117849565us_rect.jpg 0.30711 0.365855 0.638058 -0.603917 1327.96 7.82232 -183.441
database/img_07271_c0_1303399118716157us_rect.jpg 0.313294 0.361151 0.644471 -0.596719 1320.89 39.7122 -186.251
database/img_07272_c0_1303399118782909us_rect.jpg 0.313288 0.361335 0.641706 -0.599584 1320.44 33.093 -187.246
database/img_07273_c0_1303399118916161us_rect.jpg 0.313285 0.361334 0.640586 -0.600782 1319.33 30.4648 -188.719
database/img_07274_c0_1303399118982916us_rect.jpg 0.313049 0.361354 0.642047 -0.599332 1318.69 33.3565 -189.372
database/img_07275_c0_1303399119049534us_rect.jpg 0.313056 0.361525 0.643518 -0.597646 1318.16 36.6225 -189.142
database/img_07276_c0_1303399119249572us_rect.jpg 0.312535 0.361217 0.645071 -0.596429 1316.2 39.4685 -192.235
database/img_07277_c0_1303399119716186us_rect.jpg 0.311484 0.360462 0.641232 -0.601553 1311.76 29.0484 -201.31
database/img_07278_c0_1303399119849539us_rect.jpg 0.310526 0.360777 0.642505 -0.600501 1310.45 29.8169 -203.529
database/img_07279_c0_1303399119916164us_rect.jpg 0.310552 0.360448 0.642593 -0.60059 1309.78 30.3636 -204.747
database/img_07280_c0_1303399120049542us_rect.jpg 0.310882 0.359177 0.641466 -0.602384 1308.28 29.4989 -208.262
database/img_07281_c0_1303399120116165us_rect.jpg 0.31098 0.358968 0.640833 -0.60313 1307.67 28.3953 -209.25
database/img_07282_c0_1303399120182915us_rect.jpg 0.310832 0.359047 0.64037 -0.603652 1307.09 26.9343 -210.101
database/img_07283_c0_1303399120316177us_rect.jpg 0.309989 0.359704 0.640423 -0.603637 1305.93 24.7832 -211.647
database/img_07284_c0_1303399120382916us_rect.jpg 0.309472 0.359709 0.640925 -0.603367 1305.2 24.923 -213.21
database/img_07285_c0_1303399120449542us_rect.jpg 0.309179 0.359604 0.641332 -0.603147 1304.5 25.3831 -214.553
database/img_07286_c0_1303399120582920us_rect.jpg 0.308859 0.359672 0.641722 -0.602856 1303.28 25.5848 -216.176
database/img_07287_c0_1303399120649543us_rect.jpg 0.308893 0.359603 0.641956 -0.602631 1302.7 26.2559 -216.777
database/img_07288_c0_1303399120716169us_rect.jpg 0.308864 0.359284 0.642215 -0.602559 1301.99 27.0889 -218.043
database/img_07289_c0_1303399120849566us_rect.jpg 0.309257 0.358323 0.642067 -0.603088 1300.62 28.3374 -220.5
database/img_07290_c0_1303399120916170us_rect.jpg 0.309075 0.358053 0.641938 -0.603479 1299.88 27.9022 -222.096
database/img_07291_c0_1303399121116186us_rect.jpg 0.308412 0.358705 0.6412 -0.604214 1298.21 24.2588 -224.066
database/img_07292_c0_1303399121382952us_rect.jpg 0.308152 0.358726 0.642081 -0.603399 1295.84 25.7809 -226.695
database/img_07293_c0_1303399121449546us_rect.jpg 0.308033 0.359303 0.642031 -0.603169 1295.45 24.9177 -226.314
database/img_07294_c0_1303399121516173us_rect.jpg 0.307897 0.359667 0.641966 -0.603091 1294.97 24.1733 -226.426
database/img_07295_c0_1303399121649571us_rect.jpg 0.308003 0.360721 0.641377 -0.603034 1294.26 22.0575 -225.271
database/img_07296_c0_1303399121716175us_rect.jpg 0.308118 0.361145 0.640918 -0.603209 1293.88 20.8186 -224.825
database/img_07297_c0_1303399121782924us_rect.jpg 0.308002 0.361066 0.641034 -0.603192 1293.23 20.9293 -225.801
database/img_07298_c0_1303399121916180us_rect.jpg 0.308274 0.361917 0.640786 -0.602807 1292.49 20.1224 -224.654
database/img_07299_c0_1303399121982926us_rect.jpg 0.308595 0.362386 0.640424 -0.602746 1292.2 19.4785 -223.647
database/img_07300_c0_1303399122049552us_rect.jpg 0.308903 0.362706 0.640405 -0.602415 1291.84 19.7507 -222.903
database/img_07301_c0_1303399122182934us_rect.jpg 0.308983 0.363784 0.640449 -0.601677 1291.11 19.0659 -221.599
database/img_07302_c0_1303399122249553us_rect.jpg 0.308845 0.364321 0.640435 -0.601437 1290.68 18.2969 -221.345
database/img_07303_c0_1303399122316177us_rect.jpg 0.308668 0.364624 0.640287 -0.601503 1290.15 17.3345 -221.705
database/img_07304_c0_1303399122516215us_rect.jpg 0.307715 0.366434 0.639636 -0.601584 1288.74 12.3842 -221.831
database/img_07144_c1_1303399106316137us_rect.jpg 0.735166 0.674188 0.068416 0.017918 -623.002 101.343 1301.04
database/img_07145_c1_1303399106449572us_rect.jpg 0.735061 0.673952 0.072303 0.015664 -610.767 100.964 1305.33
database/img_07146_c1_1303399106582888us_rect.jpg 0.735939 0.672602 0.076328 0.013173 -598.039 104.547 1309.41
database/img_07147_c1_1303399106782890us_rect.jpg 0.734554 0.673719 0.0805 0.007296 -577.425 103.083 1316.46
database/img_07148_c1_1303399106916175us_rect.jpg 0.732702 0.675516 0.082581 0.002484 -562.928 99.9264 1321.45
database/img_07149_c1_1303399106982891us_rect.jpg 0.731776 0.67636 0.083903 0.000511 -555.99 97.7568 1323.78
database/img_07150_c1_1303399107049515us_rect.jpg 0.731211 0.676784 0.085389 -0.001378 -548.996 96.7848 1326.01
database/img_07151_c1_1303399107116140us_rect.jpg 0.731054 0.676721 0.087171 -0.003008 -542.056 96.9534 1328.09
database/img_07152_c1_1303399107249525us_rect.jpg 0.731361 0.675816 0.091388 -0.005705 -528.203 98.806 1332.02
database/img_07153_c1_1303399107316141us_rect.jpg 0.731858 0.674888 0.094179 -0.00634 -521.493 100.026 1333.81
database/img_07154_c1_1303399107382892us_rect.jpg 0.73232 0.673941 0.097296 -0.006712 -514.689 100.742 1335.65
database/img_07155_c1_1303399107516167us_rect.jpg 0.732556 0.672968 0.101992 -0.008537 -501.572 101.486 1339.08
database/img_07156_c1_1303399107582893us_rect.jpg 0.732542 0.672698 0.103713 -0.010106 -494.823 102.331 1340.76
database/img_07157_c1_1303399107649518us_rect.jpg 0.732514 0.672465 0.105193 -0.012186 -487.506 103.756 1342.59
database/img_07158_c1_1303399107782897us_rect.jpg 0.732312 0.672277 0.107117 -0.016971 -473.471 107.124 1345.84
database/img_07159_c1_1303399107849518us_rect.jpg 0.731787 0.672665 0.10783 -0.019546 -466.423 107.465 1347.53
database/img_07160_c1_1303399107916144us_rect.jpg 0.730844 0.673415 0.109091 -0.021877 -458.732 105.752 1349.56
database/img_07161_c1_1303399108049551us_rect.jpg 0.728614 0.675055 0.113014 -0.025486 -442.727 99.4568 1353.88
database/img_07162_c1_1303399108116147us_rect.jpg 0.727703 0.675627 0.115022 -0.027312 -434.63 97.1223 1355.93
database/img_07163_c1_1303399108182896us_rect.jpg 0.72703 0.675967 0.116845 -0.029026 -427.15 95.665 1357.66
database/img_07164_c1_1303399108316173us_rect.jpg 0.72645 0.675799 0.120443 -0.032551 -412.244 95.8489 1360.79
database/img_07165_c1_1303399108382897us_rect.jpg 0.726173 0.675636 0.122363 -0.034876 -403.441 96.546 1362.64
database/img_07166_c1_1303399108582900us_rect.jpg 0.724182 0.676394 0.127246 -0.04313 -375.74 95.8449 1368.4
database/img_07167_c1_1303399108716153us_rect.jpg 0.721958 0.677698 0.131335 -0.047481 -357.718 90.6235 1372.12
database/img_07168_c1_1303399108849568us_rect.jpg 0.721183 0.677423 0.13544 -0.051475 -340.694 90.6689 1374.99
database/img_07169_c1_1303399108916151us_rect.jpg 0.721206 0.676894 0.137109 -0.053643 -332.651 92.5573 1376.1
database/img_07170_c1_1303399108982901us_rect.jpg 0.721254 0.676283 0.138975 -0.055852 -324.149 94.5625 1377.28
database/img_07171_c1_1303399109049526us_rect.jpg 0.721305 0.67549 0.141737 -0.057826 -314.419 96.1895 1378.7
database/img_07172_c1_1303399109182926us_rect.jpg 0.720724 0.674719 0.146734 -0.061491 -296.315 96.76 1381.24
database/img_07173_c1_1303399109249527us_rect.jpg 0.7205 0.674406 0.148568 -0.063113 -288.946 97.2375 1382.05
database/img_07174_c1_1303399109316152us_rect.jpg 0.720412 0.673878 0.150758 -0.064544 -281.32 98.0198 1382.85
database/img_07175_c1_1303399109449555us_rect.jpg 0.720594 0.672482 0.155131 -0.066687 -267.613 100.338 1384.01
database/img_07176_c1_1303399109516153us_rect.jpg 0.720708 0.671774 0.157007 -0.068184 -260.49 102.085 1384.53
database/img_07177_c1_1303399109582903us_rect.jpg 0.720516 0.671379 0.158826 -0.069858 -253.032 102.855 1385.15
database/img_07178_c1_1303399109716177us_rect.jpg 0.718993 0.671916 0.16164 -0.073832 -238.07 100.703 1386.57
database/img_07179_c1_1303399109782905us_rect.jpg 0.717839 0.672542 0.163241 -0.075807 -230.136 98.0886 1387.39
database/img_07180_c1_1303399109849531us_rect.jpg 0.716574 0.673261 0.164856 -0.07787 -221.962 95.1446 1388.23
database/img_07181_c1_1303399109982908us_rect.jpg 0.715098 0.673625 0.167709 -0.082084 -206.42 93.4771 1389.36
database/img_07182_c1_1303399110049532us_rect.jpg 0.714869 0.673182 0.169513 -0.083985 -198.475 94.4196 1389.76
database/img_07183_c1_1303399110116158us_rect.jpg 0.714841 0.67248 0.171589 -0.08562 -190.601 95.8953 1390.07
database/img_07184_c1_1303399110249537us_rect.jpg 0.714997 0.670773 0.175876 -0.088942 -174.539 99.8042 1390.55
database/img_07185_c1_1303399110316182us_rect.jpg 0.714601 0.670373 0.178109 -0.090683 -166.033 100.043 1390.88
database/img_07186_c1_1303399110382908us_rect.jpg 0.713863 0.670365 0.180035 -0.092718 -157.42 99.2661 1391.26
database/img_07187_c1_1303399110516161us_rect.jpg 0.712356 0.670472 0.183199 -0.097233 -140.546 98.0331 1391.81
database/img_07188_c1_1303399110582909us_rect.jpg 0.71126 0.67091 0.184865 -0.099063 -132.718 95.6912 1392.08
database/img_07189_c1_1303399110716161us_rect.jpg 0.709791 0.67077 0.188878 -0.102907 -115.574 94.1037 1392.38
database/img_07190_c1_1303399110782910us_rect.jpg 0.7095 0.670279 0.19066 -0.104812 -107.577 95.0219 1392.28
database/img_07191_c1_1303399110849535us_rect.jpg 0.709062 0.669905 0.192478 -0.106817 -99.2696 95.4997 1392.19
database/img_07192_c1_1303399110983768us_rect.jpg 0.707938 0.669413 0.196099 -0.110708 -82.8386 95.4249 1391.95
database/img_07193_c1_1303399111049562us_rect.jpg 0.707154 0.669413 0.197526 -0.11315 -74.2833 94.9785 1391.81
database/img_07194_c1_1303399111116162us_rect.jpg 0.706214 0.669516 0.199188 -0.115471 -65.4758 93.8486 1391.65
database/img_07195_c1_1303399111182912us_rect.jpg 0.705025 0.669875 0.20069 -0.118031 -56.4205 91.9691 1391.51
database/img_07196_c1_1303399111316289us_rect.jpg 0.70336 0.669627 0.204304 -0.123059 -37.498 91.0568 1390.91
database/img_07197_c1_1303399111382917us_rect.jpg 0.702644 0.669359 0.206172 -0.125474 -28.1536 90.9929 1390.49
database/img_07198_c1_1303399111449539us_rect.jpg 0.702135 0.668958 0.207798 -0.127755 -19.5995 91.5744 1389.95
database/img_07199_c1_1303399111516164us_rect.jpg 0.702021 0.668139 0.209347 -0.130115 -11.1364 93.7695 1389.25
database/img_07200_c1_1303399111649547us_rect.jpg 0.701601 0.666466 0.213636 -0.133931 6.2811 96.8906 1387.82
database/img_07201_c1_1303399111716165us_rect.jpg 0.700578 0.666385 0.216265 -0.135466 15.3792 95.0813 1387.23
database/img_07202_c1_1303399111782917us_rect.jpg 0.698994 0.666905 0.218417 -0.137622 24.9826 91.5897 1386.69
database/img_07203_c1_1303399111916171us_rect.jpg 0.695711 0.668124 0.221465 -0.143355 44.6932 85.2353 1385.35
database/img_07204_c1_1303399111982915us_rect.jpg 0.694292 0.668539 0.222879 -0.14608 53.9862 82.7725 1384.54
database/img_07205_c1_1303399112049542us_rect.jpg 0.693065 0.668836 0.224244 -0.148437 62.3813 80.6964 1383.69
database/img_07206_c1_1303399112116167us_rect.jpg 0.691943 0.668956 0.22586 -0.150666 70.971 79.0007 1382.76
database/img_07207_c1_1303399112249549us_rect.jpg 0.690729 0.66818 0.230151 -0.153163 85.9227 78.1633 1380.76
database/img_07208_c1_1303399112316168us_rect.jpg 0.690919 0.666467 0.233663 -0.154451 95.9207 81.4456 1379.32
database/img_07209_c1_1303399112382919us_rect.jpg 0.692146 0.663925 0.23686 -0.155032 103.571 88.0464 1377.77
database/img_07210_c1_1303399112516196us_rect.jpg 0.693212 0.661864 0.238329 -0.156816 110.992 94.5166 1375.59
database/img_07211_c1_1303399112582920us_rect.jpg 0.693513 0.661274 0.238291 -0.15803 113.949 96.8242 1374.59
database/img_07212_c1_1303399112649545us_rect.jpg 0.692864 0.661619 0.238393 -0.159275 117.499 95.5122 1373.79
database/img_07213_c1_1303399112782924us_rect.jpg 0.691487 0.662314 0.23983 -0.160208 123.803 91.5943 1372.31
database/img_07214_c1_1303399112849558us_rect.jpg 0.689614 0.663883 0.240309 -0.16107 127.62 85.311 1371.76
database/img_07215_c1_1303399112916172us_rect.jpg 0.687985 0.665297 0.240511 -0.161897 130.757 79.841 1371.2
database/img_07216_c1_1303399112982921us_rect.jpg 0.686934 0.666162 0.240368 -0.163013 133.66 76.7418 1370.5
database/img_07217_c1_1303399113116204us_rect.jpg 0.687676 0.66454 0.241432 -0.164921 140.655 81.8679 1368.33
database/img_07218_c1_1303399113182923us_rect.jpg 0.688986 0.662774 0.242102 -0.165575 143.569 87.8645 1367.07
database/img_07219_c1_1303399113249548us_rect.jpg 0.689872 0.661646 0.241969 -0.16659 145.784 92.1983 1365.97
database/img_07220_c1_1303399113382927us_rect.jpg 0.68901 0.66173 0.244205 -0.166562 151.512 89.8167 1364.33
database/img_07221_c1_1303399113449577us_rect.jpg 0.687585 0.662653 0.2463 -0.165692 154.785 84.4301 1363.71
database/img_07222_c1_1303399113516175us_rect.jpg 0.686114 0.663708 0.247703 -0.165476 158.083 79.18 1363.05
database/img_07223_c1_1303399113582926us_rect.jpg 0.685336 0.664188 0.248128 -0.166134 161.079 76.9836 1362.24
database/img_07224_c1_1303399113716205us_rect.jpg 0.686113 0.663275 0.246492 -0.16899 164.791 81.8478 1360.36
database/img_07225_c1_1303399113782926us_rect.jpg 0.687007 0.662362 0.245638 -0.170177 165.974 85.9987 1359.38
database/img_07226_c1_1303399113849551us_rect.jpg 0.687914 0.661166 0.24578 -0.170956 168.239 90.3018 1358.25
database/img_07227_c1_1303399113982932us_rect.jpg 0.687843 0.660865 0.246332 -0.171611 171.93 90.8764 1356.58
database/img_07228_c1_1303399114049552us_rect.jpg 0.686681 0.661966 0.246437 -0.171868 173.607 86.6449 1356.05
database/img_07229_c1_1303399114116177us_rect.jpg 0.68536 0.663204 0.246384 -0.172444 175.656 82.0236 1355.49
database/img_07230_c1_1303399114249581us_rect.jpg 0.683391 0.664948 0.247108 -0.172508 178.955 74.8021 1354.32
database/img_07231_c1_1303399114316206us_rect.jpg 0.683205 0.66521 0.24733 -0.171914 178.876 73.6339 1353.81
database/img_07232_c1_1303399114382930us_rect.jpg 0.683867 0.664592 0.247476 -0.171462 178.722 75.8218 1353.14
database/img_07233_c1_1303399114449555us_rect.jpg 0.685007 0.663502 0.247634 -0.170902 178.243 79.7662 1352.4
database/img_07234_c1_1303399114582935us_rect.jpg 0.687138 0.661505 0.247817 -0.169821 177.138 87.0629 1350.97
database/img_07235_c1_1303399114649556us_rect.jpg 0.687574 0.661148 0.247938 -0.169266 176.776 88.2854 1350.36
database/img_07236_c1_1303399114782964us_rect.jpg 0.687229 0.662054 0.246965 -0.16855 174.854 85.7721 1349.65
database/img_07237_c1_1303399114849558us_rect.jpg 0.686683 0.663005 0.246025 -0.168409 173.57 83.0568 1349.41
database/img_07238_c1_1303399114916184us_rect.jpg 0.685957 0.663971 0.245735 -0.167988 173 79.7141 1349.12
database/img_07239_c1_1303399115049582us_rect.jpg 0.684624 0.665697 0.245161 -0.167432 172.403 73.775 1348.4
database/img_07240_c1_1303399115116192us_rect.jpg 0.684228 0.666514 0.244116 -0.167328 170.938 71.6402 1348.13
database/img_07241_c1_1303399115182937us_rect.jpg 0.684235 0.666883 0.242915 -0.167576 169.778 71.3019 1347.72
database/img_07242_c1_1303399115316213us_rect.jpg 0.685534 0.665602 0.24168 -0.169139 171.488 77.0778 1346.05
database/img_07243_c1_1303399115382935us_rect.jpg 0.685661 0.665427 0.241748 -0.169217 172.37 77.6537 1345.34
database/img_07244_c1_1303399115449561us_rect.jpg 0.685511 0.665593 0.241867 -0.169 172.829 76.928 1344.76
database/img_07245_c1_1303399115582937us_rect.jpg 0.685142 0.665856 0.241757 -0.169616 175.189 75.9823 1343.38
database/img_07246_c1_1303399115649562us_rect.jpg 0.684288 0.666546 0.242388 -0.169454 176.893 72.8558 1342.76
database/img_07247_c1_1303399115716188us_rect.jpg 0.682911 0.667921 0.242697 -0.169152 177.834 67.463 1342.35
database/img_07248_c1_1303399115849590us_rect.jpg 0.682031 0.668113 0.242729 -0.171875 184.76 66.5236 1340.35
database/img_07249_c1_1303399115916197us_rect.jpg 0.681896 0.667915 0.242497 -0.173502 188.209 67.3322 1339.28
database/img_07250_c1_1303399115982948us_rect.jpg 0.681646 0.668052 0.241957 -0.174703 190.253 67.1801 1338.46
database/img_07251_c1_1303399116116214us_rect.jpg 0.680347 0.669034 0.241358 -0.176828 194.858 63.7953 1336.86
database/img_07252_c1_1303399116182949us_rect.jpg 0.679741 0.669185 0.242145 -0.177509 198.445 62.4631 1335.85
database/img_07253_c1_1303399116249565us_rect.jpg 0.679576 0.66893 0.242862 -0.178118 201.657 62.7119 1334.82
database/img_07254_c1_1303399116382976us_rect.jpg 0.678008 0.669997 0.244093 -0.178404 206.113 57.5977 1333.3
database/img_07255_c1_1303399116449565us_rect.jpg 0.677442 0.67046 0.244444 -0.178337 207.373 55.5529 1332.65
database/img_07256_c1_1303399116516195us_rect.jpg 0.677696 0.669993 0.245047 -0.178298 208.984 56.774 1331.82
database/img_07257_c1_1303399116649578us_rect.jpg 0.678789 0.66899 0.245757 -0.176924 208.573 60.0549 1330.71
database/img_07258_c1_1303399116716214us_rect.jpg 0.678608 0.669485 0.246135 -0.175211 206.544 58.0557 1330.6
database/img_07259_c1_1303399116849571us_rect.jpg 0.67959 0.668929 0.246182 -0.173452 204.13 60.2483 1329.84
database/img_07260_c1_1303399116916197us_rect.jpg 0.680056 0.668838 0.245021 -0.173618 202.752 61.5522 1329.47
database/img_07261_c1_1303399116982948us_rect.jpg 0.680582 0.668699 0.243382 -0.174398 201.675 63.3782 1329.03
database/img_07262_c1_1303399117116205us_rect.jpg 0.680507 0.669586 0.240924 -0.174698 198.834 62.1148 1328.48
database/img_07263_c1_1303399117182952us_rect.jpg 0.680022 0.670241 0.241079 -0.17386 198.164 59.6179 1328.17
database/img_07264_c1_1303399117249570us_rect.jpg 0.679881 0.670191 0.241453 -0.174089 199.932 59.4507 1327.4
database/img_07265_c1_1303399117382950us_rect.jpg 0.680571 0.669239 0.242091 -0.174168 202.302 62.4195 1325.87
database/img_07266_c1_1303399117449571us_rect.jpg 0.680278 0.669779 0.242577 -0.172553 200.681 60.1574 1325.71
database/img_07267_c1_1303399117583350us_rect.jpg 0.678975 0.670754 0.243532 -0.172551 203.92 55.7039 1324.39
database/img_07268_c1_1303399117649597us_rect.jpg 0.6798 0.669639 0.24383 -0.173212 206.161 59.5235 1323.39
database/img_07269_c1_1303399117849611us_rect.jpg 0.674753 0.674281 0.243005 -0.176073 213.051 42.5496 1321.46
database/img_07270_c1_1303399118382991us_rect.jpg 0.675094 0.67282 0.243269 -0.179948 225.747 47.4994 1315.44
database/img_07271_c1_1303399118716210us_rect.jpg 0.680103 0.6672 0.248307 -0.175065 227.32 64.7615 1312.02
database/img_07272_c1_1303399118782954us_rect.jpg 0.6784 0.669234 0.246249 -0.176807 227.842 58.6769 1311.72
database/img_07273_c1_1303399118916228us_rect.jpg 0.678321 0.669296 0.245949 -0.177289 229.36 58.5937 1310.48
database/img_07274_c1_1303399118982966us_rect.jpg 0.679384 0.668061 0.247241 -0.176078 229.723 62.262 1309.77
database/img_07275_c1_1303399119049580us_rect.jpg 0.680565 0.666709 0.248545 -0.174802 229.941 66.3467 1309.06
database/img_07276_c1_1303399119249618us_rect.jpg 0.681298 0.665527 0.250136 -0.174179 233.182 69.4568 1306.88
database/img_07277_c1_1303399119716219us_rect.jpg 0.677813 0.668869 0.246956 -0.179436 242.226 58.8542 1302.37
database/img_07278_c1_1303399119849590us_rect.jpg 0.678443 0.668057 0.248423 -0.178051 243.247 60.8734 1301.14
database/img_07279_c1_1303399119916210us_rect.jpg 0.678647 0.667674 0.248615 -0.178441 244.873 62.0509 1300.29
database/img_07280_c1_1303399120049611us_rect.jpg 0.67872 0.667493 0.247696 -0.180111 247.523 63.1304 1298.77
database/img_07281_c1_1303399120116233us_rect.jpg 0.678506 0.667817 0.247044 -0.180609 247.898 62.3518 1298.25
database/img_07282_c1_1303399120182961us_rect.jpg 0.678227 0.668164 0.246752 -0.180774 248.303 61.2626 1297.76
database/img_07283_c1_1303399120316216us_rect.jpg 0.677809 0.66847 0.247427 -0.180283 249.822 59.6586 1296.58
database/img_07284_c1_1303399120382961us_rect.jpg 0.678033 0.668112 0.248011 -0.179966 250.802 60.5525 1295.87
database/img_07285_c1_1303399120449587us_rect.jpg 0.678292 0.66774 0.248398 -0.17984 251.783 61.6203 1295.15
database/img_07286_c1_1303399120582971us_rect.jpg 0.678732 0.667177 0.249239 -0.179103 252.948 63.1244 1293.9
database/img_07287_c1_1303399120649589us_rect.jpg 0.678872 0.666986 0.24944 -0.179003 253.662 63.6691 1293.25
database/img_07288_c1_1303399120716257us_rect.jpg 0.678877 0.666924 0.249295 -0.179416 254.759 63.9237 1292.55
database/img_07289_c1_1303399120849590us_rect.jpg 0.679268 0.666308 0.249285 -0.180237 257.388 66.0081 1290.98
database/img_07290_c1_1303399120916215us_rect.jpg 0.679257 0.66625 0.2494 -0.180332 258.357 66.0927 1290.3
database/img_07291_c1_1303399121116252us_rect.jpg 0.678644 0.66689 0.248793 -0.181113 260.607 64.0378 1288.53
database/img_07292_c1_1303399121382974us_rect.jpg 0.678608 0.666629 0.249702 -0.180957 264.243 64.2647 1285.88
database/img_07293_c1_1303399121449593us_rect.jpg 0.678582 0.666812 0.249655 -0.180445 263.757 63.72 1285.54
database/img_07294_c1_1303399121516219us_rect.jpg 0.678769 0.666887 0.249297 -0.179959 262.706 63.8046 1285.27
database/img_07295_c1_1303399121649595us_rect.jpg 0.678362 0.667749 0.248328 -0.179639 261.569 61.4373 1284.66
database/img_07296_c1_1303399121716221us_rect.jpg 0.678515 0.667843 0.247976 -0.179193 260.617 61.4363 1284.38
database/img_07297_c1_1303399121782970us_rect.jpg 0.678514 0.667811 0.24802 -0.179258 261.397 61.4898 1283.74
database/img_07298_c1_1303399121916229us_rect.jpg 0.678526 0.668253 0.247464 -0.178331 259.76 60.4573 1283.16
database/img_07299_c1_1303399121982971us_rect.jpg 0.678735 0.668297 0.24711 -0.177862 258.751 60.6407 1282.88
database/img_07300_c1_1303399122049596us_rect.jpg 0.679075 0.668165 0.246937 -0.1773 257.868 61.3473 1282.54
database/img_07301_c1_1303399122182974us_rect.jpg 0.67934 0.66837 0.246463 -0.176167 255.945 61.1493 1281.97
database/img_07302_c1_1303399122249597us_rect.jpg 0.67935 0.668467 0.246726 -0.17539 255.522 60.7211 1281.58
database/img_07303_c1_1303399122316223us_rect.jpg 0.679288 0.668525 0.246728 -0.175409 256.158 60.4843 1280.97
