database/img_03170_c0_1303398750047535us_rect.jpg 0.444579 0.454603 -0.539049 0.552369 -167.123 29.4625 -769.708
database/img_03171_c0_1303398750114135us_rect.jpg 0.444535 0.454754 -0.538599 0.552719 -167.726 28.7568 -770.133
database/img_03172_c0_1303398750180886us_rect.jpg 0.444659 0.454638 -0.538415 0.552895 -168.156 28.2667 -770.591
database/img_03173_c0_1303398750314138us_rect.jpg 0.445388 0.454462 -0.538211 0.552651 -169.744 27.8207 -771.322
database/img_03174_c0_1303398750380911us_rect.jpg 0.446067 0.454277 -0.537959 0.552501 -170.831 27.267 -771.632
database/img_03175_c0_1303398750447512us_rect.jpg 0.446661 0.454144 -0.537632 0.552449 -171.883 26.61 -771.952
database/img_03176_c0_1303398750580975us_rect.jpg 0.448196 0.453512 -0.53695 0.552388 -173.939 24.8649 -772.616
database/img_03177_c0_1303398750647520us_rect.jpg 0.44866 0.453516 -0.536618 0.552331 -175.019 24.3442 -772.924
database/img_03178_c0_1303398750714138us_rect.jpg 0.448694 0.453759 -0.53626 0.552451 -175.86 23.9617 -773.278
database/img_03179_c0_1303398750780889us_rect.jpg 0.448732 0.453939 -0.535997 0.552527 -176.613 23.6828 -773.651
database/img_03180_c0_1303398750914141us_rect.jpg 0.448398 0.454929 -0.53539 0.552573 -178.474 23.675 -774.305
database/img_03181_c0_1303398750980889us_rect.jpg 0.448627 0.455115 -0.535225 0.552393 -179.495 23.6558 -774.613
database/img_03182_c0_1303398751047515us_rect.jpg 0.448987 0.455236 -0.535047 0.552173 -180.6 23.565 -774.903
database/img_03183_c0_1303398751180919us_rect.jpg 0.45022 0.454814 -0.534515 0.552032 -182.564 22.3151 -775.57
database/img_03184_c0_1303398751247516us_rect.jpg 0.450669 0.4547 -0.534028 0.552231 -183.473 21.3282 -775.929
database/img_03185_c0_1303398751314140us_rect.jpg 0.450846 0.454691 -0.533472 0.552631 -184.166 20.2588 -776.344
database/img_03186_c0_1303398751380892us_rect.jpg 0.45061 0.454788 -0.533295 0.552915 -184.424 19.9552 -776.84
database/img_03187_c0_1303398751514145us_rect.jpg 0.449994 0.454947 -0.533145 0.55343 -184.691 19.6621 -777.894
database/img_03188_c0_1303398751580900us_rect.jpg 0.449791 0.454981 -0.533175 0.553538 -184.899 19.6959 -778.399
database/img_03189_c0_1303398751647518us_rect.jpg 0.44943 0.454838 -0.533153 0.55397 -184.632 19.3435 -779.025
database/img_03190_c0_1303398751714144us_rect.jpg 0.449133 0.454504 -0.533444 0.554205 -184.164 19.3858 -779.692
database/img_03191_c0_1303398751847520us_rect.jpg 0.448789 0.453754 -0.533607 0.554941 -183.476 18.6018 -780.987
database/img_03192_c0_1303398751914146us_rect.jpg 0.44842 0.453458 -0.533662 0.555428 -182.978 18.2021 -781.672
database/img_03193_c0_1303398751980895us_rect.jpg 0.448074 0.453211 -0.533915 0.555666 -182.574 18.2694 -782.323
database/img_03194_c0_1303398752114172us_rect.jpg 0.447563 0.451952 -0.534331 0.556702 -180.908 17.2751 -783.849
database/img_03195_c0_1303398752180918us_rect.jpg 0.447342 0.451507 -0.534676 0.55691 -180.383 17.306 -784.529
database/img_03196_c0_1303398752247522us_rect.jpg 0.446945 0.451221 -0.53498 0.557168 -179.849 17.4112 -785.213
database/img_03197_c0_1303398752314146us_rect.jpg 0.446555 0.451072 -0.535282 0.557312 -179.524 17.697 -785.842
database/img_03198_c0_1303398752447549us_rect.jpg 0.446252 0.450114 -0.535309 0.558302 -178.608 16.383 -787.209
database/img_03199_c0_1303398752514154us_rect.jpg 0.445999 0.449467 -0.535283 0.559049 -177.769 15.3954 -787.987
database/img_03200_c0_1303398752580899us_rect.jpg 0.44561 0.449221 -0.534982 0.559845 -177.336 14.347 -788.667
database/img_03201_c0_1303398752647524us_rect.jpg 0.445388 0.449025 -0.534816 0.560337 -177.201 13.6851 -789.27
database/img_03202_c0_1303398752780924us_rect.jpg 0.445439 0.448451 -0.534549 0.561011 -177.35 12.3936 -790.387
database/img_03203_c0_1303398752847526us_rect.jpg 0.445802 0.447935 -0.534392 0.561284 -177.56 11.4983 -790.916
database/img_03204_c0_1303398752914151us_rect.jpg 0.446168 0.447656 -0.534397 0.561212 -178.113 11.2399 -791.361
database/img_03205_c0_1303398752980901us_rect.jpg 0.446349 0.447346 -0.534176 0.561525 -178.376 10.4352 -791.879
database/img_03206_c0_1303398753114170us_rect.jpg 0.445928 0.447986 -0.533653 0.561846 -179.655 10.0941 -792.729
database/img_03207_c0_1303398753180902us_rect.jpg 0.445548 0.448153 -0.533665 0.562003 -179.822 10.2209 -793.256
database/img_03208_c0_1303398753314154us_rect.jpg 0.445014 0.448588 -0.534171 0.561598 -180.601 11.6446 -794.208
database/img_03209_c0_1303398753380904us_rect.jpg 0.445077 0.448297 -0.534487 0.56148 -180.702 11.911 -794.756
database/img_03210_c0_1303398753447529us_rect.jpg 0.445715 0.448023 -0.534375 0.561299 -181.656 11.5057 -795.113
database/img_03211_c0_1303398753514154us_rect.jpg 0.446675 0.447443 -0.534114 0.561247 -182.62 10.4933 -795.471
database/img_03212_c0_1303398753647553us_rect.jpg 0.448833 0.445894 -0.533097 0.561725 -184.347 7.03234 -796.258
database/img_03213_c0_1303398753714154us_rect.jpg 0.449776 0.445187 -0.532559 0.562042 -185.13 5.29339 -796.666
database/img_03214_c0_1303398753780905us_rect.jpg 0.450398 0.444517 -0.532345 0.562277 -185.501 4.15737 -797.161
database/img_03215_c0_1303398753914155us_rect.jpg 0.45008 0.445086 -0.532206 0.562214 -186.803 4.51586 -798.006
database/img_03216_c0_1303398753980903us_rect.jpg 0.449579 0.445775 -0.532138 0.562132 -187.568 5.1267 -798.404
database/img_03217_c0_1303398754047529us_rect.jpg 0.449725 0.446047 -0.531924 0.562002 -188.642 5.09326 -798.727
database/img_03218_c0_1303398754180935us_rect.jpg 0.45031 0.44594 -0.530865 0.562619 -190.284 2.9759 -799.507
database/img_03219_c0_1303398754247553us_rect.jpg 0.450517 0.445856 -0.530384 0.562974 -190.935 1.94511 -799.937
database/img_03220_c0_1303398754314155us_rect.jpg 0.450971 0.44562 -0.530385 0.562796 -191.694 1.77305 -800.341
database/img_03221_c0_1303398754380905us_rect.jpg 0.451673 0.445155 -0.53053 0.562465 -192.462 1.67243 -800.737
database/img_03222_c0_1303398754514184us_rect.jpg 0.452825 0.444454 -0.530941 0.561704 -193.975 1.95073 -801.54
database/img_03223_c0_1303398754580907us_rect.jpg 0.453136 0.444426 -0.530775 0.561633 -194.846 1.67207 -801.913
database/img_03224_c0_1303398754647534us_rect.jpg 0.453458 0.444448 -0.530569 0.56155 -195.81 1.38383 -802.261
database/img_03225_c0_1303398754780912us_rect.jpg 0.45417 0.443872 -0.530152 0.561824 -196.932 -0.0103296 -803.162
database/img_03226_c0_1303398754847535us_rect.jpg 0.454234 0.444187 -0.530101 0.561571 -197.953 0.32451 -803.501
database/img_03227_c0_1303398754914161us_rect.jpg 0.454319 0.444339 -0.529912 0.561561 -198.772 0.161465 -803.887
database/img_03228_c0_1303398754980912us_rect.jpg 0.454475 0.444679 -0.52967 0.561394 -199.975 0.16792 -804.176
database/img_03229_c0_1303398755114163us_rect.jpg 0.454802 0.444702 -0.529327 0.561434 -201.431 -0.404986 -804.999
database/img_03230_c0_1303398755180913us_rect.jpg 0.455032 0.444632 -0.529357 0.561275 -202.122 -0.362891 -805.423
database/img_03231_c0_1303398755247538us_rect.jpg 0.455179 0.444567 -0.529239 0.561319 -202.707 -0.649081 -805.867
database/img_03232_c0_1303398755314163us_rect.jpg 0.455335 0.444428 -0.529294 0.56125 -203.185 -0.671406 -806.336
database/img_03233_c0_1303398755447539us_rect.jpg 0.455355 0.444313 -0.529606 0.561031 -203.954 -0.181688 -807.332
database/img_03234_c0_1303398755514165us_rect.jpg 0.455092 0.444328 -0.529482 0.56135 -204.069 -0.517053 -807.897
database/img_03235_c0_1303398755580913us_rect.jpg 0.454667 0.444674 -0.529309 0.561582 -204.443 -0.566063 -808.397
database/img_03236_c0_1303398755714165us_rect.jpg 0.453859 0.44526 -0.529238 0.561839 -205.079 -0.229632 -809.435
database/img_03237_c0_1303398755780915us_rect.jpg 0.453579 0.445314 -0.529313 0.561951 -205.22 -0.10534 -809.998
database/img_03238_c0_1303398755847541us_rect.jpg 0.453471 0.44525 -0.529478 0.561934 -205.426 0.107636 -810.544
database/img_03239_c0_1303398755980942us_rect.jpg 0.453494 0.444942 -0.529893 0.561768 -205.916 0.55344 -811.619
database/img_03240_c0_1303398756047542us_rect.jpg 0.453587 0.444699 -0.530254 0.561545 -206.139 1.00611 -812.165
database/img_03241_c0_1303398756114166us_rect.jpg 0.453755 0.444288 -0.53031 0.561681 -206.236 0.624601 -812.738
database/img_03242_c0_1303398756247955us_rect.jpg 0.453816 0.443267 -0.5302 0.562541 -205.748 -0.973923 -814.059
database/img_03243_c0_1303398756314169us_rect.jpg 0.453685 0.443022 -0.530095 0.562939 -205.669 -1.57895 -814.679
database/img_03244_c0_1303398756380918us_rect.jpg 0.453507 0.443057 -0.530051 0.563097 -205.933 -1.69464 -815.211
database/img_03245_c0_1303398756447543us_rect.jpg 0.453213 0.443319 -0.529836 0.563329 -206.378 -1.90282 -815.695
database/img_03246_c0_1303398756580919us_rect.jpg 0.452366 0.443876 -0.530036 0.563383 -206.905 -1.04704 -816.769
database/img_03247_c0_1303398756647543us_rect.jpg 0.452084 0.443663 -0.530585 0.56326 -206.615 -0.288979 -817.443
database/img_03248_c0_1303398756714169us_rect.jpg 0.45195 0.443329 -0.531596 0.562678 -206.333 1.33125 -818.114
database/img_03249_c0_1303398756914170us_rect.jpg 0.451449 0.443161 -0.53352 0.56139 -206.651 4.96989 -819.806
database/img_03250_c0_1303398757047583us_rect.jpg 0.452714 0.441567 -0.533054 0.562069 -207.075 2.26441 -820.929
database/img_03251_c0_1303398757114171us_rect.jpg 0.453219 0.440963 -0.532729 0.562445 -207.398 0.932851 -821.449
database/img_03252_c0_1303398757180924us_rect.jpg 0.453485 0.440572 -0.532389 0.562859 -207.692 -0.226034 -821.982
database/img_03253_c0_1303398757314199us_rect.jpg 0.45396 0.440559 -0.531951 0.5629 -209.343 -1.00526 -822.758
database/img_03254_c0_1303398757380924us_rect.jpg 0.454305 0.440381 -0.53177 0.562932 -210.064 -1.51086 -823.176
database/img_03255_c0_1303398757447550us_rect.jpg 0.454512 0.44033 -0.53182 0.562758 -210.758 -1.40403 -823.596
database/img_03256_c0_1303398757580969us_rect.jpg 0.455258 0.440017 -0.532168 0.56207 -212.306 -0.81899 -824.406
database/img_03257_c0_1303398757647550us_rect.jpg 0.455526 0.439962 -0.532114 0.561947 -213.091 -0.911893 -824.811
database/img_03258_c0_1303398757714176us_rect.jpg 0.455835 0.439948 -0.531854 0.561953 -214.015 -1.37147 -825.171
database/img_03259_c0_1303398757780927us_rect.jpg 0.455923 0.440056 -0.531841 0.561809 -214.775 -1.21757 -825.568
database/img_03260_c0_1303398757914177us_rect.jpg 0.455434 0.440482 -0.531781 0.561929 -215.628 -0.971635 -826.563
database/img_03261_c0_1303398757980927us_rect.jpg 0.455121 0.440914 -0.531865 0.561764 -216.278 -0.326429 -827
database/img_03262_c0_1303398758047552us_rect.jpg 0.454909 0.441075 -0.531862 0.561812 -216.673 -0.201075 -827.502
database/img_03263_c0_1303398758180970us_rect.jpg 0.454601 0.441544 -0.53186 0.561696 -217.862 0.301085 -828.412
database/img_03264_c0_1303398758247554us_rect.jpg 0.4546 0.441909 -0.53188 0.561391 -218.881 0.835869 -828.75
database/img_03265_c0_1303398758314192us_rect.jpg 0.454564 0.442321 -0.531808 0.561163 -219.925 1.22779 -829.08
database/img_03266_c0_1303398758447905us_rect.jpg 0.454957 0.442541 -0.531883 0.560599 -221.771 1.84037 -829.8
database/img_03267_c0_1303398758514180us_rect.jpg 0.455289 0.442295 -0.531753 0.560648 -222.366 1.3446 -830.249
database/img_03268_c0_1303398758580930us_rect.jpg 0.45576 0.442068 -0.531835 0.560366 -223.186 1.39197 -830.637
database/img_03269_c0_1303398758647555us_rect.jpg 0.455944 0.442166 -0.531825 0.560148 -224.075 1.57452 -831.003
database/img_03270_c0_1303398758780933us_rect.jpg 0.456272 0.442337 -0.531834 0.559738 -225.756 1.94996 -831.767
database/img_03271_c0_1303398758847557us_rect.jpg 0.456454 0.442291 -0.531821 0.559639 -226.424 1.92626 -832.194
database/img_03272_c0_1303398758914181us_rect.jpg 0.456738 0.442394 -0.531772 0.559372 -227.472 2.07572 -832.506
database/img_03273_c0_1303398759048654us_rect.jpg 0.45664 0.442532 -0.531754 0.559359 -228.473 2.18019 -833.452
database/img_03274_c0_1303398759114192us_rect.jpg 0.456656 0.442859 -0.5319 0.558948 -229.45 2.95535 -833.78
database/img_03275_c0_1303398759180931us_rect.jpg 0.456689 0.442994 -0.531925 0.558791 -230.168 3.20401 -834.192
database/img_03276_c0_1303398759247557us_rect.jpg 0.45654 0.443192 -0.532118 0.558571 -230.702 3.83522 -834.648
database/img_03277_c0_1303398759380963us_rect.jpg 0.456431 0.443001 -0.532186 0.558748 -231.179 3.66105 -835.741
database/img_03278_c0_1303398759447581us_rect.jpg 0.456504 0.44267 -0.532225 0.558913 -231.248 3.30873 -836.336
database/img_03279_c0_1303398759514184us_rect.jpg 0.456076 0.442845 -0.531968 0.559369 -231.351 2.80421 -836.907
database/img_03280_c0_1303398759647587us_rect.jpg 0.456328 0.442372 -0.532266 0.559254 -231.919 2.89182 -837.973
database/img_03281_c0_1303398759714213us_rect.jpg 0.456698 0.441906 -0.532261 0.559324 -232.231 2.38303 -838.497
database/img_03282_c0_1303398759780939us_rect.jpg 0.456809 0.441626 -0.532344 0.559377 -232.427 2.21365 -839.052
database/img_03283_c0_1303398759847563us_rect.jpg 0.456637 0.44163 -0.532329 0.559529 -232.639 2.10538 -839.6
database/img_03284_c0_1303398759980966us_rect.jpg 0.455105 0.442724 -0.532769 0.559493 -232.921 3.95303 -840.711
database/img_03285_c0_1303398760047560us_rect.jpg 0.454318 0.442972 -0.532857 0.559852 -232.574 4.1562 -841.411
database/img_03286_c0_1303398760180983us_rect.jpg 0.452575 0.444357 -0.5323 0.560696 -233.056 4.12015 -842.502
database/img_03287_c0_1303398760247588us_rect.jpg 0.451844 0.444913 -0.532054 0.561078 -233.298 4.04612 -843.045
database/img_03288_c0_1303398760314200us_rect.jpg 0.451526 0.445097 -0.532143 0.561103 -233.568 4.36216 -843.578
database/img_03289_c0_1303398760380949us_rect.jpg 0.451564 0.44457 -0.532571 0.561084 -233.251 4.58281 -844.271
database/img_03290_c0_1303398760514220us_rect.jpg 0.452716 0.443062 -0.533723 0.560254 -233.508 5.4883 -845.406
database/img_03291_c0_1303398760580948us_rect.jpg 0.453536 0.442476 -0.533681 0.560094 -234.3 4.91294 -845.791
database/img_03292_c0_1303398760647565us_rect.jpg 0.454484 0.441577 -0.533482 0.560225 -234.814 3.6042 -846.253
database/img_03293_c0_1303398760780944us_rect.jpg 0.456484 0.439875 -0.532909 0.560482 -236.177 0.797715 -847.074
database/img_03294_c0_1303398760847567us_rect.jpg 0.456955 0.439455 -0.532797 0.560534 -236.71 0.156532 -847.523
database/img_03295_c0_1303398760914196us_rect.jpg 0.457324 0.439439 -0.532707 0.560332 -237.711 0.0884812 -847.847
database/img_03296_c0_1303398761047569us_rect.jpg 0.457387 0.439674 -0.532829 0.55998 -239.075 0.705948 -848.66
database/img_03297_c0_1303398761114203us_rect.jpg 0.457433 0.439751 -0.533248 0.559483 -239.694 1.76329 -849.089
database/img_03298_c0_1303398761180946us_rect.jpg 0.457672 0.439455 -0.533716 0.559073 -240.028 2.49632 -849.592
database/img_03299_c0_1303398761314216us_rect.jpg 0.458484 0.438923 -0.533534 0.558999 -241.37 1.69445 -850.407
database/img_03300_c0_1303398761380959us_rect.jpg 0.459105 0.438553 -0.533141 0.559156 -242.226 0.564384 -850.761
database/img_03301_c0_1303398761447570us_rect.jpg 0.459924 0.437954 -0.533081 0.559009 -243.014 -0.0449364 -851.136
database/img_03302_c0_1303398761514205us_rect.jpg 0.460636 0.437402 -0.533022 0.558911 -243.709 -0.63193 -851.531
database/img_03303_c0_1303398761647596us_rect.jpg 0.461276 0.437112 -0.532774 0.558847 -245.172 -1.31638 -852.31
database/img_03304_c0_1303398761714200us_rect.jpg 0.460913 0.437465 -0.53281 0.558835 -245.614 -0.910143 -852.782
database/img_03305_c0_1303398761780950us_rect.jpg 0.460645 0.437722 -0.532908 0.558762 -246.047 -0.459166 -853.258
database/img_03306_c0_1303398761914206us_rect.jpg 0.459781 0.438738 -0.532676 0.558897 -247.217 0.043132 -854.117
database/img_03307_c0_1303398761980950us_rect.jpg 0.459582 0.439172 -0.532415 0.558969 -248.054 -0.0299707 -854.471
database/img_03308_c0_1303398762114226us_rect.jpg 0.460142 0.438937 -0.532101 0.558991 -249.48 -0.821101 -855.249
database/img_03309_c0_1303398762180952us_rect.jpg 0.460608 0.438561 -0.5322 0.558809 -250.058 -0.918616 -855.681
database/img_03310_c0_1303398762247576us_rect.jpg 0.460914 0.438386 -0.532125 0.558766 -250.716 -1.19935 -856.087
database/img_03311_c0_1303398762381219us_rect.jpg 0.461089 0.438322 -0.532319 0.558486 -251.779 -0.774752 -856.974
database/img_03312_c0_1303398762447576us_rect.jpg 0.460991 0.438542 -0.532296 0.558416 -252.423 -0.565626 -857.381
database/img_03313_c0_1303398762514208us_rect.jpg 0.460744 0.438998 -0.53235 0.558211 -253.195 0.0853292 -857.742
database/img_03314_c0_1303398762580953us_rect.jpg 0.460537 0.439302 -0.532103 0.558378 -253.819 -0.148578 -858.156
database/img_03315_c0_1303398762714230us_rect.jpg 0.46041 0.43961 -0.532052 0.558288 -255.007 0.108923 -858.992
database/img_03316_c0_1303398762780954us_rect.jpg 0.4606 0.439528 -0.531827 0.558411 -255.638 -0.436785 -859.405
database/img_03317_c0_1303398762847579us_rect.jpg 0.461029 0.43939 -0.531816 0.558176 -256.538 -0.462372 -859.729
database/img_03318_c0_1303398762980957us_rect.jpg 0.461261 0.439339 -0.531763 0.558075 -257.724 -0.55339 -860.566
database/img_03319_c0_1303398763047580us_rect.jpg 0.461481 0.439277 -0.531893 0.557817 -258.412 -0.240871 -860.956
database/img_03320_c0_1303398763114208us_rect.jpg 0.46173 0.439128 -0.532043 0.557587 -259.003 0.0052211 -861.376
database/img_03321_c0_1303398763247583us_rect.jpg 0.46296 0.438302 -0.532406 0.55687 -260.491 0.257128 -862.118
database/img_03322_c0_1303398763314209us_rect.jpg 0.46351 0.437837 -0.532548 0.556642 -261.057 0.189386 -862.545
database/img_03323_c0_1303398763380958us_rect.jpg 0.464011 0.437418 -0.532632 0.556472 -261.623 0.0335111 -862.967
database/img_03324_c0_1303398763514234us_rect.jpg 0.464126 0.437771 -0.532855 0.555887 -263.222 1.10496 -863.67
database/img_03325_c0_1303398763647584us_rect.jpg 0.463305 0.438885 -0.532556 0.555979 -264.596 1.59348 -864.431
database/img_03326_c0_1303398763714207us_rect.jpg 0.462479 0.439462 -0.532273 0.556482 -264.678 1.34376 -865.003
database/img_03327_c0_1303398763780956us_rect.jpg 0.461819 0.440035 -0.532062 0.556779 -265.008 1.34297 -865.492
database/img_03328_c0_1303398763914233us_rect.jpg 0.461749 0.440141 -0.532685 0.556157 -265.908 2.89093 -866.393
database/img_03329_c0_1303398763980957us_rect.jpg 0.461984 0.439901 -0.533208 0.555651 -266.295 3.87511 -866.856
database/img_03330_c0_1303398764047583us_rect.jpg 0.462856 0.439213 -0.533682 0.555014 -266.973 4.42628 -867.229
database/img_03331_c0_1303398764180962us_rect.jpg 0.465213 0.43659 -0.534204 0.554609 -267.372 3.06884 -868.269
database/img_03332_c0_1303398764247584us_rect.jpg 0.466256 0.43547 -0.534413 0.554412 -267.666 2.48426 -868.752
database/img_03333_c0_1303398764314208us_rect.jpg 0.466614 0.43506 -0.534274 0.554568 -268.026 1.75176 -869.214
database/img_03334_c0_1303398764447590us_rect.jpg 0.466975 0.434809 -0.534286 0.554449 -269.056 1.60415 -870.033
database/img_03335_c0_1303398764514211us_rect.jpg 0.467395 0.433983 -0.535402 0.553665 -268.756 3.241 -870.688
database/img_03336_c0_1303398764580963us_rect.jpg 0.467695 0.433701 -0.536792 0.552285 -269.082 6.2583 -871.133
database/img_03337_c0_1303398764714239us_rect.jpg 0.4673 0.433006 -0.536212 0.553726 -268.274 3.66176 -872.519
database/img_03338_c0_1303398764780966us_rect.jpg 0.467351 0.432483 -0.535189 0.55508 -268.047 0.52158 -873.147
database/img_03339_c0_1303398764847591us_rect.jpg 0.46786 0.431685 -0.534576 0.555863 -268.071 -1.80606 -873.687
database/img_03340_c0_1303398764980993us_rect.jpg 0.469285 0.429795 -0.535891 0.554859 -268.085 -0.690758 -874.785
database/img_03341_c0_1303398765047590us_rect.jpg 0.46957 0.429315 -0.536796 0.554114 -268.111 0.89848 -875.321
database/img_03342_c0_1303398765114215us_rect.jpg 0.46945 0.429759 -0.537304 0.55338 -268.966 2.67751 -875.594
database/img_03343_c0_1303398765180966us_rect.jpg 0.46897 0.430468 -0.537207 0.553329 -269.722 3.21498 -875.895
database/img_03344_c0_1303398765314241us_rect.jpg 0.467327 0.432674 -0.536956 0.553243 -271.394 4.92854 -876.438
database/img_03345_c0_1303398765380968us_rect.jpg 0.466611 0.433516 -0.536816 0.553322 -271.994 5.43389 -876.778
database/img_03346_c0_1303398765447592us_rect.jpg 0.465823 0.43433 -0.536248 0.553898 -272.471 4.84342 -877.158
database/img_03347_c0_1303398765580975us_rect.jpg 0.465605 0.435439 -0.534991 0.554428 -274.75 3.36099 -877.49
database/img_03348_c0_1303398765647593us_rect.jpg 0.466105 0.435363 -0.53451 0.55453 -275.845 2.38873 -877.652
database/img_03349_c0_1303398765714217us_rect.jpg 0.46736 0.435053 -0.534051 0.55416 -277.758 1.53242 -877.561
database/img_03350_c0_1303398765847597us_rect.jpg 0.469519 0.434533 -0.533288 0.553476 -281.177 0.178477 -877.475
database/img_03351_c0_1303398765914220us_rect.jpg 0.470435 0.434689 -0.533163 0.552697 -283.256 0.631216 -877.308
database/img_03352_c0_1303398765980970us_rect.jpg 0.470436 0.435524 -0.532955 0.552239 -284.954 1.36688 -877.251
database/img_03353_c0_1303398766114243us_rect.jpg 0.470425 0.436837 -0.532857 0.551305 -287.736 3.05662 -877.323
database/img_03354_c0_1303398766180972us_rect.jpg 0.470155 0.437385 -0.532719 0.551233 -288.543 3.38206 -877.543
database/img_03355_c0_1303398766247597us_rect.jpg 0.469816 0.438071 -0.532742 0.550956 -289.438 4.25219 -877.721
database/img_03356_c0_1303398766380998us_rect.jpg 0.469469 0.439338 -0.533224 0.549775 -291.545 7.07984 -877.943
database/img_03357_c0_1303398766447598us_rect.jpg 0.469727 0.439283 -0.533759 0.54908 -292.158 8.43103 -878.19
database/img_03358_c0_1303398766514223us_rect.jpg 0.469887 0.439024 -0.53447 0.548458 -292.273 9.85686 -878.586
database/img_03359_c0_1303398766647625us_rect.jpg 0.469822 0.438199 -0.535323 0.548342 -291.436 10.6527 -879.735
database/img_03170_c1_1303398750047557us_rect.jpg 0.043234 0.067541 0.70102 -0.708618 762.636 9.24689 -195.12
database/img_03171_c1_1303398750114177us_rect.jpg 0.04327 0.067573 0.700534 -0.709094 763.074 8.89037 -195.511
database/img_03172_c1_1303398750180928us_rect.jpg 0.04333 0.067662 0.700374 -0.709239 763.535 8.73656 -195.796
database/img_03173_c1_1303398750314214us_rect.jpg 0.043165 0.067352 0.700432 -0.709221 764.246 8.88751 -197.191
database/img_03174_c1_1303398750380945us_rect.jpg 0.042762 0.06735 0.700564 -0.709116 764.562 8.53545 -198.062
database/img_03175_c1_1303398750447554us_rect.jpg 0.042162 0.067285 0.700749 -0.708975 764.804 8.07543 -199.211
database/img_03176_c1_1303398750580995us_rect.jpg 0.040795 0.067695 0.701161 -0.708608 765.403 6.45655 -201.095
database/img_03177_c1_1303398750647555us_rect.jpg 0.040515 0.067578 0.701116 -0.708681 765.719 6.2274 -201.972
database/img_03178_c1_1303398750714180us_rect.jpg 0.040332 0.067362 0.700826 -0.708999 766.026 6.02547 -202.867
database/img_03179_c1_1303398750780930us_rect.jpg 0.04021 0.06722 0.700514 -0.709327 766.371 5.79748 -203.616
database/img_03180_c1_1303398750914216us_rect.jpg 0.040133 0.066592 0.699722 -0.710171 767.01 5.75038 -205.316
database/img_03181_c1_1303398750980931us_rect.jpg 0.039974 0.066333 0.699716 -0.710211 767.318 5.82641 -206.218
database/img_03182_c1_1303398751047557us_rect.jpg 0.039629 0.066024 0.699751 -0.710225 767.556 5.78175 -207.377
database/img_03183_c1_1303398751180944us_rect.jpg 0.038623 0.06608 0.700072 -0.709959 768.149 4.84668 -209.277
database/img_03184_c1_1303398751247582us_rect.jpg 0.038129 0.06614 0.700044 -0.710007 768.452 4.21785 -210.198
database/img_03185_c1_1303398751314184us_rect.jpg 0.037737 0.066446 0.699717 -0.710321 768.858 3.22092 -210.75
database/img_03186_c1_1303398751380936us_rect.jpg 0.03775 0.066509 0.69943 -0.710598 769.313 2.93934 -211.13
database/img_03187_c1_1303398751514220us_rect.jpg 0.038162 0.06674 0.698809 -0.711165 770.366 2.65782 -211.355
database/img_03188_c1_1303398751580943us_rect.jpg 0.038581 0.066753 0.69866 -0.711288 770.929 2.97425 -211.347
database/img_03189_c1_1303398751647561us_rect.jpg 0.03891 0.066977 0.698335 -0.711567 771.525 2.8458 -211.208
database/img_03190_c1_1303398751714189us_rect.jpg 0.039242 0.067544 0.698329 -0.711502 772.235 2.60726 -210.671
database/img_03191_c1_1303398751847589us_rect.jpg 0.0399 0.068622 0.698077 -0.711609 773.63 2.00087 -209.678
database/img_03192_c1_1303398751914189us_rect.jpg 0.040239 0.06919 0.697713 -0.711892 774.336 1.49809 -209.149
database/img_03193_c1_1303398751980946us_rect.jpg 0.040729 0.069552 0.697543 -0.711995 775.026 1.52137 -208.675
database/img_03194_c1_1303398752114192us_rect.jpg 0.041431 0.071328 0.697563 -0.71176 776.648 0.449651 -206.843
database/img_03195_c1_1303398752180948us_rect.jpg 0.04185 0.07194 0.697609 -0.711628 777.392 0.300441 -206.159
database/img_03196_c1_1303398752247563us_rect.jpg 0.042397 0.072207 0.697537 -0.711639 778.071 0.558676 -205.726
database/img_03197_c1_1303398752314192us_rect.jpg 0.042787 0.072399 0.697427 -0.711704 778.681 0.693989 -205.551
database/img_03198_c1_1303398752447571us_rect.jpg 0.04324 0.073703 0.696986 -0.711975 780.081 -0.514638 -204.534
database/img_03199_c1_1303398752514191us_rect.jpg 0.043437 0.07457 0.696699 -0.712153 780.831 -1.42415 -203.818
database/img_03200_c1_1303398752580945us_rect.jpg 0.043598 0.075245 0.696242 -0.71252 781.517 -2.30302 -203.363
database/img_03201_c1_1303398752647566us_rect.jpg 0.043793 0.075794 0.69588 -0.712803 782.173 -2.94068 -203.006
database/img_03202_c1_1303398752780955us_rect.jpg 0.043689 0.076487 0.695485 -0.713121 783.232 -4.10029 -203.283
database/img_03203_c1_1303398752847568us_rect.jpg 0.043621 0.07686 0.695598 -0.712975 783.77 -4.49197 -203.4
database/img_03204_c1_1303398752914202us_rect.jpg 0.043684 0.07698 0.695722 -0.712837 784.277 -4.46672 -203.653
database/img_03205_c1_1303398752980946us_rect.jpg 0.043348 0.077258 0.695698 -0.712851 784.706 -5.15886 -204.176
database/img_03206_c1_1303398753114199us_rect.jpg 0.043269 0.077066 0.694915 -0.71364 785.518 -5.66992 -205.446
database/img_03207_c1_1303398753180950us_rect.jpg 0.043762 0.07694 0.694635 -0.713895 786.074 -5.21455 -205.519
database/img_03208_c1_1303398753314228us_rect.jpg 0.044449 0.076535 0.694516 -0.714013 787.066 -4.146 -206.164
database/img_03209_c1_1303398753380947us_rect.jpg 0.044666 0.076482 0.69484 -0.71369 787.573 -3.61419 -206.443
database/img_03210_c1_1303398753447570us_rect.jpg 0.044383 0.076676 0.695067 -0.713465 788.002 -3.97188 -207
database/img_03211_c1_1303398753514199us_rect.jpg 0.043535 0.07715 0.695493 -0.713051 788.347 -5.0978 -207.853
database/img_03212_c1_1303398753647573us_rect.jpg 0.04127 0.078491 0.696124 -0.712424 788.968 -8.56083 -209.76
database/img_03213_c1_1303398753714199us_rect.jpg 0.040319 0.079138 0.696339 -0.712196 789.317 -10.1433 -210.548
database/img_03214_c1_1303398753780948us_rect.jpg 0.039947 0.079557 0.696541 -0.711973 789.781 -10.854 -210.95
database/img_03215_c1_1303398753914234us_rect.jpg 0.039927 0.079198 0.69613 -0.712416 790.575 -10.8476 -212.34
database/img_03216_c1_1303398753980949us_rect.jpg 0.040177 0.078619 0.69585 -0.71274 790.937 -10.1949 -213.203
database/img_03217_c1_1303398754047575us_rect.jpg 0.040061 0.078475 0.695678 -0.712929 791.31 -10.321 -213.973
database/img_03218_c1_1303398754180956us_rect.jpg 0.038668 0.07882 0.695362 -0.713276 791.876 -12.5107 -216.081
database/img_03219_c1_1303398754247577us_rect.jpg 0.038054 0.078933 0.695276 -0.713381 792.168 -13.3976 -217.111
database/img_03220_c1_1303398754314202us_rect.jpg 0.037731 0.079054 0.695632 -0.713038 792.566 -13.6167 -217.799
database/img_03221_c1_1303398754380951us_rect.jpg 0.037308 0.079108 0.69603 -0.712666 792.909 -13.846 -218.676
database/img_03222_c1_1303398754514229us_rect.jpg 0.036639 0.078865 0.697038 -0.711741 793.549 -13.5617 -220.63
database/img_03223_c1_1303398754580952us_rect.jpg 0.036373 0.078769 0.697105 -0.7117 793.895 -13.7168 -221.51
database/img_03224_c1_1303398754647578us_rect.jpg 0.035929 0.078824 0.69733 -0.711496 794.227 -14.1008 -222.413
database/img_03225_c1_1303398754780979us_rect.jpg 0.035074 0.079268 0.697442 -0.71138 794.995 -15.4591 -223.813
database/img_03226_c1_1303398754847601us_rect.jpg 0.035177 0.079073 0.697402 -0.711436 795.433 -15.1865 -224.401
database/img_03227_c1_1303398754914203us_rect.jpg 0.035024 0.07883 0.697329 -0.711541 795.765 -15.1715 -225.33
database/img_03228_c1_1303398754980954us_rect.jpg 0.03491 0.078786 0.697312 -0.711569 796.175 -15.2798 -225.988
database/img_03229_c1_1303398755114204us_rect.jpg 0.034802 0.078916 0.697138 -0.71173 797.097 -15.7072 -226.923
database/img_03230_c1_1303398755180955us_rect.jpg 0.034665 0.07887 0.697245 -0.711637 797.501 -15.7388 -227.608
database/img_03231_c1_1303398755247580us_rect.jpg 0.034532 0.078864 0.697289 -0.711601 797.916 -15.8584 -228.242
database/img_03232_c1_1303398755314205us_rect.jpg 0.034435 0.078825 0.697503 -0.7114 798.337 -15.7636 -228.87
database/img_03233_c1_1303398755447606us_rect.jpg 0.034366 0.078688 0.697772 -0.711155 799.201 -15.5009 -230.058
database/img_03234_c1_1303398755514206us_rect.jpg 0.034363 0.078964 0.697572 -0.711321 799.743 -15.9739 -230.227
database/img_03235_c1_1303398755580958us_rect.jpg 0.034451 0.078965 0.697174 -0.711706 800.226 -16.2161 -230.612
database/img_03236_c1_1303398755714209us_rect.jpg 0.035163 0.078614 0.696643 -0.712231 801.285 -15.5085 -231.187
database/img_03237_c1_1303398755780959us_rect.jpg 0.035418 0.078591 0.696535 -0.712325 801.824 -15.2975 -231.41
database/img_03238_c1_1303398755847583us_rect.jpg 0.035701 0.078639 0.696485 -0.712355 802.401 -15.0863 -231.519
database/img_03239_c1_1303398755981017us_rect.jpg 0.036167 0.07867 0.696732 -0.712087 803.509 -14.415 -231.916
database/img_03240_c1_1303398756047584us_rect.jpg 0.036293 0.078782 0.697069 -0.711738 804.059 -14.1229 -232.119
database/img_03241_c1_1303398756114209us_rect.jpg 0.036242 0.079164 0.697233 -0.711537 804.63 -14.4618 -232.212
database/img_03242_c1_1303398756247980us_rect.jpg 0.036355 0.080059 0.697128 -0.711535 805.882 -15.4036 -232.016
database/img_03243_c1_1303398756314241us_rect.jpg 0.036589 0.080345 0.696988 -0.711628 806.516 -15.5751 -231.903
database/img_03244_c1_1303398756380961us_rect.jpg 0.036706 0.080454 0.696805 -0.711788 807.05 -15.7257 -232.131
database/img_03245_c1_1303398756447586us_rect.jpg 0.036942 0.080256 0.696427 -0.712168 807.527 -15.5772 -232.585
database/img_03246_c1_1303398756580964us_rect.jpg 0.037804 0.079854 0.695705 -0.712874 808.62 -14.8041 -233.057
database/img_03247_c1_1303398756647588us_rect.jpg 0.03837 0.080036 0.695987 -0.712548 809.347 -14.1308 -232.677
database/img_03248_c1_1303398756714212us_rect.jpg 0.039218 0.079938 0.696649 -0.711865 810.09 -12.5174 -232.291
database/img_03249_c1_1303398756914219us_rect.jpg 0.039733 0.079435 0.697963 -0.710604 811.533 -10.3221 -233.704
database/img_03250_c1_1303398757047629us_rect.jpg 0.038612 0.081174 0.698468 -0.709974 812.65 -13.0643 -233.907
database/img_03251_c1_1303398757114224us_rect.jpg 0.038087 0.081805 0.698455 -0.709942 813.133 -14.3677 -234.259
database/img_03252_c1_1303398757180965us_rect.jpg 0.037608 0.082301 0.698381 -0.709983 813.584 -15.5251 -234.719
database/img_03253_c1_1303398757314221us_rect.jpg 0.037097 0.082492 0.698374 -0.709995 814.396 -16.3475 -236.056
database/img_03254_c1_1303398757380967us_rect.jpg 0.036965 0.082524 0.698451 -0.709922 814.827 -16.4805 -236.654
database/img_03255_c1_1303398757447591us_rect.jpg 0.036822 0.082271 0.698689 -0.709725 815.168 -16.1811 -237.593
database/img_03256_c1_1303398757581003us_rect.jpg 0.036817 0.081971 0.69929 -0.709168 816.021 -15.3731 -238.908
database/img_03257_c1_1303398757647594us_rect.jpg 0.036691 0.081853 0.699493 -0.708988 816.41 -15.2267 -239.672
database/img_03258_c1_1303398757714219us_rect.jpg 0.036468 0.081867 0.699479 -0.709012 816.801 -15.5215 -240.397
database/img_03259_c1_1303398757780969us_rect.jpg 0.036322 0.081812 0.699514 -0.70899 817.196 -15.6092 -241.113
database/img_03260_c1_1303398757914247us_rect.jpg 0.036391 0.081173 0.699373 -0.709199 817.946 -14.9863 -242.753
database/img_03261_c1_1303398757980969us_rect.jpg 0.036617 0.080709 0.699303 -0.70931 818.344 -14.3003 -243.524
database/img_03262_c1_1303398758047596us_rect.jpg 0.036729 0.080517 0.699165 -0.709462 818.786 -14.0979 -244.107
database/img_03263_c1_1303398758180988us_rect.jpg 0.037082 0.080073 0.699018 -0.709638 819.702 -13.3639 -245.191
database/img_03264_c1_1303398758247596us_rect.jpg 0.037333 0.079575 0.698867 -0.70983 820.093 -12.6841 -245.977
database/img_03265_c1_1303398758314221us_rect.jpg 0.037426 0.079126 0.698798 -0.709943 820.443 -12.1657 -246.885
database/img_03266_c1_1303398758447929us_rect.jpg 0.03697 0.078874 0.699076 -0.709722 821.135 -12.1935 -248.671
database/img_03267_c1_1303398758514246us_rect.jpg 0.036537 0.079046 0.69923 -0.709573 821.503 -12.7509 -249.447
database/img_03268_c1_1303398758580973us_rect.jpg 0.036289 0.078897 0.699415 -0.70942 821.83 -12.7225 -250.39
database/img_03269_c1_1303398758647599us_rect.jpg 0.036028 0.078567 0.699547 -0.70934 822.089 -12.5597 -251.561
database/img_03270_c1_1303398758780981us_rect.jpg 0.035804 0.077932 0.699647 -0.709323 822.723 -12.0598 -253.533
database/img_03271_c1_1303398758847623us_rect.jpg 0.035597 0.077812 0.699636 -0.709357 823.067 -12.1894 -254.397
database/img_03272_c1_1303398758914230us_rect.jpg 0.035763 0.077733 0.699729 -0.709266 823.572 -11.8409 -254.774
database/img_03273_c1_1303398759048665us_rect.jpg 0.035614 0.077479 0.699712 -0.709318 824.357 -11.7737 -256.212
database/img_03274_c1_1303398759114251us_rect.jpg 0.0359 0.076895 0.699743 -0.709336 824.724 -10.7925 -257.052
database/img_03275_c1_1303398759180977us_rect.jpg 0.035828 0.076504 0.699795 -0.709331 825.023 -10.4147 -258.079
database/img_03276_c1_1303398759247603us_rect.jpg 0.036152 0.076164 0.699793 -0.709353 825.488 -9.68528 -258.588
database/img_03277_c1_1303398759381002us_rect.jpg 0.036468 0.076392 0.699644 -0.70946 826.617 -9.72923 -258.918
database/img_03278_c1_1303398759447603us_rect.jpg 0.036678 0.076503 0.699477 -0.709601 827.195 -9.77269 -259.026
database/img_03279_c1_1303398759514228us_rect.jpg 0.036633 0.076729 0.699311 -0.709742 827.717 -10.2344 -259.293
database/img_03280_c1_1303398759647607us_rect.jpg 0.036642 0.076829 0.699492 -0.709553 828.687 -10.194 -260.118
database/img_03281_c1_1303398759714233us_rect.jpg 0.036632 0.077202 0.699585 -0.709421 829.28 -10.5415 -260.163
database/img_03282_c1_1303398759780979us_rect.jpg 0.036678 0.077417 0.699628 -0.709353 829.839 -10.6977 -260.333
database/img_03283_c1_1303398759847606us_rect.jpg 0.036756 0.077495 0.699492 -0.709475 830.356 -10.8301 -260.632
database/img_03284_c1_1303398759980994us_rect.jpg 0.037843 0.076766 0.698857 -0.710122 831.416 -9.37513 -261.207
database/img_03285_c1_1303398760047606us_rect.jpg 0.038639 0.076685 0.698356 -0.710581 832.145 -8.8306 -260.867
database/img_03286_c1_1303398760181010us_rect.jpg 0.039647 0.076505 0.697093 -0.711784 833.365 -8.63977 -260.899
database/img_03287_c1_1303398760247609us_rect.jpg 0.040169 0.076297 0.696346 -0.712508 833.937 -8.50248 -261.04
database/img_03288_c1_1303398760314232us_rect.jpg 0.040729 0.076054 0.696083 -0.712759 834.517 -7.8358 -261.165
database/img_03289_c1_1303398760380984us_rect.jpg 0.041098 0.076387 0.696346 -0.712446 835.246 -7.53906 -260.802
database/img_03290_c1_1303398760514238us_rect.jpg 0.041291 0.076899 0.697685 -0.711068 836.452 -6.66351 -260.867
database/img_03291_c1_1303398760580984us_rect.jpg 0.040805 0.077283 0.698199 -0.710549 836.875 -7.19469 -261.436
database/img_03292_c1_1303398760647609us_rect.jpg 0.040124 0.077826 0.698673 -0.710062 837.28 -8.16683 -262.044
database/img_03293_c1_1303398760780985us_rect.jpg 0.038459 0.079339 0.699586 -0.709088 838.124 -10.9672 -263.112
database/img_03294_c1_1303398760847610us_rect.jpg 0.038037 0.079441 0.699839 -0.70885 838.46 -11.352 -263.955
database/img_03295_c1_1303398760914235us_rect.jpg 0.037874 0.079333 0.699927 -0.708784 838.816 -11.3536 -264.751
database/img_03296_c1_1303398761047636us_rect.jpg 0.038029 0.078952 0.699981 -0.708765 839.655 -10.723 -265.968
database/img_03297_c1_1303398761114260us_rect.jpg 0.038396 0.078438 0.700258 -0.708528 840.07 -9.47463 -266.614
database/img_03298_c1_1303398761180987us_rect.jpg 0.038658 0.078247 0.700631 -0.708166 840.565 -8.61564 -266.991
database/img_03299_c1_1303398761314371us_rect.jpg 0.038166 0.07853 0.701182 -0.707616 841.402 -9.00952 -268.158
database/img_03300_c1_1303398761381003us_rect.jpg 0.03748 0.078829 0.701277 -0.707525 841.699 -10.0707 -269.083
database/img_03301_c1_1303398761447613us_rect.jpg 0.036822 0.079078 0.701656 -0.707156 841.992 -10.7727 -270.025
database/img_03302_c1_1303398761514239us_rect.jpg 0.036061 0.079447 0.702105 -0.706708 842.29 -11.6587 -270.943
database/img_03303_c1_1303398761647618us_rect.jpg 0.035541 0.079641 0.702282 -0.706536 843.065 -12.3366 -272.265
database/img_03304_c1_1303398761714240us_rect.jpg 0.035745 0.079375 0.702112 -0.706725 843.497 -11.9762 -272.82
database/img_03305_c1_1303398761780991us_rect.jpg 0.036074 0.078989 0.701888 -0.706974 843.931 -11.3868 -273.371
database/img_03306_c1_1303398761914265us_rect.jpg 0.036271 0.078458 0.701181 -0.707724 844.697 -11.2648 -274.735
database/img_03307_c1_1303398761980992us_rect.jpg 0.036321 0.078386 0.701026 -0.707884 845.143 -11.2863 -275.233
database/img_03308_c1_1303398762114247us_rect.jpg 0.036015 0.078636 0.701156 -0.707743 846.023 -11.8236 -276.222
database/img_03309_c1_1303398762180991us_rect.jpg 0.035834 0.078636 0.701423 -0.707488 846.408 -11.7907 -276.898
database/img_03310_c1_1303398762247618us_rect.jpg 0.035596 0.078656 0.701552 -0.707369 846.769 -11.9798 -277.623
database/img_03311_c1_1303398762381239us_rect.jpg 0.035638 0.078488 0.70153 -0.707407 847.621 -11.7886 -278.712
database/img_03312_c1_1303398762447643us_rect.jpg 0.035826 0.078217 0.701361 -0.707596 848.043 -11.4412 -279.288
database/img_03313_c1_1303398762514244us_rect.jpg 0.035913 0.077789 0.701273 -0.707726 848.362 -10.9577 -280.173
database/img_03314_c1_1303398762580994us_rect.jpg 0.035956 0.077604 0.701048 -0.707966 848.749 -10.9316 -280.82
database/img_03315_c1_1303398762714248us_rect.jpg 0.035632 0.077358 0.701141 -0.707917 849.417 -10.9689 -282.434
database/img_03316_c1_1303398762780995us_rect.jpg 0.03553 0.077474 0.700946 -0.708103 849.864 -11.4261 -282.889
database/img_03317_c1_1303398762847622us_rect.jpg 0.035435 0.077474 0.701079 -0.707976 850.278 -11.418 -283.461
database/img_03318_c1_1303398762981000us_rect.jpg 0.035165 0.077548 0.701107 -0.707954 851.091 -11.8185 -284.623
database/img_03319_c1_1303398763047622us_rect.jpg 0.035246 0.077526 0.701271 -0.70779 851.569 -11.5475 -285.011
database/img_03320_c1_1303398763114246us_rect.jpg 0.035153 0.077583 0.701624 -0.707438 852.008 -11.3822 -285.503
database/img_03321_c1_1303398763247647us_rect.jpg 0.034787 0.077524 0.702542 -0.706551 852.746 -10.8596 -286.908
database/img_03322_c1_1303398763314248us_rect.jpg 0.034405 0.077632 0.70311 -0.705993 853.089 -10.8772 -287.678
database/img_03323_c1_1303398763380998us_rect.jpg 0.034157 0.077747 0.703536 -0.705568 853.485 -10.886 -288.282
database/img_03324_c1_1303398763514253us_rect.jpg 0.034348 0.077113 0.703851 -0.705314 854.213 -9.64768 -289.729
database/img_03325_c1_1303398763647651us_rect.jpg 0.034805 0.076163 0.702743 -0.706498 854.882 -9.17003 -291.296
database/img_03326_c1_1303398763714267us_rect.jpg 0.035173 0.075843 0.70194 -0.707312 855.332 -9.19326 -291.734
database/img_03327_c1_1303398763781001us_rect.jpg 0.035495 0.075624 0.701235 -0.708019 855.806 -9.28771 -292.099
database/img_03328_c1_1303398763914255us_rect.jpg 0.036036 0.075024 0.701585 -0.707708 856.678 -7.62854 -293.074
database/img_03329_c1_1303398763981004us_rect.jpg 0.036169 0.074786 0.702096 -0.70722 857.089 -6.69429 -293.636
database/img_03330_c1_1303398764047628us_rect.jpg 0.036048 0.074798 0.702902 -0.706424 857.497 -6.04336 -294.183
database/img_03331_c1_1303398764181028us_rect.jpg 0.03485 0.07633 0.704812 -0.704414 858.526 -7.2821 -294.569
database/img_03332_c1_1303398764247630us_rect.jpg 0.034352 0.07696 0.705627 -0.703553 859.018 -7.76645 -294.81
database/img_03333_c1_1303398764314255us_rect.jpg 0.033923 0.077153 0.705786 -0.703394 859.344 -8.3428 -295.533
database/img_03334_c1_1303398764447656us_rect.jpg 0.033953 0.077109 0.705922 -0.703261 860.192 -8.13623 -296.424
database/img_03335_c1_1303398764514254us_rect.jpg 0.034598 0.077026 0.707087 -0.702067 860.889 -6.08339 -296.111
database/img_03336_c1_1303398764581005us_rect.jpg 0.035522 0.076072 0.708305 -0.700896 861.343 -2.64095 -296.507
database/img_03337_c1_1303398764714261us_rect.jpg 0.035588 0.07753 0.707181 -0.701867 862.779 -5.41515 -295.574
database/img_03338_c1_1303398764781007us_rect.jpg 0.034892 0.078753 0.706405 -0.702547 863.371 -8.46081 -295.402
database/img_03339_c1_1303398764847631us_rect.jpg 0.034345 0.079568 0.706341 -0.702546 863.872 -10.1254 -295.506
database/img_03340_c1_1303398764981012us_rect.jpg 0.034625 0.08002 0.707942 -0.700868 865.041 -8.67743 -295.375
database/img_03341_c1_1303398765047657us_rect.jpg 0.035103 0.079713 0.708834 -0.699977 865.553 -6.83606 -295.532
database/img_03342_c1_1303398765114259us_rect.jpg 0.035556 0.078878 0.709054 -0.699826 865.813 -5.11173 -296.401
database/img_03343_c1_1303398765181009us_rect.jpg 0.03595 0.078155 0.708631 -0.700315 866.072 -4.25517 -297.242
database/img_03344_c1_1303398765314264us_rect.jpg 0.037092 0.076643 0.707489 -0.701577 866.7 -2.35118 -298.576
database/img_03345_c1_1303398765381009us_rect.jpg 0.03765 0.076036 0.706633 -0.702475 867.056 -1.88358 -299.091
database/img_03346_c1_1303398765447636us_rect.jpg 0.037951 0.075765 0.705663 -0.703462 867.439 -2.22784 -299.512
database/img_03347_c1_1303398765581036us_rect.jpg 0.037529 0.075002 0.70456 -0.704671 867.68 -3.029 -301.833
database/img_03348_c1_1303398765647636us_rect.jpg 0.036831 0.075178 0.704479 -0.70477 867.83 -4.16399 -302.875
database/img_03349_c1_1303398765714261us_rect.jpg 0.035881 0.07505 0.704958 -0.704354 867.75 -4.66458 -304.571
database/img_03350_c1_1303398765847641us_rect.jpg 0.034168 0.074899 0.705825 -0.703587 867.698 -5.64681 -307.598
database/img_03351_c1_1303398765914262us_rect.jpg 0.033729 0.074271 0.706237 -0.703261 867.611 -5.01655 -309.275
database/img_03352_c1_1303398765981012us_rect.jpg 0.033587 0.073382 0.706244 -0.703353 867.525 -4.15629 -310.924
database/img_03353_c1_1303398766114268us_rect.jpg 0.034143 0.071667 0.705971 -0.703778 867.742 -1.81001 -313.118
database/img_03354_c1_1303398766181013us_rect.jpg 0.034306 0.071182 0.705674 -0.704117 867.948 -1.3755 -313.899
database/img_03355_c1_1303398766247640us_rect.jpg 0.034727 0.070573 0.705389 -0.704443 868.211 -0.475744 -314.513
database/img_03356_c1_1303398766381019us_rect.jpg 0.035813 0.068528 0.705274 -0.704705 868.461 3.06173 -316.426
database/img_03357_c1_1303398766447640us_rect.jpg 0.036363 0.067984 0.705562 -0.704442 868.804 4.65968 -316.753
database/img_03358_c1_1303398766514266us_rect.jpg 0.036786 0.067851 0.706156 -0.703837 869.272 5.96268 -316.7
database/img_03359_c1_1303398766647647us_rect.jpg 0.03753 0.068284 0.706693 -0.703216 870.457 6.93901 -315.877
