database/img_06928_c0_1303399087116154us_rect.jpg 0.154406 0.105784 0.70186 -0.687285 1285.46 153.34 -880.606
database/img_06929_c0_1303399087182763us_rect.jpg 0.156543 0.107806 0.701658 -0.686693 1290.14 154.279 -873.361
database/img_06930_c0_1303399087249365us_rect.jpg 0.158513 0.110132 0.701158 -0.686383 1295.08 153.585 -865.906
database/img_06931_c0_1303399087315990us_rect.jpg 0.160476 0.11237 0.700547 -0.686189 1299.87 152.662 -858.623
database/img_06932_c0_1303399087449391us_rect.jpg 0.164217 0.116932 0.699033 -0.686085 1309.3 149.498 -844.233
database/img_06933_c0_1303399087515992us_rect.jpg 0.165957 0.119228 0.698469 -0.685845 1313.81 148.273 -837.136
database/img_06934_c0_1303399087582742us_rect.jpg 0.167423 0.121183 0.69814 -0.685481 1317.51 147.677 -831.131
database/img_06935_c0_1303399087716015us_rect.jpg 0.170418 0.12518 0.697356 -0.684823 1325.01 146.138 -818.81
database/img_06936_c0_1303399087782742us_rect.jpg 0.171762 0.126819 0.697192 -0.684352 1328.05 146.238 -813.55
database/img_06937_c0_1303399087849367us_rect.jpg 0.173298 0.12854 0.696865 -0.683977 1331.39 146.124 -807.782
database/img_06938_c0_1303399087982769us_rect.jpg 0.176525 0.13139 0.696375 -0.683109 1337.34 147.497 -797.004
database/img_06939_c0_1303399088049370us_rect.jpg 0.178205 0.132883 0.695877 -0.682891 1340.46 147.478 -791.401
database/img_06940_c0_1303399088115996us_rect.jpg 0.179771 0.13415 0.695487 -0.68263 1343.15 147.856 -786.424
database/img_06941_c0_1303399088250152us_rect.jpg 0.182666 0.13715 0.69423 -0.682545 1348.92 146.123 -776.102
database/img_06942_c0_1303399088316019us_rect.jpg 0.184166 0.138417 0.693643 -0.682483 1351.51 145.806 -771.271
database/img_06943_c0_1303399088382747us_rect.jpg 0.185463 0.139616 0.693178 -0.68236 1353.79 145.538 -766.932
database/img_06944_c0_1303399088449372us_rect.jpg 0.186895 0.141032 0.692698 -0.682165 1356.46 145.24 -761.87
database/img_06945_c0_1303399088582750us_rect.jpg 0.189571 0.143975 0.692402 -0.681112 1361.6 146.131 -751.687
database/img_06946_c0_1303399088649372us_rect.jpg 0.191097 0.145933 0.692263 -0.68041 1364.92 146.383 -745.201
database/img_06947_c0_1303399088715998us_rect.jpg 0.192864 0.147732 0.692379 -0.679404 1368.17 148.112 -738.449
database/img_06948_c0_1303399088849376us_rect.jpg 0.196834 0.151657 0.69227 -0.677509 1375.39 151.063 -723.429
database/img_06949_c0_1303399088916000us_rect.jpg 0.198714 0.153612 0.692205 -0.676585 1378.84 152.315 -716.102
database/img_06950_c0_1303399088982750us_rect.jpg 0.200751 0.155638 0.691641 -0.676098 1382.55 152.335 -708.435
database/img_06951_c0_1303399089049376us_rect.jpg 0.202863 0.157766 0.690791 -0.675844 1386.45 151.559 -700.458
database/img_06952_c0_1303399089182779us_rect.jpg 0.20714 0.161529 0.688965 -0.675521 1393.57 150.46 -685.365
database/img_06953_c0_1303399089249376us_rect.jpg 0.209385 0.163488 0.688194 -0.675144 1397.22 150.491 -677.352
database/img_06954_c0_1303399089316002us_rect.jpg 0.211509 0.165519 0.687739 -0.67445 1400.75 151.122 -669.313
database/img_06955_c0_1303399089449404us_rect.jpg 0.215477 0.169979 0.686924 -0.672913 1407.9 151.6 -652.86
database/img_06956_c0_1303399089516003us_rect.jpg 0.217308 0.172039 0.686587 -0.672144 1411.09 151.95 -645.251
database/img_06957_c0_1303399089582753us_rect.jpg 0.218959 0.174412 0.685993 -0.671604 1414.49 150.779 -637.401
database/img_06958_c0_1303399089716002us_rect.jpg 0.222004 0.178955 0.684638 -0.670791 1420.78 147.705 -622.661
database/img_06959_c0_1303399089782752us_rect.jpg 0.223211 0.181368 0.683631 -0.670769 1423.85 144.386 -615.713
database/img_06960_c0_1303399089849377us_rect.jpg 0.224196 0.183235 0.682714 -0.670867 1426.13 141.549 -610.367
database/img_06961_c0_1303399089916006us_rect.jpg 0.225086 0.184696 0.681671 -0.67123 1427.91 138.67 -606.128
database/img_06962_c0_1303399090049404us_rect.jpg 0.225601 0.18734 0.680184 -0.671832 1430.16 132.235 -600.759
database/img_06963_c0_1303399090116003us_rect.jpg 0.225452 0.188965 0.679416 -0.672204 1431.3 127.681 -598.282
database/img_06964_c0_1303399090182754us_rect.jpg 0.225349 0.190316 0.678946 -0.672332 1432.13 124.424 -596.216
database/img_06965_c0_1303399090316030us_rect.jpg 0.226402 0.19175 0.678065 -0.67246 1433.36 122.429 -592.154
database/img_06966_c0_1303399090382755us_rect.jpg 0.227048 0.192207 0.678016 -0.67216 1433.73 123.127 -590.347
database/img_06967_c0_1303399090449381us_rect.jpg 0.227382 0.192791 0.678094 -0.671802 1433.99 123.332 -588.9
database/img_06968_c0_1303399090516009us_rect.jpg 0.227518 0.193606 0.678236 -0.671377 1434.33 123.001 -587.347
database/img_06969_c0_1303399090649409us_rect.jpg 0.22715 0.195455 0.678222 -0.67098 1434.83 119.822 -585.222
database/img_06970_c0_1303399090716010us_rect.jpg 0.226886 0.19607 0.678058 -0.671056 1434.73 118.005 -585.047
database/img_06971_c0_1303399090782759us_rect.jpg 0.226777 0.196342 0.677861 -0.671213 1434.4 116.866 -585.293
database/img_06972_c0_1303399090916035us_rect.jpg 0.226439 0.197038 0.67677 -0.672223 1433.89 112.18 -585.872
database/img_06973_c0_1303399090982763us_rect.jpg 0.226079 0.197164 0.67668 -0.672397 1433.21 110.98 -586.947
database/img_06974_c0_1303399091049386us_rect.jpg 0.225501 0.197388 0.676982 -0.672222 1432.43 110.284 -588.186
database/img_06975_c0_1303399091182762us_rect.jpg 0.224959 0.197958 0.677462 -0.671752 1431.44 109.734 -589.129
database/img_06976_c0_1303399091249387us_rect.jpg 0.225001 0.198125 0.677749 -0.6714 1431.04 110.418 -589.178
database/img_06977_c0_1303399091382784us_rect.jpg 0.224868 0.198524 0.678394 -0.670675 1430.14 111.436 -589.588
database/img_06978_c0_1303399091449387us_rect.jpg 0.224635 0.198748 0.678643 -0.670434 1429.6 111.354 -590.108
database/img_06979_c0_1303399091582764us_rect.jpg 0.223888 0.199399 0.678315 -0.670822 1428.63 107.998 -591.499
database/img_06980_c0_1303399091649388us_rect.jpg 0.223506 0.199628 0.678006 -0.671195 1428.05 106.007 -592.455
database/img_06981_c0_1303399091716014us_rect.jpg 0.223267 0.200015 0.677642 -0.671526 1427.74 103.984 -592.772
database/img_06982_c0_1303399091849410us_rect.jpg 0.222819 0.200519 0.677682 -0.671484 1426.78 102.492 -593.774
database/img_06983_c0_1303399091916013us_rect.jpg 0.222599 0.200994 0.67795 -0.671145 1426.5 102.18 -593.726
database/img_06984_c0_1303399092049392us_rect.jpg 0.221821 0.201917 0.678573 -0.670495 1425.65 101.125 -594.382
database/img_06985_c0_1303399092116017us_rect.jpg 0.221296 0.20246 0.678609 -0.670469 1425.24 99.4239 -594.893
database/img_06986_c0_1303399092182766us_rect.jpg 0.221014 0.202922 0.678621 -0.670409 1424.93 98.2879 -595.054
database/img_06987_c0_1303399092316019us_rect.jpg 0.221129 0.203129 0.678481 -0.67045 1424.12 97.8819 -595.525
database/img_06988_c0_1303399092382768us_rect.jpg 0.221251 0.203034 0.678398 -0.670523 1423.57 98.0208 -596.056
database/img_06989_c0_1303399092516018us_rect.jpg 0.221382 0.202889 0.678529 -0.670392 1422.4 98.8377 -597.199
database/img_06990_c0_1303399092582768us_rect.jpg 0.221242 0.203163 0.678823 -0.670057 1421.98 99.0388 -597.399
database/img_06991_c0_1303399092649394us_rect.jpg 0.220757 0.203662 0.679254 -0.669629 1421.52 98.6103 -597.815
database/img_06992_c0_1303399092849412us_rect.jpg 0.220198 0.204497 0.68058 -0.66821 1420.15 100.163 -598.565
database/img_06993_c0_1303399092982807us_rect.jpg 0.220824 0.204195 0.681063 -0.667603 1419.16 103.223 -598.89
database/img_06994_c0_1303399093049397us_rect.jpg 0.221218 0.203936 0.681363 -0.667245 1418.61 105.229 -599.1
database/img_06995_c0_1303399093116024us_rect.jpg 0.221462 0.204128 0.68158 -0.666885 1418.42 106.125 -598.677
database/img_06996_c0_1303399093249426us_rect.jpg 0.221328 0.20445 0.68238 -0.666012 1417.47 107.726 -599.186
database/img_06997_c0_1303399093316025us_rect.jpg 0.221374 0.204786 0.682413 -0.665859 1417.29 107.505 -598.919
database/img_06998_c0_1303399093382775us_rect.jpg 0.221743 0.204779 0.682422 -0.665729 1417.01 108.323 -598.702
database/img_06999_c0_1303399093516051us_rect.jpg 0.222896 0.204651 0.681467 -0.666362 1416.75 108.193 -597.887
database/img_07000_c0_1303399093582776us_rect.jpg 0.223572 0.204278 0.681168 -0.666555 1416.35 109.229 -597.887
database/img_07001_c0_1303399093649400us_rect.jpg 0.22439 0.203919 0.680805 -0.666761 1416.09 110.367 -597.57
database/img_07002_c0_1303399093716026us_rect.jpg 0.225238 0.203539 0.680435 -0.66697 1415.83 111.576 -597.236
database/img_07003_c0_1303399093849401us_rect.jpg 0.225964 0.204355 0.67989 -0.66703 1416.16 110.577 -595.167
database/img_07004_c0_1303399093916027us_rect.jpg 0.225686 0.205348 0.680141 -0.666564 1416.39 109.493 -594.105
database/img_07005_c0_1303399093982777us_rect.jpg 0.225314 0.206559 0.680355 -0.666097 1416.77 107.844 -592.774
database/img_07006_c0_1303399094116030us_rect.jpg 0.224889 0.208756 0.680572 -0.665332 1417.54 104.906 -589.976
database/img_07007_c0_1303399094182779us_rect.jpg 0.224827 0.20967 0.680238 -0.665408 1417.9 102.715 -588.761
database/img_07008_c0_1303399094249404us_rect.jpg 0.224902 0.210291 0.679856 -0.665577 1418.08 101.035 -587.89
database/img_07009_c0_1303399094382806us_rect.jpg 0.226059 0.210456 0.678785 -0.666226 1418.13 100.25 -586.409
database/img_07010_c0_1303399094449405us_rect.jpg 0.227153 0.210168 0.678126 -0.666615 1418.19 101.058 -585.395
database/img_07011_c0_1303399094516030us_rect.jpg 0.228457 0.209523 0.677594 -0.666914 1418.05 103.103 -584.671
database/img_07012_c0_1303399094649407us_rect.jpg 0.231436 0.208387 0.677108 -0.666736 1418.09 109.469 -581.977
database/img_07013_c0_1303399094716027us_rect.jpg 0.232456 0.208314 0.677074 -0.666438 1418.22 111.655 -580.493
database/img_07014_c0_1303399094782780us_rect.jpg 0.233118 0.208724 0.676909 -0.666247 1418.6 112.119 -578.765
database/img_07015_c0_1303399094916031us_rect.jpg 0.232756 0.210559 0.676224 -0.666492 1419.19 107.208 -576.752
database/img_07016_c0_1303399094982779us_rect.jpg 0.232316 0.211778 0.675539 -0.666953 1419.64 102.876 -575.714
database/img_07017_c0_1303399095049405us_rect.jpg 0.231909 0.212752 0.674917 -0.667414 1419.85 99.0909 -575.114
database/img_07018_c0_1303399095182809us_rect.jpg 0.231017 0.214896 0.673403 -0.668566 1420.42 90.361 -573.685
database/img_07019_c0_1303399095249408us_rect.jpg 0.230676 0.215862 0.672985 -0.668792 1420.63 87.3164 -572.897
database/img_07020_c0_1303399095316034us_rect.jpg 0.230491 0.216877 0.672842 -0.668672 1420.98 85.3147 -571.615
database/img_07021_c0_1303399095449528us_rect.jpg 0.229456 0.218488 0.673999 -0.667337 1420.69 84.4603 -571.049
database/img_07022_c0_1303399095516058us_rect.jpg 0.229085 0.219805 0.674267 -0.66676 1421.17 82.8743 -569.404
database/img_07023_c0_1303399095582786us_rect.jpg 0.228743 0.221035 0.674329 -0.666409 1421.62 80.8705 -567.916
database/img_07024_c0_1303399095649411us_rect.jpg 0.228597 0.221631 0.674155 -0.666436 1421.63 79.377 -567.421
database/img_07025_c0_1303399095782789us_rect.jpg 0.228868 0.222176 0.672632 -0.6677 1421.57 75.0399 -566.851
database/img_07026_c0_1303399095849414us_rect.jpg 0.229254 0.222179 0.67175 -0.668454 1421.49 73.3901 -566.619
database/img_07027_c0_1303399095916039us_rect.jpg 0.229539 0.222413 0.670696 -0.669337 1421.58 70.7685 -566.116
database/img_07028_c0_1303399096049415us_rect.jpg 0.230643 0.222564 0.669053 -0.67055 1421.82 68.3612 -564.555
database/img_07029_c0_1303399096116039us_rect.jpg 0.231013 0.222623 0.668973 -0.670483 1421.75 68.8648 -564.071
database/img_07030_c0_1303399096182788us_rect.jpg 0.230957 0.223015 0.669247 -0.670098 1421.65 69.0596 -563.701
database/img_07031_c0_1303399096316068us_rect.jpg 0.230748 0.224167 0.670596 -0.668435 1421.68 71.0515 -562.208
database/img_07032_c0_1303399096382795us_rect.jpg 0.230649 0.224954 0.671405 -0.667392 1421.9 72.1896 -560.955
database/img_07034_c0_1303399096582800us_rect.jpg 0.23346 0.225534 0.673201 -0.664403 1423.22 82.5601 -554.494
database/img_07035_c0_1303399096649416us_rect.jpg 0.235437 0.225409 0.673191 -0.663757 1424.14 86.9114 -550.907
database/img_07036_c0_1303399096782794us_rect.jpg 0.239488 0.226018 0.67265 -0.662649 1426.83 93.3854 -541.717
database/img_07037_c0_1303399096849417us_rect.jpg 0.241014 0.227063 0.672611 -0.661777 1428.47 95.3431 -536.494
database/img_07038_c0_1303399096916043us_rect.jpg 0.242689 0.228571 0.672253 -0.661009 1430.63 96.1939 -529.984
database/img_07039_c0_1303399096982792us_rect.jpg 0.244574 0.230819 0.671598 -0.660199 1433.6 95.8107 -521.423
database/img_07040_c0_1303399097116044us_rect.jpg 0.249736 0.235389 0.670559 -0.657703 1440.28 98.7999 -500.918
database/img_07041_c0_1303399097182795us_rect.jpg 0.253057 0.237497 0.67005 -0.656194 1443.81 102.183 -489.361
database/img_07042_c0_1303399097249420us_rect.jpg 0.256981 0.240283 0.669345 -0.654372 1448.18 105.594 -474.932
database/img_07043_c0_1303399097382796us_rect.jpg 0.266116 0.247372 0.667607 -0.649839 1458.38 112.745 -439.553
database/img_07044_c0_1303399097449420us_rect.jpg 0.27106 0.251691 0.666599 -0.647166 1463.93 115.967 -419.076
database/img_07046_c0_1303399097582796us_rect.jpg 0.282574 0.262162 0.66251 -0.642264 1476.41 118.686 -370.214
database/img_07047_c0_1303399097716074us_rect.jpg 0.296091 0.274467 0.657559 -0.636093 1489.16 122.157 -311.707
database/img_07048_c0_1303399097782798us_rect.jpg 0.303061 0.281465 0.654979 -0.632404 1495.21 123.36 -279.532
database/img_07050_c0_1303399097982827us_rect.jpg 0.326421 0.3025 0.644672 -0.621563 1509.86 127.692 -175.812
database/img_07052_c0_1303399098116051us_rect.jpg 0.341926 0.317146 0.640368 -0.610273 1515.29 136.798 -102.834
database/img_07053_c0_1303399098182800us_rect.jpg 0.350015 0.324733 0.639029 -0.603059 1516.51 143.857 -64.0222
database/img_07054_c0_1303399098316052us_rect.jpg 0.366687 0.343182 0.630628 -0.591671 1517.27 142.551 22.5109
database/img_07056_c0_1303399098449428us_rect.jpg 0.384112 0.360635 0.618352 -0.583131 1513.44 137.357 108.622
database/img_07057_c0_1303399098582804us_rect.jpg 0.402427 0.375649 0.606855 -0.573295 1504.14 140.891 192.231
database/img_07058_c0_1303399098649427us_rect.jpg 0.410764 0.382774 0.600566 -0.569278 1498.36 140.621 231.104
database/img_07059_c0_1303399098716052us_rect.jpg 0.418607 0.389861 0.593308 -0.566359 1492.04 137.753 268.512
database/img_07061_c0_1303399098916078us_rect.jpg 0.442944 0.411772 0.569462 -0.556739 1465.79 129.793 385.54
database/img_07063_c0_1303399099049430us_rect.jpg 0.458914 0.424827 0.557027 -0.546481 1442.9 133.931 460.328
database/img_07064_c0_1303399099182808us_rect.jpg 0.472722 0.438508 0.54564 -0.535277 1417.29 134.153 531.752
database/img_07065_c0_1303399099249431us_rect.jpg 0.479034 0.445421 0.540008 -0.52964 1403.57 132.974 566.215
database/img_07067_c0_1303399099449459us_rect.jpg 0.497293 0.463727 0.523286 -0.513643 1360.06 132.457 661.278
database/img_07068_c0_1303399099516057us_rect.jpg 0.503618 0.468836 0.516903 -0.509286 1344.76 133.745 690.674
database/img_07070_c0_1303399099716057us_rect.jpg 0.520842 0.481987 0.499553 -0.496848 1299.77 139.64 768.447
database/img_07072_c0_1303399099849431us_rect.jpg 0.529616 0.489958 0.489095 -0.490137 1272.57 139.659 811.028
database/img_07073_c0_1303399099916057us_rect.jpg 0.533526 0.493541 0.484388 -0.486966 1259.71 139.757 830.009
database/img_07074_c0_1303399100049434us_rect.jpg 0.540511 0.499202 0.477142 -0.480604 1236.68 142.416 861.885
database/img_07075_c0_1303399100116057us_rect.jpg 0.543974 0.500838 0.474182 -0.477917 1226.76 146.233 874.507
database/img_07076_c0_1303399100249461us_rect.jpg 0.55011 0.503112 0.468104 -0.474485 1209.93 153.378 894.857
database/img_07078_c0_1303399100382809us_rect.jpg 0.554535 0.504628 0.463611 -0.47213 1197.49 158.762 908.932
database/img_07079_c0_1303399100516064us_rect.jpg 0.555701 0.505973 0.462333 -0.47057 1191.87 158.594 914.679
database/img_07080_c0_1303399100582812us_rect.jpg 0.556466 0.506079 0.462263 -0.46962 1189.58 160.362 916.543
database/img_07081_c0_1303399100716090us_rect.jpg 0.560106 0.503881 0.4619 -0.468011 1184.68 173.076 918.937
database/img_07082_c0_1303399100782836us_rect.jpg 0.562537 0.501508 0.462636 -0.466915 1182.9 183.811 918.321
database/img_07083_c0_1303399100849440us_rect.jpg 0.563664 0.500564 0.463252 -0.465957 1181.47 188.746 918.321
database/img_07084_c0_1303399100916066us_rect.jpg 0.564148 0.500044 0.463167 -0.466014 1180.96 190.767 917.735
database/img_07085_c0_1303399101049465us_rect.jpg 0.562577 0.50057 0.4618 -0.468699 1183.35 184.722 914.201
database/img_07086_c0_1303399101116066us_rect.jpg 0.562093 0.500375 0.461503 -0.469778 1184.56 183.529 912.005
database/img_07087_c0_1303399101182816us_rect.jpg 0.561804 0.4996 0.461814 -0.470641 1186.23 184.259 908.813
database/img_07088_c0_1303399101249441us_rect.jpg 0.561299 0.498833 0.462164 -0.471713 1188.38 184.437 905.102
database/img_07089_c0_1303399101382822us_rect.jpg 0.560265 0.498667 0.461409 -0.473853 1190.51 181.365 901.149
database/img_07090_c0_1303399101449443us_rect.jpg 0.559658 0.498986 0.461724 -0.473928 1190.87 179.526 900.164
database/img_07092_c0_1303399101649463us_rect.jpg 0.558406 0.498759 0.466852 -0.470608 1191.71 180.839 896.061
database/img_07093_c0_1303399101716069us_rect.jpg 0.558122 0.498763 0.468291 -0.46951 1191.59 181.287 895.22
database/img_07094_c0_1303399101849466us_rect.jpg 0.557419 0.49931 0.469312 -0.468742 1191.14 179.44 894.333
database/img_07095_c0_1303399101916068us_rect.jpg 0.557708 0.498756 0.469405 -0.468895 1191.06 181.142 893.146
database/img_07096_c0_1303399101982819us_rect.jpg 0.558165 0.497977 0.469328 -0.469257 1191.06 183.489 891.739
database/img_07097_c0_1303399102116076us_rect.jpg 0.558896 0.496645 0.468652 -0.470472 1191.18 186.917 888.977
database/img_07098_c0_1303399102182821us_rect.jpg 0.558899 0.496134 0.468525 -0.471134 1191.72 187.621 887.127
database/img_07099_c0_1303399102249446us_rect.jpg 0.558701 0.495962 0.468426 -0.471649 1192.11 187.289 885.719
database/img_07100_c0_1303399102382820us_rect.jpg 0.558153 0.496196 0.468299 -0.472177 1192.14 185.378 884.103
database/img_07101_c0_1303399102449447us_rect.jpg 0.557838 0.496375 0.468433 -0.472227 1192.08 184.387 883.392
database/img_07102_c0_1303399102582847us_rect.jpg 0.55769 0.496443 0.468345 -0.472418 1191.48 183.81 882.332
database/img_07104_c0_1303399102716074us_rect.jpg 0.557842 0.495687 0.468003 -0.473371 1191.73 185.087 879.715
database/img_07105_c0_1303399102849452us_rect.jpg 0.558713 0.494287 0.4671 -0.474697 1191.63 188.757 877.023
database/img_07106_c0_1303399102916078us_rect.jpg 0.558902 0.494012 0.466799 -0.475057 1191.34 189.415 876.252
database/img_07107_c0_1303399102982825us_rect.jpg 0.558955 0.493794 0.466849 -0.475173 1191.17 189.925 875.356
database/img_07108_c0_1303399103116077us_rect.jpg 0.55894 0.493606 0.467235 -0.475006 1190.56 190.495 873.994
database/img_07109_c0_1303399103182826us_rect.jpg 0.55913 0.493308 0.467457 -0.474873 1190.16 191.634 873.25
database/img_07110_c0_1303399103249453us_rect.jpg 0.559312 0.4931 0.467666 -0.47467 1189.63 192.598 872.727
database/img_07111_c0_1303399103382830us_rect.jpg 0.559236 0.492742 0.467777 -0.47502 1189.52 193.038 870.673
database/img_07112_c0_1303399103449452us_rect.jpg 0.55901 0.492545 0.467887 -0.475383 1189.91 192.841 869.135
database/img_07113_c0_1303399103516078us_rect.jpg 0.558705 0.492356 0.467855 -0.475969 1190.49 192.306 867.395
database/img_07114_c0_1303399103649478us_rect.jpg 0.558203 0.492119 0.467549 -0.477102 1191.2 191.1 864.506
database/img_07115_c0_1303399103716079us_rect.jpg 0.558026 0.49193 0.4679 -0.47716 1191.38 191.225 863.138
database/img_07116_c0_1303399103782830us_rect.jpg 0.557806 0.491839 0.468499 -0.476922 1191.42 191.303 861.986
database/img_07117_c0_1303399103916107us_rect.jpg 0.557527 0.49144 0.469985 -0.476198 1191.41 192.461 859.518
database/img_07118_c0_1303399103982833us_rect.jpg 0.557424 0.491233 0.470558 -0.475965 1191.37 193.005 858.328
database/img_07119_c0_1303399104049457us_rect.jpg 0.557182 0.491055 0.471142 -0.475855 1191.59 193.152 856.864
database/img_07120_c0_1303399104182858us_rect.jpg 0.556257 0.490678 0.472395 -0.476084 1193.01 192.423 852.8
database/img_07121_c0_1303399104249457us_rect.jpg 0.555849 0.490223 0.472706 -0.476721 1194.13 192.335 850.102
database/img_07122_c0_1303399104316083us_rect.jpg 0.555664 0.489433 0.472856 -0.477599 1195.37 193.193 847.027
database/img_07123_c0_1303399104382834us_rect.jpg 0.55545 0.488485 0.473331 -0.478346 1196.83 194.506 843.504
database/img_07124_c0_1303399104516084us_rect.jpg 0.554194 0.486869 0.475029 -0.479765 1200.83 195.223 835.286
database/img_07125_c0_1303399104582834us_rect.jpg 0.553112 0.486329 0.476377 -0.480225 1203.21 194.458 830.863
database/img_07126_c0_1303399104716154us_rect.jpg 0.550788 0.485461 0.479243 -0.480922 1207.82 192.38 822.227
database/img_07127_c0_1303399104782833us_rect.jpg 0.549742 0.484798 0.480999 -0.481035 1210.13 192.302 817.64
database/img_07128_c0_1303399104849458us_rect.jpg 0.548829 0.483918 0.482873 -0.481086 1212.44 193.025 812.829
database/img_07129_c0_1303399104982862us_rect.jpg 0.546604 0.482486 0.486404 -0.481501 1217.34 192.798 803.052
database/img_07130_c0_1303399105049458us_rect.jpg 0.54548 0.48164 0.488024 -0.481983 1220.02 192.735 797.74
database/img_07131_c0_1303399105116087us_rect.jpg 0.544286 0.480749 0.48971 -0.482511 1222.85 192.639 792.144
database/img_07132_c0_1303399105249465us_rect.jpg 0.542336 0.478816 0.492755 -0.483529 1227.85 193.515 781.579
database/img_07133_c0_1303399105316088us_rect.jpg 0.541279 0.477893 0.494132 -0.48422 1230.44 193.553 776.171
database/img_07134_c0_1303399105382838us_rect.jpg 0.540125 0.47688 0.49567 -0.484935 1233.29 193.651 770.316
database/img_07135_c0_1303399105516091us_rect.jpg 0.537439 0.475237 0.498681 -0.486442 1239.07 192.271 758.664
database/img_07136_c0_1303399105582839us_rect.jpg 0.536354 0.47427 0.499843 -0.487391 1241.73 192.117 753.005
database/img_07137_c0_1303399105649465us_rect.jpg 0.535191 0.473453 0.500997 -0.488277 1244.28 191.546 747.569
database/img_07138_c0_1303399105716090us_rect.jpg 0.533939 0.47264 0.502348 -0.489047 1246.91 190.954 741.96
database/img_07139_c0_1303399105849466us_rect.jpg 0.531417 0.470854 0.505251 -0.490525 1252.26 190.201 730.298
database/img_07140_c0_1303399105916091us_rect.jpg 0.530417 0.469836 0.506483 -0.491312 1254.63 190.458 724.74
database/img_07141_c0_1303399105982840us_rect.jpg 0.529379 0.468828 0.507604 -0.492237 1257.06 190.49 719.083
database/img_07142_c0_1303399106116093us_rect.jpg 0.526519 0.466813 0.510427 -0.494295 1263.07 189.22 705.917
database/img_07143_c0_1303399106249487us_rect.jpg 0.523686 0.464827 0.513387 -0.496107 1268.77 188.169 692.923
database/img_07144_c0_1303399106316091us_rect.jpg 0.522243 0.463939 0.514842 -0.496951 1271.47 187.411 686.641
database/img_06928_c1_1303399087116166us_rect.jpg 0.589345 0.563597 0.391404 -0.426419 924.456 110.328 1256.65
database/img_06929_c1_1303399087182785us_rect.jpg 0.590972 0.564547 0.389703 -0.424465 916.939 112.064 1261.85
database/img_06930_c1_1303399087249408us_rect.jpg 0.592211 0.566074 0.387786 -0.422455 908.85 111.683 1267.57
database/img_06931_c1_1303399087316033us_rect.jpg 0.593297 0.567615 0.385821 -0.420658 901.138 110.917 1272.97
database/img_06932_c1_1303399087449427us_rect.jpg 0.595152 0.570892 0.381888 -0.417178 885.938 108.244 1283.5
database/img_06933_c1_1303399087516034us_rect.jpg 0.59618 0.57232 0.380232 -0.415262 878.544 107.589 1288.45
database/img_06934_c1_1303399087582785us_rect.jpg 0.597092 0.573593 0.378718 -0.413576 871.966 106.991 1292.78
database/img_06935_c1_1303399087716041us_rect.jpg 0.598911 0.576028 0.375848 -0.410165 859.018 106.014 1301.14
database/img_06936_c1_1303399087782786us_rect.jpg 0.599867 0.576889 0.374688 -0.408617 853.468 106.378 1304.57
database/img_06937_c1_1303399087849411us_rect.jpg 0.600807 0.577921 0.373207 -0.407131 847.387 106.35 1308.34
database/img_06938_c1_1303399087982793us_rect.jpg 0.602922 0.579328 0.370348 -0.404606 836.452 108.235 1314.82
database/img_06939_c1_1303399088049412us_rect.jpg 0.603908 0.580199 0.368787 -0.403311 830.627 108.663 1318.27
database/img_06940_c1_1303399088116037us_rect.jpg 0.604789 0.580945 0.367367 -0.402211 825.552 109.12 1321.21
database/img_06941_c1_1303399088250172us_rect.jpg 0.606227 0.582932 0.364258 -0.399995 814.801 108.263 1327.53
database/img_06942_c1_1303399088316043us_rect.jpg 0.606959 0.583802 0.362717 -0.399015 809.748 108.136 1330.42
database/img_06943_c1_1303399088382789us_rect.jpg 0.607514 0.584617 0.361415 -0.398157 805.485 107.717 1332.82
database/img_06944_c1_1303399088449414us_rect.jpg 0.608254 0.585498 0.360011 -0.397003 800.301 107.578 1335.74
database/img_06945_c1_1303399088582818us_rect.jpg 0.60998 0.586777 0.35782 -0.394438 790.611 108.831 1340.95
database/img_06946_c1_1303399088649416us_rect.jpg 0.611112 0.587696 0.356545 -0.392468 783.753 109.454 1344.7
database/img_06947_c1_1303399088716041us_rect.jpg 0.612552 0.588257 0.355359 -0.390455 776.963 111.519 1348.24
database/img_06948_c1_1303399088849442us_rect.jpg 0.61542 0.589712 0.352648 -0.386183 762.05 114.922 1355.99
database/img_06949_c1_1303399088916043us_rect.jpg 0.61667 0.590489 0.351109 -0.384401 755.038 116.121 1359.56
database/img_06950_c1_1303399088982792us_rect.jpg 0.617681 0.591602 0.349323 -0.382689 747.673 116.098 1363.39
database/img_06951_c1_1303399089049418us_rect.jpg 0.618711 0.592856 0.347208 -0.381004 739.664 115.858 1367.52
database/img_06952_c1_1303399089182797us_rect.jpg 0.620713 0.595125 0.342893 -0.378109 724.585 115.817 1375.06
database/img_06953_c1_1303399089249419us_rect.jpg 0.621818 0.596253 0.340758 -0.376442 716.554 116.038 1378.97
database/img_06954_c1_1303399089316044us_rect.jpg 0.623017 0.597204 0.338867 -0.374654 708.744 116.806 1382.67
database/img_06955_c1_1303399089449422us_rect.jpg 0.625395 0.599382 0.335212 -0.37048 691.942 117.627 1390.55
database/img_06956_c1_1303399089516051us_rect.jpg 0.62647 0.600339 0.333641 -0.368526 684.397 118.033 1393.96
database/img_06957_c1_1303399089582796us_rect.jpg 0.627302 0.60167 0.3319 -0.366508 676.338 117.107 1397.69
database/img_06958_c1_1303399089716069us_rect.jpg 0.628717 0.604188 0.328771 -0.362743 661.615 114.966 1404.32
database/img_06959_c1_1303399089782820us_rect.jpg 0.628912 0.6058 0.327189 -0.361142 654.896 112.028 1407.4
database/img_06960_c1_1303399089849422us_rect.jpg 0.628897 0.607198 0.325787 -0.360086 649.875 109.118 1409.65
database/img_06961_c1_1303399089916049us_rect.jpg 0.628771 0.608445 0.324372 -0.359478 645.903 106.348 1411.37
database/img_06962_c1_1303399090049426us_rect.jpg 0.62808 0.610633 0.32296 -0.358245 640.965 100.201 1413.44
database/img_06963_c1_1303399090116049us_rect.jpg 0.627563 0.611875 0.322624 -0.357334 638.589 96.3132 1414.47
database/img_06964_c1_1303399090182800us_rect.jpg 0.627185 0.612948 0.322344 -0.356409 636.301 93.0872 1415.39
database/img_06965_c1_1303399090316054us_rect.jpg 0.627501 0.613924 0.321365 -0.355056 632.015 91.6817 1416.77
database/img_06966_c1_1303399090382801us_rect.jpg 0.627842 0.614032 0.320919 -0.35467 630.661 92.2345 1417.03
database/img_06967_c1_1303399090449426us_rect.jpg 0.628182 0.614155 0.320782 -0.353978 629.244 92.6451 1417.31
database/img_06968_c1_1303399090516051us_rect.jpg 0.628475 0.614416 0.320683 -0.353092 627.445 92.6188 1417.79
database/img_06969_c1_1303399090649431us_rect.jpg 0.628278 0.615464 0.321001 -0.351325 624.997 89.5858 1418.42
database/img_06970_c1_1303399090716051us_rect.jpg 0.628004 0.615925 0.321025 -0.350984 624.783 87.9189 1418.29
database/img_06971_c1_1303399090782803us_rect.jpg 0.62778 0.616199 0.321076 -0.350858 625.143 86.7895 1417.88
database/img_06972_c1_1303399090916057us_rect.jpg 0.626854 0.617314 0.320446 -0.351128 625.531 82.4749 1417.3
database/img_06973_c1_1303399090982804us_rect.jpg 0.626543 0.617516 0.320742 -0.351059 626.561 81.2626 1416.58
database/img_06974_c1_1303399091049428us_rect.jpg 0.62638 0.617581 0.321202 -0.350814 627.523 80.6197 1415.86
database/img_06975_c1_1303399091182829us_rect.jpg 0.62635 0.617628 0.321821 -0.350216 628.541 80.2202 1414.77
database/img_06976_c1_1303399091249429us_rect.jpg 0.626519 0.617565 0.321987 -0.349874 628.638 80.6355 1414.38
database/img_06977_c1_1303399091382806us_rect.jpg 0.62705 0.617258 0.322541 -0.348952 628.742 82.2047 1413.58
database/img_06978_c1_1303399091449430us_rect.jpg 0.627063 0.617174 0.322955 -0.348697 629.587 82.2826 1412.88
database/img_06979_c1_1303399091582830us_rect.jpg 0.626289 0.617936 0.323011 -0.348684 630.804 78.8912 1411.85
database/img_06980_c1_1303399091649431us_rect.jpg 0.625969 0.618215 0.323212 -0.348578 631.549 77.5166 1411.27
database/img_06981_c1_1303399091716057us_rect.jpg 0.625657 0.618652 0.323033 -0.348529 631.609 75.8984 1411
database/img_06982_c1_1303399091849437us_rect.jpg 0.625544 0.618823 0.323456 -0.348035 632.473 75.1053 1409.99
database/img_06983_c1_1303399091916059us_rect.jpg 0.625582 0.618847 0.323855 -0.347556 632.761 74.9834 1409.54
database/img_06984_c1_1303399092049441us_rect.jpg 0.625469 0.619058 0.3248 -0.346497 633.421 73.9443 1408.64
database/img_06985_c1_1303399092116058us_rect.jpg 0.625182 0.619393 0.325172 -0.346067 633.775 72.4547 1408.23
database/img_06986_c1_1303399092182809us_rect.jpg 0.624964 0.61959 0.32545 -0.345847 634.417 71.4608 1407.66
database/img_06987_c1_1303399092316067us_rect.jpg 0.624851 0.619729 0.325281 -0.345961 635.426 70.9307 1406.59
database/img_06988_c1_1303399092382811us_rect.jpg 0.624881 0.619638 0.325295 -0.346057 636.23 71.1938 1405.89
database/img_06989_c1_1303399092516088us_rect.jpg 0.625229 0.619216 0.325558 -0.345936 637.6 72.782 1404.54
database/img_06990_c1_1303399092582811us_rect.jpg 0.625174 0.619305 0.325859 -0.345594 637.995 72.3623 1404.06
database/img_06991_c1_1303399092649437us_rect.jpg 0.625147 0.619313 0.326551 -0.344975 638.582 72.0805 1403.49
database/img_06992_c1_1303399092849437us_rect.jpg 0.625589 0.618826 0.328275 -0.343406 640.241 73.5856 1401.7
database/img_06993_c1_1303399092982853us_rect.jpg 0.626403 0.618008 0.328382 -0.343295 641.263 77.0754 1400.41
database/img_06994_c1_1303399093049440us_rect.jpg 0.626911 0.617495 0.328471 -0.343204 641.76 79.2582 1399.74
database/img_06995_c1_1303399093116064us_rect.jpg 0.627229 0.617342 0.328459 -0.342911 641.579 80.2372 1399.46
database/img_06996_c1_1303399093249443us_rect.jpg 0.627665 0.616954 0.329264 -0.342037 642.33 81.7733 1398.4
database/img_06997_c1_1303399093316065us_rect.jpg 0.62784 0.616931 0.329299 -0.341725 642.211 82.1492 1398.12
database/img_06998_c1_1303399093382816us_rect.jpg 0.628006 0.616913 0.32902 -0.341719 642.132 82.5834 1397.82
database/img_06999_c1_1303399093516068us_rect.jpg 0.628133 0.617333 0.327456 -0.342229 641.058 82.2318 1397.71
database/img_07000_c1_1303399093582822us_rect.jpg 0.628516 0.617085 0.32689 -0.342515 641.038 83.7113 1397.32
database/img_07001_c1_1303399093649442us_rect.jpg 0.628817 0.61701 0.326064 -0.342885 640.665 84.6867 1397.12
database/img_07002_c1_1303399093716068us_rect.jpg 0.62911 0.616865 0.325304 -0.34333 640.605 85.796 1396.76
database/img_07003_c1_1303399093849468us_rect.jpg 0.629192 0.617444 0.324528 -0.342872 638.953 84.7765 1396.96
database/img_07004_c1_1303399093916069us_rect.jpg 0.629179 0.617825 0.324964 -0.341798 637.914 83.725 1397.19
database/img_07005_c1_1303399093982819us_rect.jpg 0.629063 0.618351 0.325467 -0.340579 636.688 82.1119 1397.53
database/img_07006_c1_1303399094116095us_rect.jpg 0.628867 0.619443 0.325809 -0.338623 633.947 79.0309 1398.34
database/img_07007_c1_1303399094182820us_rect.jpg 0.628623 0.620127 0.325658 -0.337969 632.649 76.9597 1398.73
database/img_07008_c1_1303399094249446us_rect.jpg 0.628504 0.620557 0.325412 -0.337638 631.888 75.7621 1398.83
database/img_07009_c1_1303399094382827us_rect.jpg 0.628604 0.621107 0.323937 -0.337856 630.283 75.0309 1398.98
database/img_07010_c1_1303399094449446us_rect.jpg 0.628974 0.621063 0.322777 -0.33836 629.48 76.1598 1398.97
database/img_07011_c1_1303399094516071us_rect.jpg 0.629559 0.620724 0.321541 -0.339068 628.982 78.4308 1398.77
database/img_07012_c1_1303399094649476us_rect.jpg 0.631441 0.619624 0.319121 -0.339867 626.652 85.3554 1398.81
database/img_07013_c1_1303399094716095us_rect.jpg 0.632201 0.619312 0.318446 -0.339658 625.216 87.7571 1399
database/img_07014_c1_1303399094782824us_rect.jpg 0.632485 0.619497 0.318022 -0.339186 623.715 87.9903 1399.36
database/img_07015_c1_1303399094916100us_rect.jpg 0.632029 0.620841 0.317842 -0.337746 621.012 83.9697 1400.2
database/img_07016_c1_1303399094982825us_rect.jpg 0.631396 0.621922 0.317639 -0.337132 619.677 80.227 1400.71
database/img_07017_c1_1303399095049451us_rect.jpg 0.6306 0.623034 0.317534 -0.336668 618.9 76.0661 1400.98
database/img_07018_c1_1303399095182831us_rect.jpg 0.628869 0.625504 0.317131 -0.335704 616.846 66.9413 1401.75
database/img_07019_c1_1303399095249451us_rect.jpg 0.628307 0.626376 0.316996 -0.335256 616.021 63.8148 1401.95
database/img_07020_c1_1303399095316077us_rect.jpg 0.628248 0.62688 0.317105 -0.334321 614.571 62.4738 1402.36
database/img_07021_c1_1303399095449541us_rect.jpg 0.62852 0.627099 0.318697 -0.331876 613.258 62.0454 1402.39
database/img_07022_c1_1303399095516079us_rect.jpg 0.628626 0.62751 0.319226 -0.330386 611.411 61.1238 1402.96
database/img_07023_c1_1303399095582828us_rect.jpg 0.62851 0.628113 0.3195 -0.329195 609.714 59.3825 1403.5
database/img_07024_c1_1303399095649453us_rect.jpg 0.628366 0.628499 0.319591 -0.328644 609.094 58.1578 1403.56
database/img_07025_c1_1303399095782855us_rect.jpg 0.627564 0.629669 0.318316 -0.329174 608.483 54.1767 1403.45
database/img_07026_c1_1303399095849454us_rect.jpg 0.627166 0.630225 0.317509 -0.329647 608.278 52.306 1403.35
database/img_07027_c1_1303399095916080us_rect.jpg 0.62667 0.63093 0.316637 -0.330079 607.834 49.9087 1403.37
database/img_07028_c1_1303399096049480us_rect.jpg 0.626368 0.631824 0.314738 -0.33076 606.154 47.721 1403.68
database/img_07029_c1_1303399096116080us_rect.jpg 0.626543 0.63185 0.314431 -0.33067 605.684 48.0848 1403.62
database/img_07030_c1_1303399096182831us_rect.jpg 0.626728 0.631848 0.314621 -0.330143 605.27 48.3955 1403.55
database/img_07031_c1_1303399096316088us_rect.jpg 0.627594 0.631439 0.315806 -0.328142 603.963 50.7195 1403.57
database/img_07032_c1_1303399096382832us_rect.jpg 0.62818 0.631139 0.316491 -0.326935 603.017 52.3744 1403.68
database/img_07034_c1_1303399096582836us_rect.jpg 0.631351 0.629465 0.316056 -0.324466 597.385 62.5822 1405.02
database/img_07035_c1_1303399096649458us_rect.jpg 0.632674 0.628976 0.314693 -0.324162 594.071 66.6687 1406.03
database/img_07036_c1_1303399096782861us_rect.jpg 0.635145 0.628644 0.311621 -0.32294 585.295 73.0549 1408.97
database/img_07037_c1_1303399096849459us_rect.jpg 0.636313 0.628698 0.31056 -0.321555 580.127 75.4457 1410.77
database/img_07038_c1_1303399096916085us_rect.jpg 0.637349 0.62921 0.309154 -0.319852 573.488 76.5813 1413.22
database/img_07039_c1_1303399096982836us_rect.jpg 0.638341 0.630159 0.307272 -0.317811 565.046 76.7172 1416.41
database/img_07040_c1_1303399097116097us_rect.jpg 0.641357 0.631698 0.302869 -0.312874 544.731 79.9543 1423.77
database/img_07041_c1_1303399097182836us_rect.jpg 0.643513 0.632051 0.300259 -0.310238 533.255 83.9048 1427.69
database/img_07042_c1_1303399097249461us_rect.jpg 0.645853 0.632762 0.297021 -0.307027 519.077 87.502 1432.49
database/img_07043_c1_1303399097382861us_rect.jpg 0.651214 0.634638 0.289475 -0.298931 484.43 95.0784 1443.72
database/img_07044_c1_1303399097449462us_rect.jpg 0.654156 0.635752 0.2853 -0.294115 464.393 98.9523 1449.84
database/img_07046_c1_1303399097582838us_rect.jpg 0.659762 0.639731 0.27427 -0.283258 415.66 102.713 1463.9
database/img_07047_c1_1303399097716090us_rect.jpg 0.666146 0.644075 0.261199 -0.270539 358.007 107.432 1478.33
database/img_07048_c1_1303399097782840us_rect.jpg 0.669522 0.646402 0.254366 -0.263064 325.864 109.581 1485.39
database/img_07050_c1_1303399097982843us_rect.jpg 0.679073 0.653839 0.23131 -0.24052 223.671 114.598 1503.18
database/img_07052_c1_1303399098116092us_rect.jpg 0.687556 0.656262 0.216884 -0.222592 150.675 125.908 1510.89
database/img_07053_c1_1303399098182843us_rect.jpg 0.692717 0.656452 0.210179 -0.212223 111.927 134.48 1513.3
database/img_07054_c1_1303399098316120us_rect.jpg 0.699059 0.661499 0.192803 -0.191216 25.9939 134.777 1516.7
database/img_07056_c1_1303399098449468us_rect.jpg 0.703314 0.667767 0.1719 -0.17288 -60.3215 131.467 1515.5
database/img_07057_c1_1303399098582871us_rect.jpg 0.708786 0.671391 0.150687 -0.155402 -144.542 137.118 1508.74
database/img_07058_c1_1303399098649493us_rect.jpg 0.710676 0.673464 0.140101 -0.147506 -184.256 138.378 1504
database/img_07059_c1_1303399098716095us_rect.jpg 0.711578 0.676181 0.129307 -0.14041 -222.273 137.192 1498.66
database/img_07061_c1_1303399098916097us_rect.jpg 0.712411 0.685284 0.095417 -0.117271 -341.946 129.051 1475.72
database/img_07063_c1_1303399099049472us_rect.jpg 0.715512 0.687151 0.075217 -0.101036 -417.151 135.356 1454.99
database/img_07064_c1_1303399099182872us_rect.jpg 0.717933 0.688704 0.057322 -0.083505 -489.411 138.009 1431.33
database/img_07065_c1_1303399099249473us_rect.jpg 0.718818 0.689461 0.048826 -0.074568 -524.535 138.148 1418.44
database/img_07067_c1_1303399099449478us_rect.jpg 0.720715 0.690963 0.024 -0.050633 -620.379 140.505 1377.77
database/img_07068_c1_1303399099516123us_rect.jpg 0.721 0.691371 0.015057 -0.044028 -649.939 142.831 1363.41
database/img_07070_c1_1303399099716124us_rect.jpg 0.721083 0.692276 -0.009518 -0.026525 -727.964 149.431 1321.29
database/img_07072_c1_1303399099849477us_rect.jpg 0.720542 0.692836 -0.023062 -0.016318 -770.843 151.6 1295.52
database/img_07073_c1_1303399099916102us_rect.jpg 0.720139 0.693123 -0.029061 -0.011633 -789.849 152.087 1283.45
database/img_07074_c1_1303399100049502us_rect.jpg 0.720562 0.692276 -0.039176 -0.003152 -822.365 156.778 1261.24
database/img_07075_c1_1303399100116104us_rect.jpg 0.721069 0.691493 -0.04356 -7.4e-05 -835.011 160.804 1251.85
database/img_07076_c1_1303399100249485us_rect.jpg 0.721512 0.690429 -0.052067 0.004148 -855.877 168.783 1235.49
database/img_07078_c1_1303399100382856us_rect.jpg 0.721383 0.690039 -0.0584 0.006557 -869.649 174.048 1223.94
database/img_07079_c1_1303399100516130us_rect.jpg 0.721162 0.690094 -0.060152 0.008777 -875.96 173.157 1218.35
database/img_07080_c1_1303399100582879us_rect.jpg 0.721479 0.689683 -0.060933 0.009636 -878.405 174.417 1215.8
database/img_07081_c1_1303399100716107us_rect.jpg 0.723529 0.68725 -0.064023 0.009687 -882.129 186 1210.14
database/img_07082_c1_1303399100782857us_rect.jpg 0.7257 0.684857 -0.065227 0.008763 -881.428 196.55 1208.37
database/img_07083_c1_1303399100849481us_rect.jpg 0.726896 0.683541 -0.065692 0.008849 -881.727 201.443 1206.71
database/img_07084_c1_1303399100916107us_rect.jpg 0.727106 0.683275 -0.066203 0.008348 -881.115 203.439 1206.19
database/img_07085_c1_1303399101049488us_rect.jpg 0.725032 0.685495 -0.066151 0.007001 -878.054 197.252 1208.15
database/img_07086_c1_1303399101116108us_rect.jpg 0.724508 0.686067 -0.066046 0.006173 -876.019 196.092 1209.17
database/img_07087_c1_1303399101182858us_rect.jpg 0.724519 0.686107 -0.065602 0.005087 -872.883 196.699 1210.69
database/img_07088_c1_1303399101249485us_rect.jpg 0.724314 0.686378 -0.065118 0.003763 -869.256 196.725 1212.64
database/img_07089_c1_1303399101382863us_rect.jpg 0.722978 0.687794 -0.065095 0.0021 -865.472 193.614 1214.51
database/img_07090_c1_1303399101449485us_rect.jpg 0.722781 0.688058 -0.064481 0.002286 -864.576 191.852 1214.77
database/img_07092_c1_1303399101649487us_rect.jpg 0.725486 0.685593 -0.060124 0.004159 -860.104 193.776 1215.63
database/img_07093_c1_1303399101716111us_rect.jpg 0.726245 0.684881 -0.058992 0.005002 -859.538 194.116 1215.3
database/img_07094_c1_1303399101849488us_rect.jpg 0.726509 0.684705 -0.057687 0.005982 -858.659 192.261 1214.85
database/img_07095_c1_1303399101916113us_rect.jpg 0.726763 0.684428 -0.057823 0.005571 -857.631 193.801 1214.64
database/img_07096_c1_1303399101982863us_rect.jpg 0.726995 0.684155 -0.058209 0.00464 -855.968 196.159 1214.74
database/img_07097_c1_1303399102116137us_rect.jpg 0.7271 0.683985 -0.058993 0.003071 -853.27 199.257 1214.74
database/img_07098_c1_1303399102182863us_rect.jpg 0.727046 0.68404 -0.059053 0.002402 -851.659 199.853 1215.07
database/img_07099_c1_1303399102249489us_rect.jpg 0.72686 0.684247 -0.058972 0.001978 -850.335 199.512 1215.35
database/img_07100_c1_1303399102382887us_rect.jpg 0.72648 0.68467 -0.058748 0.001852 -848.997 197.943 1215.11
database/img_07101_c1_1303399102449491us_rect.jpg 0.726321 0.684859 -0.058502 0.001925 -848.382 196.95 1214.98
database/img_07102_c1_1303399102582867us_rect.jpg 0.72611 0.68509 -0.058417 0.001932 -847.468 196.034 1214.3
database/img_07104_c1_1303399102716117us_rect.jpg 0.726099 0.685065 -0.058864 0.000722 -844.941 197.865 1214.31
database/img_07105_c1_1303399102849516us_rect.jpg 0.726202 0.684851 -0.060077 -0.001161 -842.208 201.835 1214.08
database/img_07106_c1_1303399102916118us_rect.jpg 0.726146 0.684877 -0.060448 -0.001587 -841.51 202.565 1213.71
database/img_07107_c1_1303399102982869us_rect.jpg 0.726143 0.684884 -0.060394 -0.001743 -840.697 202.639 1213.51
database/img_07108_c1_1303399103116144us_rect.jpg 0.726478 0.684549 -0.06016 -0.002006 -838.919 203.806 1213.06
database/img_07109_c1_1303399103182869us_rect.jpg 0.726799 0.684219 -0.060024 -0.002268 -837.717 205.062 1212.92
database/img_07110_c1_1303399103249495us_rect.jpg 0.727025 0.683986 -0.059931 -0.002424 -836.802 205.917 1212.66
database/img_07111_c1_1303399103382895us_rect.jpg 0.727162 0.68388 -0.059463 -0.00283 -834.418 206.21 1212.74
database/img_07112_c1_1303399103449495us_rect.jpg 0.726992 0.684081 -0.059212 -0.003064 -833.178 205.505 1212.95
database/img_07113_c1_1303399103516121us_rect.jpg 0.726812 0.684282 -0.059067 -0.0037 -831.309 205.332 1213.5
database/img_07114_c1_1303399103649499us_rect.jpg 0.726532 0.684584 -0.058934 -0.004747 -828.218 205.239 1214.09
database/img_07115_c1_1303399103716122us_rect.jpg 0.726673 0.684463 -0.058579 -0.005019 -826.682 205.566 1214.3
database/img_07116_c1_1303399103782872us_rect.jpg 0.726955 0.684222 -0.057896 -0.004921 -825.359 205.584 1214.41
database/img_07117_c1_1303399103916127us_rect.jpg 0.728072 0.683143 -0.056624 -0.004563 -823.064 207.582 1214.06
database/img_07118_c1_1303399103982874us_rect.jpg 0.728461 0.682771 -0.056126 -0.004378 -822.16 208.14 1213.78
database/img_07119_c1_1303399104049499us_rect.jpg 0.728844 0.682408 -0.055556 -0.004396 -820.753 208.808 1213.82
database/img_07120_c1_1303399104182877us_rect.jpg 0.72903 0.682319 -0.054136 -0.005068 -816.37 208.365 1215.26
database/img_07121_c1_1303399104249524us_rect.jpg 0.729021 0.682367 -0.053587 -0.005763 -813.727 208.362 1216.23
database/img_07122_c1_1303399104316125us_rect.jpg 0.729062 0.682339 -0.053253 -0.006875 -810.572 209.261 1217.38
database/img_07123_c1_1303399104382875us_rect.jpg 0.729102 0.682314 -0.052827 -0.008226 -806.807 210.298 1218.9
database/img_07124_c1_1303399104516150us_rect.jpg 0.729672 0.681828 -0.050799 -0.010419 -798.418 212.133 1222.48
database/img_07125_c1_1303399104582877us_rect.jpg 0.729764 0.681829 -0.049291 -0.011177 -794.176 211.379 1224.56
database/img_07126_c1_1303399104716177us_rect.jpg 0.730242 0.681575 -0.04532 -0.012156 -785.242 209.244 1229.05
database/img_07127_c1_1303399104782878us_rect.jpg 0.730706 0.681202 -0.043282 -0.012592 -780.748 208.912 1231.16
database/img_07128_c1_1303399104849503us_rect.jpg 0.731313 0.680666 -0.0412 -0.013329 -775.56 209.394 1233.55
database/img_07129_c1_1303399104982884us_rect.jpg 0.73211 0.680011 -0.03717 -0.014792 -765.432 209.061 1238.29
database/img_07130_c1_1303399105049504us_rect.jpg 0.732616 0.679554 -0.035199 -0.015514 -760.42 209.365 1240.51
database/img_07131_c1_1303399105116130us_rect.jpg 0.73296 0.679268 -0.033049 -0.0165 -754.619 209.169 1243.27
database/img_07132_c1_1303399105249533us_rect.jpg 0.734039 0.678227 -0.029278 -0.018379 -743.923 210.8 1247.79
database/img_07133_c1_1303399105316132us_rect.jpg 0.734239 0.678053 -0.02751 -0.019492 -738.439 210.717 1250.24
database/img_07134_c1_1303399105382881us_rect.jpg 0.734514 0.677795 -0.025606 -0.020676 -732.579 210.85 1252.85
database/img_07135_c1_1303399105516159us_rect.jpg 0.735007 0.677351 -0.021249 -0.022552 -720.956 209.839 1258.11
database/img_07136_c1_1303399105582906us_rect.jpg 0.73508 0.677284 -0.019512 -0.023728 -715.355 209.463 1260.55
database/img_07137_c1_1303399105649507us_rect.jpg 0.735163 0.677213 -0.017711 -0.02457 -710.314 208.713 1262.71
database/img_07138_c1_1303399105716133us_rect.jpg 0.735158 0.67722 -0.0159 -0.025751 -704.573 208.004 1265.23
database/img_07139_c1_1303399105849532us_rect.jpg 0.735605 0.676749 -0.011672 -0.027566 -693.145 207.126 1270.05
database/img_07140_c1_1303399105916133us_rect.jpg 0.735747 0.676572 -0.009998 -0.028745 -687.569 207.163 1272.25
database/img_07141_c1_1303399105982884us_rect.jpg 0.735825 0.676458 -0.00823 -0.029975 -681.736 206.933 1274.61
database/img_07142_c1_1303399106116161us_rect.jpg 0.73579 0.676404 -0.004005 -0.032773 -668.259 205.483 1280.35
database/img_07143_c1_1303399106249513us_rect.jpg 0.735941 0.676154 0.000462 -0.034736 -655.998 203.699 1285.34
database/img_07144_c1_1303399106316137us_rect.jpg 0.735969 0.676069 0.002643 -0.035683 -650.002 202.684 1287.73
