database/img_00359_c0_1303398497446155us_rect.jpg 0.647541 0.58599 0.337297 -0.351477 -61.141 -5.63691 -143.606
database/img_00361_c0_1303398497646155us_rect.jpg 0.647182 0.584722 0.337733 -0.353826 -62.4542 -5.88515 -143.992
database/img_00362_c0_1303398497779529us_rect.jpg 0.647405 0.583537 0.338667 -0.35448 -63.2607 -6.19557 -144.256
database/img_00363_c0_1303398497846156us_rect.jpg 0.647533 0.583109 0.338738 -0.354883 -63.5836 -6.32982 -144.418
database/img_00364_c0_1303398497979534us_rect.jpg 0.64757 0.582728 0.33871 -0.355466 -64.134 -6.44061 -144.788
database/img_00365_c0_1303398498046157us_rect.jpg 0.647373 0.582736 0.339046 -0.355493 -64.4241 -6.38923 -144.965
database/img_00367_c0_1303398498246159us_rect.jpg 0.647011 0.582653 0.339422 -0.355929 -65.2239 -6.33054 -145.511
database/img_00368_c0_1303398498379557us_rect.jpg 0.647176 0.582596 0.339164 -0.355966 -65.5662 -6.38999 -145.939
database/img_00369_c0_1303398498446182us_rect.jpg 0.647231 0.582594 0.339297 -0.355744 -65.7413 -6.39867 -146.148
database/img_00371_c0_1303398498579534us_rect.jpg 0.647426 0.582523 0.339508 -0.355304 -66.0701 -6.45119 -146.568
database/img_00372_c0_1303398498712786us_rect.jpg 0.647889 0.582402 0.338928 -0.355212 -66.2835 -6.59772 -147.009
database/img_00374_c0_1303398498846159us_rect.jpg 0.64825 0.582233 0.339022 -0.354739 -66.5604 -6.71268 -147.426
database/img_00375_c0_1303398498979563us_rect.jpg 0.648817 0.581928 0.339105 -0.354126 -66.795 -6.90428 -147.847
database/img_00377_c0_1303398499112788us_rect.jpg 0.64946 0.581479 0.338275 -0.354478 -67.0353 -7.18282 -148.239
database/img_00379_c0_1303398499312791us_rect.jpg 0.649506 0.581707 0.338166 -0.354122 -67.4386 -7.1416 -148.824
database/img_00381_c0_1303398499446165us_rect.jpg 0.649326 0.581953 0.338758 -0.353482 -67.7582 -7.02342 -149.178
database/img_00383_c0_1303398499646210us_rect.jpg 0.648769 0.582877 0.337912 -0.353791 -68.1097 -6.70613 -149.758
database/img_00384_c0_1303398499712791us_rect.jpg 0.648516 0.583155 0.338005 -0.353708 -68.2685 -6.57859 -149.922
database/img_00386_c0_1303398499912818us_rect.jpg 0.648659 0.583353 0.337979 -0.353145 -68.5864 -6.56086 -150.465
database/img_00388_c0_1303398500046166us_rect.jpg 0.649234 0.583245 0.33705 -0.353154 -68.662 -6.74129 -150.865
database/img_00390_c0_1303398500246171us_rect.jpg 0.649426 0.583216 0.336831 -0.353058 -69.0155 -6.80191 -151.336
database/img_00393_c0_1303398500512794us_rect.jpg 0.648653 0.584317 0.33735 -0.352162 -69.4619 -6.33589 -151.96
database/img_00394_c0_1303398500579544us_rect.jpg 0.648049 0.584997 0.336633 -0.352831 -69.579 -6.05796 -152.114
database/img_00396_c0_1303398500779547us_rect.jpg 0.647126 0.586118 0.334263 -0.35491 -69.8764 -5.65427 -152.555
database/img_00399_c0_1303398501046172us_rect.jpg 0.646094 0.587398 0.334735 -0.35423 -70.2691 -5.08353 -153.074
database/img_00401_c0_1303398501246188us_rect.jpg 0.645748 0.587678 0.334742 -0.354389 -70.6178 -4.93543 -153.377
database/img_00405_c0_1303398501579551us_rect.jpg 0.645441 0.587434 0.33359 -0.356435 -71.2921 -4.97297 -153.736
database/img_00409_c0_1303398501979555us_rect.jpg 0.645162 0.587216 0.334573 -0.356377 -71.9435 -4.93613 -154.065
database/img_00414_c0_1303398502379555us_rect.jpg 0.644981 0.586951 0.333738 -0.357919 -72.4284 -4.99244 -154.295
database/img_00726_c0_1303398530046331us_rect.jpg 0.651989 0.579467 0.333548 -0.357595 -72.7528 -8.49552 -154.564
database/img_00734_c0_1303398530780781us_rect.jpg 0.651111 0.579813 0.334896 -0.357373 -73.4306 -8.18107 -154.872
database/img_00738_c0_1303398531113943us_rect.jpg 0.650334 0.580159 0.334861 -0.358259 -73.934 -7.9282 -155.087
database/img_00743_c0_1303398531512994us_rect.jpg 0.646946 0.583077 0.336466 -0.358152 -74.6795 -6.3704 -155.396
database/img_00747_c0_1303398531846340us_rect.jpg 0.648144 0.581192 0.335268 -0.360166 -75.2395 -7.1738 -155.596
database/img_00751_c0_1303398532246345us_rect.jpg 0.648278 0.580965 0.334199 -0.361286 -75.6999 -7.29749 -156.025
database/img_00754_c0_1303398532512969us_rect.jpg 0.6441 0.584559 0.337928 -0.359485 -76.4484 -5.30867 -156.21
database/img_00758_c0_1303398532846347us_rect.jpg 0.642395 0.585751 0.338326 -0.360222 -77.0867 -4.5967 -156.477
database/img_00762_c0_1303398533246349us_rect.jpg 0.640905 0.585983 0.33766 -0.363113 -78.0494 -4.20436 -156.616
database/img_00765_c0_1303398533579758us_rect.jpg 0.644019 0.583463 0.334596 -0.364495 -77.9751 -5.67428 -157.09
database/img_00769_c0_1303398533979725us_rect.jpg 0.643856 0.584457 0.336321 -0.361591 -78.035 -5.33391 -157.643
database/img_00773_c0_1303398534379730us_rect.jpg 0.643799 0.585542 0.336221 -0.360025 -77.9577 -5.04583 -158.238
database/img_00778_c0_1303398534846385us_rect.jpg 0.645204 0.584985 0.331268 -0.362996 -77.8922 -5.65709 -158.902
database/img_00782_c0_1303398535179733us_rect.jpg 0.645539 0.58528 0.335421 -0.358077 -78.0225 -5.55165 -159.354
database/img_00786_c0_1303398535513007us_rect.jpg 0.646462 0.585915 0.331985 -0.358576 -77.6327 -5.70492 -160.105
database/img_00790_c0_1303398535846377us_rect.jpg 0.645659 0.588063 0.334405 -0.354232 -77.5229 -4.87482 -160.811
database/img_00792_c0_1303398536046387us_rect.jpg 0.645177 0.590372 0.334248 -0.351404 -76.9944 -4.14405 -161.489
database/img_00795_c0_1303398536312990us_rect.jpg 0.646091 0.593783 0.330091 -0.347892 -75.3431 -3.54598 -162.845
database/img_00798_c0_1303398536579768us_rect.jpg 0.650498 0.598143 0.322002 -0.339693 -71.4494 -3.61045 -165.195
database/img_00801_c0_1303398536779743us_rect.jpg 0.653251 0.606463 0.316893 -0.324105 -66.2707 -2.01324 -167.861
database/img_00804_c0_1303398537046369us_rect.jpg 0.66021 0.618196 0.299994 -0.30325 -56.6046 -0.697585 -172.029
database/img_00806_c0_1303398537246370us_rect.jpg 0.669202 0.63015 0.274843 -0.28203 -44.4005 -0.0737655 -176.075
database/img_00809_c0_1303398537513000us_rect.jpg 0.679642 0.653702 0.23401 -0.236642 -21.4455 3.47514 -180.997
database/img_00811_c0_1303398537646371us_rect.jpg 0.682723 0.667125 0.211344 -0.210159 -8.3794 6.3375 -182.328
database/img_00813_c0_1303398537846395us_rect.jpg 0.692207 0.682601 0.16433 -0.167035 15.4552 7.58485 -182.32
database/img_00815_c0_1303398538047716us_rect.jpg 0.700654 0.694468 0.113416 -0.11805 41.1315 8.21717 -178.778
database/img_00818_c0_1303398538313038us_rect.jpg 0.705491 0.70564 0.045213 -0.048063 74.7966 9.83377 -168.006
database/img_00820_c0_1303398538446375us_rect.jpg 0.705495 0.708517 0.010431 -0.013116 90.7162 10.4655 -160.168
database/img_00822_c0_1303398538646398us_rect.jpg 0.703153 0.708431 -0.045641 0.040222 113.977 10.4703 -144.821
database/img_00825_c0_1303398538913028us_rect.jpg 0.691947 0.70451 -0.115061 0.10787 139.393 11.4287 -120.677
database/img_00827_c0_1303398539046377us_rect.jpg 0.687468 0.697192 -0.150376 0.136738 149.719 9.58127 -107.756
database/img_00828_c0_1303398539179789us_rect.jpg 0.680845 0.690519 -0.18058 0.164389 157.961 8.9136 -95.2253
database/img_00830_c0_1303398539379757us_rect.jpg 0.669595 0.678708 -0.223468 0.202633 167.786 7.63328 -76.3575
database/img_00832_c0_1303398539579779us_rect.jpg 0.657506 0.667852 -0.257911 0.234822 174.113 7.1097 -59.8792
database/img_00833_c0_1303398539646411us_rect.jpg 0.65415 0.664039 -0.267791 0.243777 175.596 6.76294 -55.0938
database/img_00836_c0_1303398539846386us_rect.jpg 0.647095 0.653587 -0.291417 0.262997 178.366 5.12249 -44.116
database/img_00837_c0_1303398539979761us_rect.jpg 0.644146 0.647117 -0.303009 0.272947 179.402 4.14156 -38.5873
database/img_00839_c0_1303398540113009us_rect.jpg 0.642368 0.642148 -0.311507 0.279238 179.897 3.13823 -34.868
database/img_00840_c0_1303398540246387us_rect.jpg 0.642121 0.639868 -0.314569 0.281596 179.822 2.66258 -33.7384
database/img_00842_c0_1303398540379760us_rect.jpg 0.641862 0.639494 -0.315272 0.28225 179.523 2.6268 -33.7384
database/img_00844_c0_1303398540579789us_rect.jpg 0.640858 0.6416 -0.312562 0.282762 178.822 3.76282 -34.9236
database/img_00845_c0_1303398540646409us_rect.jpg 0.641041 0.641982 -0.311211 0.282974 178.559 4.11726 -35.4437
database/img_00846_c0_1303398540779790us_rect.jpg 0.642534 0.642316 -0.30881 0.281453 177.937 4.13065 -36.9525
database/img_00847_c0_1303398540846388us_rect.jpg 0.643461 0.642684 -0.307564 0.279856 177.569 3.98151 -37.9417
database/img_00848_c0_1303398540979772us_rect.jpg 0.64452 0.644153 -0.305383 0.27641 176.825 3.79922 -39.896
database/img_00850_c0_1303398541113014us_rect.jpg 0.644783 0.646559 -0.303186 0.272569 176.027 3.81659 -41.944
database/img_00851_c0_1303398541179766us_rect.jpg 0.645348 0.647334 -0.301981 0.270724 175.615 3.72764 -42.9903
database/img_00852_c0_1303398541313042us_rect.jpg 0.647152 0.648157 -0.299629 0.26704 174.777 3.32767 -45.0671
database/img_00854_c0_1303398541446392us_rect.jpg 0.647267 0.651385 -0.294297 0.264825 173.778 4.46089 -47.5265
database/img_00855_c0_1303398541513018us_rect.jpg 0.647879 0.652178 -0.292044 0.26387 173.305 4.7562 -48.6136
database/img_00856_c0_1303398541646424us_rect.jpg 0.651188 0.651301 -0.28838 0.261912 172.408 4.43148 -50.6227
database/img_00857_c0_1303398541713018us_rect.jpg 0.652258 0.65097 -0.286929 0.261664 172.039 4.44101 -51.3267
database/img_00859_c0_1303398541846394us_rect.jpg 0.651734 0.653337 -0.283943 0.260328 171.205 5.22735 -52.9351
database/img_00860_c0_1303398541979798us_rect.jpg 0.650412 0.655995 -0.282351 0.258675 170.444 5.86434 -54.2435
database/img_00861_c0_1303398542046419us_rect.jpg 0.650245 0.656388 -0.282591 0.257835 170.153 5.74735 -54.6452
database/img_00862_c0_1303398542113020us_rect.jpg 0.650279 0.656377 -0.28293 0.257406 169.898 5.59245 -54.9198
database/img_00863_c0_1303398542179772us_rect.jpg 0.650439 0.656197 -0.282999 0.257384 169.648 5.51605 -55.1725
database/img_00864_c0_1303398542313050us_rect.jpg 0.650505 0.656313 -0.282382 0.257599 169.088 5.67787 -55.7998
database/img_00865_c0_1303398542379794us_rect.jpg 0.650248 0.656581 -0.281778 0.258227 168.819 5.99503 -56.0541
database/img_00866_c0_1303398542446398us_rect.jpg 0.649765 0.657057 -0.281457 0.25858 168.551 6.27606 -56.3045
database/img_00868_c0_1303398542646401us_rect.jpg 0.64879 0.658433 -0.279956 0.259156 167.63 7.04699 -57.354
database/img_00869_c0_1303398542713024us_rect.jpg 0.648938 0.658263 -0.280145 0.259015 167.357 6.92826 -57.6243
database/img_00871_c0_1303398542913027us_rect.jpg 0.650734 0.656875 -0.281487 0.256566 166.44 5.68422 -58.8069
database/img_00872_c0_1303398542979776us_rect.jpg 0.651396 0.656563 -0.281588 0.255572 166.078 5.32047 -59.3322
database/img_00873_c0_1303398543046400us_rect.jpg 0.652422 0.655985 -0.281477 0.254559 165.694 4.8873 -59.9196
database/img_00874_c0_1303398543179800us_rect.jpg 0.654778 0.654778 -0.281001 0.25213 164.853 3.93668 -61.2639
database/img_00875_c0_1303398543246401us_rect.jpg 0.65529 0.654927 -0.280576 0.250885 164.405 3.72791 -61.9835
database/img_00876_c0_1303398543313026us_rect.jpg 0.655048 0.655846 -0.279914 0.249853 163.949 3.86127 -62.6895
database/img_00877_c0_1303398543446428us_rect.jpg 0.654361 0.657486 -0.278245 0.249206 163.116 4.43998 -63.868
database/img_00878_c0_1303398543513027us_rect.jpg 0.653596 0.658322 -0.277763 0.249545 162.793 4.85532 -64.2023
database/img_00880_c0_1303398543646402us_rect.jpg 0.651546 0.660484 -0.27715 0.249874 162.138 5.72981 -64.8668
database/img_00881_c0_1303398543779805us_rect.jpg 0.650904 0.660737 -0.277293 0.250717 161.603 5.99226 -65.2624
database/img_00882_c0_1303398543846425us_rect.jpg 0.651431 0.659826 -0.277725 0.251269 161.383 5.75994 -65.3599
database/img_00883_c0_1303398543913029us_rect.jpg 0.652188 0.658637 -0.278216 0.25188 161.173 5.43776 -65.44
database/img_00884_c0_1303398543979781us_rect.jpg 0.652519 0.657832 -0.278813 0.252465 160.972 5.2318 -65.4893
database/img_00885_c0_1303398544113955us_rect.jpg 0.652403 0.657119 -0.28027 0.25301 160.526 4.95348 -65.6647
database/img_00886_c0_1303398544179807us_rect.jpg 0.652204 0.656753 -0.281372 0.253247 160.342 4.76299 -65.6702
database/img_00888_c0_1303398544313033us_rect.jpg 0.650659 0.657496 -0.2828 0.253705 159.883 4.97556 -65.8533
database/img_00889_c0_1303398544379783us_rect.jpg 0.65022 0.657625 -0.283208 0.25404 159.626 5.05305 -66.0054
database/img_00890_c0_1303398544513036us_rect.jpg 0.649671 0.657229 -0.284051 0.255523 159.193 5.17 -66.1247
database/img_00891_c0_1303398544579784us_rect.jpg 0.649604 0.657014 -0.284617 0.25562 158.926 5.06103 -66.3034
database/img_00892_c0_1303398544646408us_rect.jpg 0.649637 0.656794 -0.284973 0.255703 158.633 4.9661 -66.5424
database/img_00893_c0_1303398544713035us_rect.jpg 0.649698 0.656569 -0.285601 0.255424 158.336 4.75847 -66.8021
database/img_00894_c0_1303398544846413us_rect.jpg 0.650982 0.655313 -0.285937 0.255004 157.645 4.18698 -67.535
database/img_00895_c0_1303398544913036us_rect.jpg 0.651381 0.655036 -0.285619 0.255052 157.272 4.12847 -67.9609
database/img_00896_c0_1303398544979786us_rect.jpg 0.651328 0.655222 -0.284936 0.255475 156.895 4.35314 -68.3723
database/img_00897_c0_1303398545046413us_rect.jpg 0.651586 0.65527 -0.284158 0.25556 156.467 4.45738 -68.9013
database/img_00898_c0_1303398545179788us_rect.jpg 0.651658 0.655634 -0.283188 0.255519 155.649 4.65709 -69.8611
database/img_00899_c0_1303398545246413us_rect.jpg 0.651994 0.655514 -0.282781 0.255423 155.237 4.62522 -70.3519
database/img_00900_c0_1303398545313036us_rect.jpg 0.652262 0.655556 -0.282647 0.254777 154.798 4.50029 -70.8971
database/img_00901_c0_1303398545379788us_rect.jpg 0.652201 0.655988 -0.282415 0.254077 154.343 4.51076 -71.4772
database/img_00902_c0_1303398545513039us_rect.jpg 0.652679 0.656462 -0.28188 0.252214 153.36 4.2951 -72.7737
database/img_00903_c0_1303398545579812us_rect.jpg 0.652956 0.656502 -0.281941 0.251321 152.912 4.09801 -73.3335
database/img_00904_c0_1303398545713041us_rect.jpg 0.653248 0.656838 -0.281898 0.249729 152.003 3.85913 -74.4516
database/img_00905_c0_1303398545779791us_rect.jpg 0.652848 0.657535 -0.281372 0.249535 151.549 4.10694 -74.9898
database/img_00906_c0_1303398545913065us_rect.jpg 0.652459 0.658021 -0.280986 0.249704 150.778 4.3432 -75.7871
database/img_00907_c0_1303398545979792us_rect.jpg 0.652401 0.65818 -0.280759 0.249693 150.374 4.41293 -76.225
database/img_00908_c0_1303398546046417us_rect.jpg 0.652652 0.657907 -0.28067 0.249854 150.006 4.35131 -76.5987
database/img_00909_c0_1303398546113042us_rect.jpg 0.65283 0.657604 -0.280532 0.250343 149.67 4.35742 -76.9046
database/img_00910_c0_1303398546246444us_rect.jpg 0.654764 0.654894 -0.282841 0.249799 149.139 3.05916 -77.3094
database/img_00911_c0_1303398546313067us_rect.jpg 0.655232 0.65445 -0.282673 0.249925 148.747 2.93428 -77.7208
database/img_00912_c0_1303398546379794us_rect.jpg 0.655061 0.654917 -0.282146 0.249745 148.275 3.10047 -78.2699
database/img_00913_c0_1303398546446419us_rect.jpg 0.655308 0.654794 -0.281073 0.250627 147.857 3.32498 -78.7126
database/img_00914_c0_1303398546579822us_rect.jpg 0.655149 0.65369 -0.282104 0.252757 147.458 3.29173 -78.8097
database/img_00915_c0_1303398546646443us_rect.jpg 0.653462 0.655298 -0.282141 0.252921 147.094 3.90459 -79.1357
database/img_00916_c0_1303398546713043us_rect.jpg 0.651793 0.657053 -0.281192 0.253728 146.678 4.78523 -79.5389
database/img_00917_c0_1303398546779796us_rect.jpg 0.650896 0.657909 -0.280461 0.254622 146.295 5.34116 -79.8885
database/img_00918_c0_1303398546913751us_rect.jpg 0.652571 0.655512 -0.280963 0.255958 145.725 4.69813 -80.3321
database/img_00919_c0_1303398546979822us_rect.jpg 0.653514 0.654332 -0.281832 0.255618 145.403 4.12435 -80.635
database/img_00920_c0_1303398547046424us_rect.jpg 0.654251 0.653478 -0.283142 0.254464 145.038 3.46811 -81.0066
database/img_00921_c0_1303398547113049us_rect.jpg 0.65444 0.653223 -0.284811 0.252767 144.651 2.89702 -81.4074
database/img_00922_c0_1303398547179799us_rect.jpg 0.654658 0.652767 -0.286167 0.251844 144.312 2.44054 -81.719
database/img_00923_c0_1303398547313051us_rect.jpg 0.656052 0.650549 -0.28747 0.252474 143.751 1.65539 -82.1406
database/img_00924_c0_1303398547379800us_rect.jpg 0.656282 0.649969 -0.287727 0.253076 143.454 1.54667 -82.3724
database/img_00925_c0_1303398547446425us_rect.jpg 0.655839 0.650416 -0.287605 0.253215 143.051 1.74446 -82.7817
database/img_00926_c0_1303398547513051us_rect.jpg 0.655256 0.651221 -0.287542 0.252726 142.58 1.94056 -83.3106
database/img_00927_c0_1303398547646427us_rect.jpg 0.655108 0.651273 -0.288527 0.251852 141.785 1.71065 -84.1047
database/img_00928_c0_1303398547713051us_rect.jpg 0.655536 0.650687 -0.289031 0.251673 141.417 1.4181 -84.4633
database/img_00929_c0_1303398547779801us_rect.jpg 0.656324 0.649737 -0.288744 0.252403 141.059 1.22937 -84.799
database/img_00930_c0_1303398547846427us_rect.jpg 0.657052 0.648944 -0.288081 0.253305 140.669 1.15357 -85.1794
database/img_00931_c0_1303398547979827us_rect.jpg 0.657482 0.649031 -0.286489 0.253771 139.69 1.35913 -86.2818
database/img_00932_c0_1303398548046451us_rect.jpg 0.657118 0.649696 -0.286616 0.252867 139.18 1.41274 -86.8549
database/img_00933_c0_1303398548113054us_rect.jpg 0.656874 0.650303 -0.287206 0.251269 138.635 1.27899 -87.4861
database/img_00934_c0_1303398548179803us_rect.jpg 0.6565 0.650692 -0.287679 0.250697 138.212 1.28456 -87.919
database/img_00935_c0_1303398548314210us_rect.jpg 0.655818 0.651337 -0.287763 0.250709 137.399 1.51234 -88.7508
database/img_00936_c0_1303398548379825us_rect.jpg 0.655073 0.652349 -0.287151 0.250728 136.899 1.92526 -89.2929
database/img_00937_c0_1303398548446428us_rect.jpg 0.654205 0.653479 -0.286384 0.25093 136.404 2.42871 -89.8288
database/img_00938_c0_1303398548513053us_rect.jpg 0.653817 0.654016 -0.286024 0.250951 135.934 2.65043 -90.3244
database/img_00939_c0_1303398548646431us_rect.jpg 0.653611 0.654019 -0.286246 0.251229 135.155 2.68569 -91.0963
database/img_00940_c0_1303398548713054us_rect.jpg 0.653432 0.654026 -0.286284 0.25163 134.795 2.75947 -91.4416
database/img_00941_c0_1303398548779806us_rect.jpg 0.653239 0.654165 -0.286295 0.251757 134.391 2.83363 -91.8397
database/img_00942_c0_1303398548913078us_rect.jpg 0.653164 0.654086 -0.286406 0.25203 133.595 2.83726 -92.6395
database/img_00943_c0_1303398548979806us_rect.jpg 0.653323 0.65389 -0.286397 0.252139 133.183 2.77962 -93.0597
database/img_00944_c0_1303398549046434us_rect.jpg 0.653505 0.653616 -0.286247 0.252547 132.788 2.75526 -93.4488
database/img_00945_c0_1303398549113059us_rect.jpg 0.65367 0.653332 -0.286171 0.25294 132.401 2.72069 -93.8265
database/img_00946_c0_1303398549246437us_rect.jpg 0.653152 0.653586 -0.286201 0.25359 131.64 2.93244 -94.5637
database/img_00947_c0_1303398549313067us_rect.jpg 0.652523 0.654262 -0.286343 0.253302 131.195 3.13219 -95.0209
database/img_00948_c0_1303398549379810us_rect.jpg 0.652317 0.654465 -0.286517 0.253114 130.764 3.16485 -95.4572
database/img_00949_c0_1303398549446436us_rect.jpg 0.652192 0.654505 -0.28677 0.253045 130.363 3.15444 -95.8588
database/img_00950_c0_1303398549579814us_rect.jpg 0.652922 0.653943 -0.286315 0.25313 129.435 2.95519 -96.8319
database/img_00951_c0_1303398549646437us_rect.jpg 0.653534 0.653562 -0.285893 0.25301 128.919 2.78951 -97.3952
database/img_00952_c0_1303398549713062us_rect.jpg 0.654037 0.653329 -0.285518 0.252737 128.391 2.65459 -97.9646
database/img_00953_c0_1303398549779811us_rect.jpg 0.654509 0.653256 -0.285402 0.251832 127.805 2.45813 -98.6092
database/img_00954_c0_1303398549913087us_rect.jpg 0.654802 0.65388 -0.285875 0.248901 126.573 2.14298 -99.9656
database/img_00955_c0_1303398549979813us_rect.jpg 0.654778 0.654178 -0.286229 0.24777 126.022 2.0472 -100.552
database/img_00956_c0_1303398550046439us_rect.jpg 0.655264 0.653796 -0.285891 0.247884 125.547 1.92175 -101.05
database/img_00957_c0_1303398550179815us_rect.jpg 0.655801 0.65402 -0.283672 0.24842 124.4 2.1543 -102.264
database/img_00958_c0_1303398550246462us_rect.jpg 0.656131 0.654207 -0.2825 0.248392 123.769 2.24798 -102.943
database/img_00959_c0_1303398550313065us_rect.jpg 0.656748 0.654034 -0.281865 0.247938 123.158 2.10933 -103.597
database/img_00960_c0_1303398550379815us_rect.jpg 0.657596 0.653533 -0.281945 0.24692 122.57 1.72349 -104.223
database/img_00961_c0_1303398550513063us_rect.jpg 0.65801 0.653723 -0.28177 0.24551 121.445 1.55669 -105.408
database/img_00962_c0_1303398550579815us_rect.jpg 0.657742 0.654349 -0.281369 0.24502 120.863 1.7293 -106.015
database/img_00963_c0_1303398550713067us_rect.jpg 0.656311 0.655949 -0.280491 0.245583 119.941 2.47685 -106.959
database/img_00964_c0_1303398550779816us_rect.jpg 0.655265 0.656972 -0.280232 0.245939 119.52 2.95522 -107.377
database/img_00965_c0_1303398550846443us_rect.jpg 0.654105 0.658092 -0.279817 0.246504 119.108 3.50928 -107.794
database/img_00966_c0_1303398550913067us_rect.jpg 0.652903 0.659178 -0.279712 0.246907 118.721 4.02047 -108.176
database/img_00967_c0_1303398550979817us_rect.jpg 0.652104 0.659754 -0.280023 0.247128 118.371 4.28616 -108.527
database/img_00968_c0_1303398551113072us_rect.jpg 0.651924 0.659193 -0.280808 0.248208 117.798 4.21479 -109.105
database/img_00969_c0_1303398551179821us_rect.jpg 0.652497 0.658269 -0.281091 0.248832 117.502 3.93068 -109.41
database/img_00970_c0_1303398551246446us_rect.jpg 0.652647 0.657722 -0.281706 0.249187 117.225 3.75401 -109.695
database/img_00971_c0_1303398551379844us_rect.jpg 0.651948 0.657881 -0.283812 0.248207 116.544 3.63089 -110.387
database/img_00972_c0_1303398551446447us_rect.jpg 0.651506 0.657987 -0.28461 0.248174 116.232 3.65925 -110.705
database/img_00973_c0_1303398551513073us_rect.jpg 0.650955 0.658027 -0.285148 0.248894 116.004 3.78545 -110.937
database/img_00974_c0_1303398551646448us_rect.jpg 0.649633 0.658509 -0.285555 0.2506 115.474 4.256 -111.473
database/img_00975_c0_1303398551713073us_rect.jpg 0.648976 0.658944 -0.285407 0.25133 115.127 4.55356 -111.823
database/img_00976_c0_1303398551779823us_rect.jpg 0.648654 0.659093 -0.285059 0.252161 114.758 4.74915 -112.194
database/img_00977_c0_1303398551846449us_rect.jpg 0.648706 0.658746 -0.285141 0.252844 114.441 4.71433 -112.519
database/img_00978_c0_1303398551979825us_rect.jpg 0.64978 0.657166 -0.285854 0.253391 113.766 4.13018 -113.241
database/img_00979_c0_1303398552046470us_rect.jpg 0.650228 0.656699 -0.286227 0.25303 113.322 3.87275 -113.703
database/img_00980_c0_1303398552113075us_rect.jpg 0.650674 0.656238 -0.286741 0.252497 112.876 3.59218 -114.169
database/img_00981_c0_1303398552179826us_rect.jpg 0.650953 0.655985 -0.287581 0.251477 112.404 3.32172 -114.656
database/img_00982_c0_1303398552246451us_rect.jpg 0.651148 0.655821 -0.288201 0.250688 111.934 3.12978 -115.139
database/img_00983_c0_1303398552379829us_rect.jpg 0.651943 0.65501 -0.28854 0.250355 111.037 2.72816 -116.073
database/img_00984_c0_1303398552446453us_rect.jpg 0.652434 0.654792 -0.287684 0.25063 110.479 2.67069 -116.63
database/img_00985_c0_1303398552513077us_rect.jpg 0.652843 0.654605 -0.286597 0.251295 109.945 2.68243 -117.171
database/img_00986_c0_1303398552579828us_rect.jpg 0.653755 0.65373 -0.285711 0.25221 109.485 2.43527 -117.653
database/img_00987_c0_1303398552713079us_rect.jpg 0.65528 0.652209 -0.285588 0.25233 108.573 1.79547 -118.602
database/img_00988_c0_1303398552779828us_rect.jpg 0.656045 0.651548 -0.286504 0.251009 108.053 1.32046 -119.124
database/img_00989_c0_1303398552846453us_rect.jpg 0.656918 0.65085 -0.287937 0.248889 107.483 0.716888 -119.695
database/img_00990_c0_1303398552913078us_rect.jpg 0.658478 0.648985 -0.291041 0.246009 107.066 -0.464415 -120.107
database/img_00991_c0_1303398553046457us_rect.jpg 0.661709 0.646471 -0.291077 0.243907 105.751 -1.83223 -121.344
database/img_00992_c0_1303398553113077us_rect.jpg 0.662754 0.645968 -0.288485 0.245477 105.108 -1.85183 -121.95
database/img_00993_c0_1303398553246456us_rect.jpg 0.662694 0.646475 -0.284585 0.248835 104.078 -1.24245 -122.997
database/img_00994_c0_1303398553313080us_rect.jpg 0.660879 0.648271 -0.283641 0.250063 103.692 -0.308207 -123.416
database/img_00995_c0_1303398553379830us_rect.jpg 0.658237 0.65106 -0.283236 0.250245 103.217 0.913473 -123.901
database/img_00996_c0_1303398553513090us_rect.jpg 0.65524 0.65409 -0.283377 0.250049 102.32 2.20405 -124.808
database/img_00997_c0_1303398553579831us_rect.jpg 0.655686 0.653539 -0.284289 0.249284 101.9 1.8749 -125.251
database/img_00998_c0_1303398553646455us_rect.jpg 0.657478 0.651419 -0.286004 0.248147 101.555 0.829939 -125.624
database/img_00999_c0_1303398553713081us_rect.jpg 0.659985 0.648384 -0.288597 0.246434 101.257 -0.664881 -125.951
database/img_01000_c0_1303398553846483us_rect.jpg 0.665339 0.642634 -0.289727 0.245773 100.375 -3.21367 -126.793
database/img_01001_c0_1303398553913083us_rect.jpg 0.667205 0.640834 -0.288489 0.246868 99.8689 -3.87728 -127.275
database/img_01002_c0_1303398553979835us_rect.jpg 0.667837 0.640186 -0.286402 0.249258 99.4695 -3.897 -127.69
database/img_01003_c0_1303398554046461us_rect.jpg 0.667194 0.640601 -0.284502 0.252074 99.2018 -3.38668 -128.025
database/img_01004_c0_1303398554179837us_rect.jpg 0.662836 0.644161 -0.283058 0.256093 98.8422 -1.33402 -128.599
database/img_01005_c0_1303398554246482us_rect.jpg 0.660497 0.646379 -0.282854 0.256769 98.4967 -0.27793 -128.989
database/img_01006_c0_1303398554313087us_rect.jpg 0.65925 0.647709 -0.282926 0.256545 98.0249 0.273046 -129.478
database/img_01007_c0_1303398554379838us_rect.jpg 0.659372 0.647713 -0.282731 0.256436 97.5142 0.249514 -129.988
database/img_00359_c1_1303398497446221us_rect.jpg 0.69664 0.667682 -0.220309 0.142679 140.127 -8.97796 -66.906
database/img_00361_c1_1303398497646213us_rect.jpg 0.696772 0.668307 -0.219524 0.140299 140.461 -9.17784 -68.2429
database/img_00362_c1_1303398497779573us_rect.jpg 0.697629 0.667869 -0.218887 0.139116 140.69 -9.46242 -69.0632
database/img_00363_c1_1303398497846200us_rect.jpg 0.69775 0.667869 -0.218881 0.138518 140.833 -9.58347 -69.4044
database/img_00364_c1_1303398497979601us_rect.jpg 0.697815 0.667952 -0.218854 0.13783 141.171 -9.70173 -69.983
database/img_00365_c1_1303398498046201us_rect.jpg 0.697884 0.668002 -0.218504 0.137797 141.34 -9.6521 -70.2749
database/img_00367_c1_1303398498246200us_rect.jpg 0.698007 0.668085 -0.217897 0.137732 141.884 -9.57683 -71.0455
database/img_00368_c1_1303398498379584us_rect.jpg 0.697966 0.668043 -0.2182 0.137659 142.299 -9.65163 -71.4045
database/img_00369_c1_1303398498446219us_rect.jpg 0.698186 0.667795 -0.218079 0.137939 142.509 -9.65925 -71.5715
database/img_00371_c1_1303398498579578us_rect.jpg 0.698423 0.66747 -0.218101 0.13828 142.929 -9.69854 -71.89
database/img_00372_c1_1303398498712854us_rect.jpg 0.698364 0.667291 -0.218848 0.138263 143.371 -9.8608 -72.1204
database/img_00374_c1_1303398498846205us_rect.jpg 0.698848 0.666768 -0.218805 0.138405 143.739 -9.99076 -72.4745
database/img_00375_c1_1303398498979581us_rect.jpg 0.699301 0.666154 -0.219094 0.138618 144.14 -10.1769 -72.7341
database/img_00377_c1_1303398499112830us_rect.jpg 0.699178 0.666078 -0.220138 0.13795 144.511 -10.477 -73.0102
database/img_00379_c1_1303398499312858us_rect.jpg 0.699271 0.66585 -0.220192 0.138486 145.089 -10.4586 -73.4139
database/img_00381_c1_1303398499446208us_rect.jpg 0.699608 0.665551 -0.219655 0.139076 145.433 -10.3683 -73.7476
database/img_00383_c1_1303398499646246us_rect.jpg 0.698779 0.666305 -0.219645 0.139649 145.996 -10.0365 -74.1345
database/img_00384_c1_1303398499712833us_rect.jpg 0.698571 0.666526 -0.219502 0.139858 146.167 -9.91162 -74.2851
database/img_00386_c1_1303398499912840us_rect.jpg 0.698805 0.666226 -0.219214 0.140567 146.677 -9.83263 -74.6715
database/img_00388_c1_1303398500046211us_rect.jpg 0.698608 0.666139 -0.220194 0.140428 147.052 -10.0219 -74.7906
database/img_00390_c1_1303398500246212us_rect.jpg 0.698622 0.666068 -0.220445 0.140301 147.489 -10.1122 -75.2053
database/img_00393_c1_1303398500512861us_rect.jpg 0.698533 0.666256 -0.219241 0.141728 148.085 -9.61782 -75.7322
database/img_00394_c1_1303398500579588us_rect.jpg 0.69761 0.667167 -0.219371 0.141792 148.251 -9.34327 -75.8329
database/img_00396_c1_1303398500779615us_rect.jpg 0.695355 0.669353 -0.220408 0.140955 148.665 -8.98069 -76.1852
database/img_00399_c1_1303398501046214us_rect.jpg 0.695021 0.669789 -0.219186 0.142433 149.181 -8.38706 -76.6117
database/img_00401_c1_1303398501246238us_rect.jpg 0.694906 0.670007 -0.218863 0.142461 149.46 -8.27399 -76.9973
database/img_00405_c1_1303398501579594us_rect.jpg 0.693927 0.671184 -0.219442 0.14079 149.782 -8.33199 -77.7064
database/img_00409_c1_1303398501979623us_rect.jpg 0.694441 0.671002 -0.218383 0.140776 150.087 -8.25624 -78.3868
database/img_00414_c1_1303398502379598us_rect.jpg 0.693702 0.671873 -0.218789 0.139626 150.308 -8.27259 -78.8677
database/img_00726_c1_1303398530046377us_rect.jpg 0.698785 0.666074 -0.223418 0.134642 150.444 -11.7717 -79.2788
database/img_00734_c1_1303398530780801us_rect.jpg 0.699167 0.666179 -0.22168 0.135015 150.712 -11.4464 -80.01
database/img_00738_c1_1303398531113953us_rect.jpg 0.698743 0.666888 -0.221095 0.134666 150.906 -11.2237 -80.5266
database/img_00743_c1_1303398531513010us_rect.jpg 0.69758 0.668814 -0.217714 0.13664 151.225 -9.75759 -81.2809
database/img_00747_c1_1303398531846408us_rect.jpg 0.697618 0.66882 -0.219305 0.133848 151.366 -10.5536 -81.8818
database/img_00751_c1_1303398532246411us_rect.jpg 0.696973 0.669466 -0.219992 0.132847 151.758 -10.6551 -82.4072
database/img_00754_c1_1303398532513012us_rect.jpg 0.696677 0.670841 -0.214414 0.136528 151.945 -8.70361 -83.179
database/img_00758_c1_1303398532846388us_rect.jpg 0.695785 0.67221 -0.21285 0.136794 152.184 -7.99191 -83.8572
database/img_00762_c1_1303398533246416us_rect.jpg 0.694327 0.674326 -0.212138 0.134878 152.28 -7.59273 -84.8655
database/img_00765_c1_1303398533579805us_rect.jpg 0.694486 0.673341 -0.216594 0.131866 152.697 -9.16471 -84.8522
database/img_00769_c1_1303398533979770us_rect.jpg 0.695704 0.672029 -0.21515 0.134473 153.224 -8.87867 -84.9784
database/img_00773_c1_1303398534379772us_rect.jpg 0.69566 0.671727 -0.215202 0.136119 153.804 -8.65543 -84.9706
database/img_00778_c1_1303398534846405us_rect.jpg 0.693244 0.673316 -0.219541 0.133643 154.429 -9.2366 -84.9778
database/img_00782_c1_1303398535179800us_rect.jpg 0.696489 0.670158 -0.216748 0.137156 154.851 -9.19431 -85.1671
database/img_00786_c1_1303398535513034us_rect.jpg 0.694871 0.670882 -0.219723 0.137086 155.569 -9.3864 -84.8783
database/img_00790_c1_1303398535846443us_rect.jpg 0.696078 0.669458 -0.217365 0.141612 156.282 -8.59418 -84.8184
database/img_00792_c1_1303398536046408us_rect.jpg 0.695777 0.669109 -0.21706 0.145161 156.975 -7.91422 -84.3512
database/img_00795_c1_1303398536313057us_rect.jpg 0.693736 0.669067 -0.220566 0.149767 158.352 -7.41728 -82.8491
database/img_00798_c1_1303398536579787us_rect.jpg 0.691509 0.666443 -0.229293 0.15841 160.796 -7.6107 -79.1521
database/img_00801_c1_1303398536779785us_rect.jpg 0.690212 0.661593 -0.234896 0.175287 163.694 -6.16578 -74.0888
database/img_00804_c1_1303398537046412us_rect.jpg 0.683678 0.655764 -0.251874 0.197783 168.217 -5.10059 -64.7649
database/img_00806_c1_1303398537246412us_rect.jpg 0.673144 0.649613 -0.276136 0.22052 172.703 -4.84222 -53.0023
database/img_00809_c1_1303398537513064us_rect.jpg 0.653898 0.634619 -0.312285 0.268615 178.604 -1.9061 -30.7215
database/img_00811_c1_1303398537646415us_rect.jpg 0.641412 0.625584 -0.3304 0.296767 180.596 0.68468 -17.929
database/img_00813_c1_1303398537846420us_rect.jpg 0.616872 0.606265 -0.370609 0.338467 181.729 1.59916 5.70325
database/img_00815_c1_1303398538047736us_rect.jpg 0.586692 0.5811 -0.41466 0.382325 179.299 1.99426 32.0475
database/img_00818_c1_1303398538313049us_rect.jpg 0.542466 0.538859 -0.467349 0.443787 169.673 4.11295 67.173
database/img_00820_c1_1303398538446419us_rect.jpg 0.5177 0.51559 -0.492066 0.473313 162.135 5.35828 83.9992
database/img_00822_c1_1303398538646425us_rect.jpg 0.477116 0.477508 -0.530895 0.512344 147.421 5.4909 108.04
database/img_00825_c1_1303398538913054us_rect.jpg 0.421039 0.427978 -0.571867 0.559043 124.249 7.06041 134.134
database/img_00827_c1_1303398539046422us_rect.jpg 0.394023 0.402055 -0.592867 0.575852 111.683 5.88451 144.821
database/img_00828_c1_1303398539246598us_rect.jpg 0.356156 0.365908 -0.616859 0.598956 93.3187 5.50591 157.235
database/img_00830_c1_1303398539379799us_rect.jpg 0.331104 0.342054 -0.631474 0.612054 80.8394 4.99881 163.932
database/img_00832_c1_1303398539580384us_rect.jpg 0.29853 0.311125 -0.647007 0.628859 64.3922 5.15127 170.869
database/img_00833_c1_1303398539646430us_rect.jpg 0.289443 0.301935 -0.651596 0.632835 59.6519 4.9506 172.501
database/img_00836_c1_1303398539846426us_rect.jpg 0.267934 0.280623 -0.662994 0.640235 48.632 3.81652 175.646
database/img_00837_c1_1303398539979827us_rect.jpg 0.257813 0.268889 -0.668962 0.643211 43.1032 3.058 176.86
database/img_00839_c1_1303398540113052us_rect.jpg 0.250523 0.260637 -0.673637 0.644609 39.2871 2.2289 177.494
database/img_00840_c1_1303398540246436us_rect.jpg 0.24827 0.257312 -0.675597 0.644765 38.1552 1.79636 177.454
database/img_00842_c1_1303398540379804us_rect.jpg 0.247472 0.256544 -0.675922 0.645037 38.1018 1.7683 177.163
database/img_00844_c1_1303398540579808us_rect.jpg 0.248267 0.257674 -0.67328 0.647041 39.1645 2.91676 176.459
database/img_00845_c1_1303398540646431us_rect.jpg 0.249201 0.257814 -0.672399 0.647542 39.6444 3.28995 176.189
database/img_00846_c1_1303398540779808us_rect.jpg 0.251782 0.25922 -0.671791 0.646613 41.1124 3.24061 175.526
database/img_00847_c1_1303398540846454us_rect.jpg 0.253204 0.260615 -0.671516 0.645781 42.0663 3.09608 175.135
database/img_00848_c1_1303398540979810us_rect.jpg 0.255461 0.26406 -0.67068 0.644361 43.9868 2.90153 174.331
database/img_00850_c1_1303398541113058us_rect.jpg 0.256941 0.268524 -0.669516 0.643137 45.9652 2.79216 173.485
database/img_00851_c1_1303398541179809us_rect.jpg 0.258091 0.270337 -0.668991 0.642462 46.9597 2.73312 173.052
database/img_00852_c1_1303398541313063us_rect.jpg 0.26088 0.273479 -0.668651 0.640357 48.9685 2.2773 172.159
database/img_00854_c1_1303398541446435us_rect.jpg 0.264515 0.277439 -0.664937 0.641029 51.3864 3.3742 171.095
database/img_00855_c1_1303398541513060us_rect.jpg 0.266548 0.27865 -0.663827 0.640813 52.4639 3.61875 170.595
database/img_00856_c1_1303398541646440us_rect.jpg 0.271294 0.279522 -0.663526 0.638749 54.4287 3.25211 169.644
database/img_00857_c1_1303398541713086us_rect.jpg 0.273062 0.279517 -0.663232 0.638303 55.1369 3.24478 169.248
database/img_00859_c1_1303398541846438us_rect.jpg 0.274692 0.282083 -0.660647 0.639155 56.6828 4.07575 168.38
database/img_00860_c1_1303398541979819us_rect.jpg 0.274749 0.285053 -0.658611 0.639913 57.9199 4.71395 167.603
database/img_00861_c1_1303398542046440us_rect.jpg 0.274367 0.285884 -0.65871 0.639604 58.278 4.58669 167.311
database/img_00862_c1_1303398542113064us_rect.jpg 0.274177 0.285961 -0.659117 0.639232 58.5016 4.38234 167.066
database/img_00863_c1_1303398542179814us_rect.jpg 0.274196 0.285821 -0.65936 0.639036 58.727 4.2691 166.816
database/img_00864_c1_1303398542313070us_rect.jpg 0.274643 0.285737 -0.658957 0.639297 59.3336 4.4276 166.247
database/img_00865_c1_1303398542379819us_rect.jpg 0.274766 0.285503 -0.658431 0.639891 59.5634 4.7028 165.979
database/img_00866_c1_1303398542446440us_rect.jpg 0.274736 0.285596 -0.657822 0.640488 59.8362 4.9906 165.697
database/img_00868_c1_1303398542646469us_rect.jpg 0.2751 0.286443 -0.656235 0.641581 60.9294 5.63121 164.731
database/img_00869_c1_1303398542713091us_rect.jpg 0.274938 0.286383 -0.65667 0.641232 61.1514 5.42811 164.474
database/img_00871_c1_1303398542913093us_rect.jpg 0.275097 0.286838 -0.658582 0.638995 62.1657 4.37095 163.56
database/img_00872_c1_1303398542979825us_rect.jpg 0.275356 0.287135 -0.659076 0.638241 62.5969 4.05368 163.212
database/img_00873_c1_1303398543046443us_rect.jpg 0.27623 0.28743 -0.659642 0.637145 63.1879 3.64066 162.799
database/img_00874_c1_1303398543179823us_rect.jpg 0.278286 0.288357 -0.660959 0.634461 64.5378 2.65071 161.902
database/img_00875_c1_1303398543246466us_rect.jpg 0.278991 0.289322 -0.661136 0.633526 65.2511 2.37104 161.428
database/img_00876_c1_1303398543313070us_rect.jpg 0.279265 0.290596 -0.66067 0.633309 65.9273 2.42308 160.966
database/img_00877_c1_1303398543446451us_rect.jpg 0.279831 0.292159 -0.658963 0.634118 67.0393 3.02459 160.121
database/img_00878_c1_1303398543513093us_rect.jpg 0.279617 0.292433 -0.658105 0.634976 67.3483 3.43547 159.799
database/img_00880_c1_1303398543646447us_rect.jpg 0.278513 0.293742 -0.656119 0.63691 67.9776 4.3723 159.141
database/img_00881_c1_1303398543779829us_rect.jpg 0.277779 0.293418 -0.655622 0.637891 68.3299 4.7118 158.606
database/img_00882_c1_1303398543846449us_rect.jpg 0.277829 0.292316 -0.65626 0.637719 68.3993 4.50262 158.39
database/img_00883_c1_1303398543913074us_rect.jpg 0.278075 0.290846 -0.657146 0.637371 68.4345 4.18919 158.191
database/img_00884_c1_1303398543979824us_rect.jpg 0.278132 0.289676 -0.65799 0.637008 68.4937 3.88407 157.982
database/img_00885_c1_1303398544113975us_rect.jpg 0.277153 0.288702 -0.658936 0.636899 68.6629 3.60383 157.529
database/img_00886_c1_1303398544179829us_rect.jpg 0.276281 0.28819 -0.659515 0.636911 68.6512 3.45501 157.348
database/img_00888_c1_1303398544313075us_rect.jpg 0.274132 0.288561 -0.659333 0.63786 68.8495 3.71382 156.874
database/img_00889_c1_1303398544379826us_rect.jpg 0.273664 0.288289 -0.65936 0.638155 68.9953 3.76946 156.616
database/img_00890_c1_1303398544513102us_rect.jpg 0.272853 0.286939 -0.659565 0.638899 69.1363 3.87471 156.162
database/img_00891_c1_1303398544579827us_rect.jpg 0.272349 0.2866 -0.659858 0.638963 69.2693 3.80826 155.91
database/img_00892_c1_1303398544646452us_rect.jpg 0.272039 0.286373 -0.660163 0.638882 69.4763 3.70491 155.621
database/img_00893_c1_1303398544713077us_rect.jpg 0.271637 0.286547 -0.660679 0.638442 69.7605 3.46953 155.3
database/img_00894_c1_1303398544846481us_rect.jpg 0.272511 0.286125 -0.661733 0.637166 70.5627 2.88563 154.548
database/img_00895_c1_1303398544913102us_rect.jpg 0.27294 0.285982 -0.661622 0.637161 70.9764 2.89626 154.158
database/img_00896_c1_1303398544979830us_rect.jpg 0.273576 0.285987 -0.661353 0.637165 71.4745 2.9481 153.727
database/img_00897_c1_1303398545046456us_rect.jpg 0.274211 0.286018 -0.660981 0.637264 71.9793 3.04815 153.292
database/img_00898_c1_1303398545179854us_rect.jpg 0.275127 0.28626 -0.660182 0.637589 72.9512 3.28965 152.43
database/img_00899_c1_1303398545246486us_rect.jpg 0.275594 0.286259 -0.660155 0.637416 73.4166 3.24115 152.012
database/img_00900_c1_1303398545313082us_rect.jpg 0.275793 0.286631 -0.660086 0.637234 73.9042 3.20622 151.58
database/img_00901_c1_1303398545379830us_rect.jpg 0.275931 0.287447 -0.65983 0.637072 74.4781 3.22869 151.103
database/img_00902_c1_1303398545513108us_rect.jpg 0.276599 0.289298 -0.659841 0.635932 75.7753 2.95893 150.066
database/img_00903_c1_1303398545579837us_rect.jpg 0.276976 0.290034 -0.660121 0.635142 76.3944 2.70475 149.563
database/img_00904_c1_1303398545713108us_rect.jpg 0.276869 0.291495 -0.660074 0.634568 77.4294 2.58886 148.654
database/img_00905_c1_1303398545779856us_rect.jpg 0.27693 0.292118 -0.659691 0.634653 77.9467 2.70222 148.194
database/img_00906_c1_1303398545913085us_rect.jpg 0.276823 0.292531 -0.659037 0.635188 78.7467 2.97172 147.392
database/img_00907_c1_1303398545979835us_rect.jpg 0.276998 0.29263 -0.658925 0.635183 79.1792 2.98662 146.978
database/img_00908_c1_1303398546046459us_rect.jpg 0.277014 0.292368 -0.658924 0.635298 79.498 2.9967 146.622
database/img_00909_c1_1303398546113085us_rect.jpg 0.277318 0.292002 -0.658944 0.635313 79.8614 2.96935 146.238
database/img_00910_c1_1303398546246466us_rect.jpg 0.277308 0.290544 -0.661726 0.633091 80.314 1.73528 145.636
database/img_00911_c1_1303398546313087us_rect.jpg 0.277849 0.290157 -0.661957 0.632788 80.7331 1.57885 145.22
database/img_00912_c1_1303398546379836us_rect.jpg 0.277947 0.29056 -0.661385 0.633159 81.2195 1.79779 144.764
database/img_00913_c1_1303398546446463us_rect.jpg 0.278828 0.29 -0.660775 0.633665 81.673 2.01345 144.323
database/img_00914_c1_1303398546579845us_rect.jpg 0.278087 0.28782 -0.66128 0.634457 81.7986 2.01227 143.9
database/img_00915_c1_1303398546646467us_rect.jpg 0.276906 0.288802 -0.660043 0.635814 82.1197 2.6609 143.531
database/img_00916_c1_1303398546713088us_rect.jpg 0.27616 0.289467 -0.658141 0.637804 82.466 3.59477 143.143
database/img_00917_c1_1303398546779838us_rect.jpg 0.275936 0.289498 -0.656989 0.639074 82.7988 4.15313 142.762
database/img_00918_c1_1303398546913773us_rect.jpg 0.276898 0.286655 -0.658309 0.638581 83.1999 3.59533 142.184
database/img_00919_c1_1303398546979842us_rect.jpg 0.277047 0.286162 -0.659497 0.637511 83.5288 3.0404 141.823
database/img_00920_c1_1303398547046465us_rect.jpg 0.276682 0.286406 -0.660854 0.636154 83.902 2.41915 141.435
database/img_00921_c1_1303398547113091us_rect.jpg 0.275638 0.287188 -0.662218 0.634834 84.241 1.84647 141.063
database/img_00922_c1_1303398547179840us_rect.jpg 0.274935 0.287618 -0.663318 0.633795 84.5802 1.37935 140.689
database/img_00923_c1_1303398547313119us_rect.jpg 0.274667 0.285727 -0.665066 0.632934 84.928 0.697512 140.143
database/img_00924_c1_1303398547379842us_rect.jpg 0.274536 0.284898 -0.665399 0.633015 85.126 0.599524 139.853
database/img_00925_c1_1303398547446468us_rect.jpg 0.274532 0.285249 -0.665014 0.633263 85.5975 0.745677 139.392
database/img_00926_c1_1303398547513094us_rect.jpg 0.274149 0.28603 -0.664542 0.633572 86.0784 0.955276 138.926
database/img_00927_c1_1303398547646493us_rect.jpg 0.27374 0.286432 -0.665235 0.63284 86.8877 0.637303 138.085
database/img_00928_c1_1303398547713118us_rect.jpg 0.273512 0.286214 -0.665962 0.632272 87.203 0.331255 137.721
database/img_00929_c1_1303398547779845us_rect.jpg 0.274135 0.285216 -0.666278 0.632119 87.5383 0.151879 137.348
database/img_00930_c1_1303398547846469us_rect.jpg 0.275057 0.284096 -0.666151 0.632357 87.9118 0.141968 136.95
database/img_00931_c1_1303398547979848us_rect.jpg 0.276369 0.283849 -0.665347 0.632743 88.9604 0.327319 135.95
database/img_00932_c1_1303398548046472us_rect.jpg 0.276125 0.28506 -0.665113 0.632551 89.5674 0.388842 135.394
database/img_00933_c1_1303398548113095us_rect.jpg 0.275562 0.286443 -0.665315 0.631959 90.1465 0.283812 134.852
database/img_00934_c1_1303398548179846us_rect.jpg 0.274899 0.287279 -0.665551 0.63162 90.5931 0.209191 134.4
database/img_00935_c1_1303398548314222us_rect.jpg 0.274097 0.287958 -0.66522 0.632007 91.3959 0.415491 133.572
database/img_00936_c1_1303398548379849us_rect.jpg 0.274032 0.288628 -0.664152 0.632852 91.9293 0.869948 133.064
database/img_00937_c1_1303398548446474us_rect.jpg 0.273897 0.289405 -0.662911 0.633856 92.4678 1.40552 132.541
database/img_00938_c1_1303398548513098us_rect.jpg 0.273862 0.289632 -0.662386 0.634317 92.9224 1.62855 132.082
database/img_00939_c1_1303398548646496us_rect.jpg 0.273586 0.289142 -0.662359 0.634687 93.6097 1.68039 131.323
database/img_00940_c1_1303398548713099us_rect.jpg 0.273456 0.288935 -0.662309 0.63489 93.9628 1.72147 130.936
database/img_00941_c1_1303398548779850us_rect.jpg 0.273349 0.288753 -0.662317 0.635011 94.3269 1.73188 130.544
database/img_00942_c1_1303398548914053us_rect.jpg 0.273311 0.28861 -0.662186 0.635228 95.1362 1.77927 129.694
database/img_00943_c1_1303398548979874us_rect.jpg 0.273503 0.288392 -0.662243 0.635185 95.5567 1.7242 129.258
database/img_00944_c1_1303398549046476us_rect.jpg 0.273722 0.287954 -0.662229 0.635304 95.9391 1.70654 128.849
database/img_00945_c1_1303398549113101us_rect.jpg 0.274003 0.287306 -0.662232 0.635474 96.2945 1.68065 128.462
database/img_00946_c1_1303398549246503us_rect.jpg 0.273737 0.286919 -0.662033 0.63597 97.0176 1.80177 127.678
database/img_00947_c1_1303398549313103us_rect.jpg 0.273222 0.287654 -0.661769 0.636134 97.4817 1.95653 127.207
database/img_00948_c1_1303398549379853us_rect.jpg 0.272775 0.288012 -0.661697 0.636239 97.8883 2.03036 126.78
database/img_00949_c1_1303398549446478us_rect.jpg 0.272501 0.288035 -0.661853 0.636184 98.2688 1.9897 126.38
database/img_00950_c1_1303398549579879us_rect.jpg 0.273299 0.287557 -0.66198 0.635925 99.1988 1.80778 125.436
database/img_00951_c1_1303398549646479us_rect.jpg 0.273994 0.287521 -0.661984 0.635639 99.76 1.69019 124.885
database/img_00952_c1_1303398549713104us_rect.jpg 0.274436 0.28776 -0.662165 0.635151 100.325 1.52184 124.331
database/img_00953_c1_1303398549779855us_rect.jpg 0.274759 0.288299 -0.662469 0.634449 100.924 1.30807 123.75
database/img_00954_c1_1303398549913107us_rect.jpg 0.274566 0.290721 -0.662883 0.632993 102.211 1.05511 122.499
database/img_00955_c1_1303398549979855us_rect.jpg 0.274369 0.291651 -0.663113 0.632411 102.782 0.94635 121.934
database/img_00956_c1_1303398550046482us_rect.jpg 0.275074 0.291382 -0.663165 0.632173 103.301 0.810543 121.412
database/img_00957_c1_1303398550179863us_rect.jpg 0.27697 0.291263 -0.661918 0.632707 104.501 1.0412 120.224
database/img_00958_c1_1303398550246484us_rect.jpg 0.27798 0.291422 -0.661127 0.633018 105.15 1.21102 119.583
database/img_00959_c1_1303398550313167us_rect.jpg 0.278862 0.291595 -0.661196 0.632478 105.783 1.0231 118.956
database/img_00960_c1_1303398550379858us_rect.jpg 0.279618 0.291909 -0.66184 0.631325 106.418 0.60071 118.322
database/img_00961_c1_1303398550513108us_rect.jpg 0.280265 0.292929 -0.662162 0.630226 107.598 0.310268 117.132
database/img_00962_c1_1303398550579859us_rect.jpg 0.280426 0.293775 -0.661569 0.630384 108.212 0.517606 116.514
database/img_00963_c1_1303398550713137us_rect.jpg 0.27994 0.294986 -0.659691 0.632 109.198 1.36979 115.509
database/img_00964_c1_1303398550779885us_rect.jpg 0.2793 0.29526 -0.658584 0.633309 109.561 1.93933 115.126
database/img_00965_c1_1303398550846485us_rect.jpg 0.278658 0.295837 -0.657511 0.634437 109.977 2.48818 114.69
database/img_00966_c1_1303398550913111us_rect.jpg 0.27788 0.296308 -0.656584 0.635517 110.348 2.99741 114.293
database/img_00967_c1_1303398550979861us_rect.jpg 0.277021 0.296502 -0.656309 0.636084 110.662 3.24424 113.957
database/img_00968_c1_1303398551113139us_rect.jpg 0.276406 0.295369 -0.656617 0.636562 111.238 3.20936 113.35
database/img_00969_c1_1303398551179862us_rect.jpg 0.27649 0.294299 -0.657059 0.636565 111.514 3.00788 113.065
database/img_00970_c1_1303398551246488us_rect.jpg 0.276245 0.293715 -0.657639 0.636342 111.814 2.79664 112.755
database/img_00971_c1_1303398551379865us_rect.jpg 0.274446 0.294138 -0.658627 0.635904 112.455 2.654 112.088
database/img_00972_c1_1303398551446489us_rect.jpg 0.273347 0.29421 -0.658886 0.636075 112.716 2.71813 111.816
database/img_00973_c1_1303398551513114us_rect.jpg 0.272474 0.293875 -0.658958 0.63653 112.947 2.82793 111.576
database/img_00974_c1_1303398551646516us_rect.jpg 0.271151 0.293115 -0.658243 0.638182 113.467 3.33795 111.035
database/img_00975_c1_1303398551713139us_rect.jpg 0.270766 0.292994 -0.657555 0.63911 113.815 3.68355 110.666
database/img_00976_c1_1303398551779866us_rect.jpg 0.270698 0.29249 -0.657262 0.639671 114.161 3.81003 110.309
database/img_00977_c1_1303398551846491us_rect.jpg 0.270901 0.291631 -0.657515 0.639717 114.498 3.66125 109.964
database/img_00978_c1_1303398551979892us_rect.jpg 0.271354 0.290107 -0.658822 0.638873 115.226 3.01653 109.242
database/img_00979_c1_1303398552046494us_rect.jpg 0.271222 0.290034 -0.65946 0.638303 115.641 2.76089 108.819
database/img_00980_c1_1303398552113118us_rect.jpg 0.271208 0.290002 -0.66015 0.637611 116.083 2.46378 108.362
database/img_00981_c1_1303398552179868us_rect.jpg 0.270752 0.290544 -0.660683 0.637005 116.542 2.30982 107.887
database/img_00982_c1_1303398552246494us_rect.jpg 0.270417 0.290865 -0.661192 0.636472 116.986 2.14684 107.429
database/img_00983_c1_1303398552379895us_rect.jpg 0.270469 0.290707 -0.661874 0.635813 117.866 1.83078 106.523
database/img_00984_c1_1303398552446493us_rect.jpg 0.271552 0.290173 -0.661713 0.635763 118.411 1.69474 105.96
database/img_00985_c1_1303398552513119us_rect.jpg 0.272419 0.289599 -0.661244 0.636142 118.913 1.72002 105.444
database/img_00986_c1_1303398552579870us_rect.jpg 0.273575 0.288316 -0.661333 0.636136 119.356 1.45453 104.999
database/img_00987_c1_1303398552713147us_rect.jpg 0.274649 0.287122 -0.662167 0.635345 120.25 0.866254 104.08
database/img_00988_c1_1303398552779895us_rect.jpg 0.274294 0.287689 -0.663086 0.634282 120.724 0.546049 103.583
database/img_00989_c1_1303398552846496us_rect.jpg 0.274121 0.288479 -0.664695 0.632312 121.276 -0.088641 102.987
database/img_00990_c1_1303398552913122us_rect.jpg 0.272979 0.289093 -0.66806 0.62897 121.646 -1.27307 102.592
database/img_00991_c1_1303398553046499us_rect.jpg 0.275705 0.288266 -0.6701 0.625984 122.83 -2.6582 101.252
database/img_00992_c1_1303398553113124us_rect.jpg 0.278343 0.287104 -0.669 0.626527 123.485 -2.72692 100.523
database/img_00993_c1_1303398553246524us_rect.jpg 0.280889 0.285065 -0.666415 0.629071 124.463 -2.21042 99.4896
database/img_00994_c1_1303398553313147us_rect.jpg 0.28012 0.285599 -0.66454 0.631153 124.878 -1.27938 99.1046
database/img_00995_c1_1303398553379875us_rect.jpg 0.278446 0.287254 -0.662712 0.633061 125.32 -0.180161 98.6692
database/img_00996_c1_1303398553513127us_rect.jpg 0.27603 0.289478 -0.66046 0.635455 126.176 1.23385 97.8026
database/img_00997_c1_1303398553579898us_rect.jpg 0.275214 0.289816 -0.661288 0.634793 126.553 1.05235 97.4374
database/img_00998_c1_1303398553646501us_rect.jpg 0.27539 0.289132 -0.663727 0.632478 126.932 0.00343068 97.0536
database/img_00999_c1_1303398553713263us_rect.jpg 0.27555 0.287985 -0.667335 0.629127 127.242 -1.5311 96.7448
database/img_01000_c1_1303398553846505us_rect.jpg 0.278708 0.28417 -0.671723 0.624785 128.035 -4.06633 95.8435
database/img_01001_c1_1303398553913150us_rect.jpg 0.281079 0.281952 -0.672077 0.624348 128.492 -4.7537 95.3309
database/img_01002_c1_1303398553979877us_rect.jpg 0.282979 0.27998 -0.670862 0.625682 128.923 -4.7126 94.8909
database/img_01003_c1_1303398554046502us_rect.jpg 0.283746 0.278481 -0.669127 0.627858 129.266 -4.22082 94.6024
database/img_01004_c1_1303398554179903us_rect.jpg 0.281697 0.278241 -0.665168 0.633072 129.855 -2.24104 94.2096
database/img_01005_c1_1303398554246506us_rect.jpg 0.280195 0.279211 -0.663335 0.635231 130.234 -1.18313 93.8782
database/img_01006_c1_1303398554313129us_rect.jpg 0.279193 0.280403 -0.662437 0.636084 130.714 -0.590085 93.3922
database/img_01007_c1_1303398554379880us_rect.jpg 0.279208 0.280546 -0.662385 0.636068 131.188 -0.575166 92.899
