database/img_06111_c0_1303399012582333us_rect.jpg 0.063406 0.06707 0.749115 -0.655979 798.877 126.622 -600.791
database/img_06112_c0_1303399012648957us_rect.jpg 0.067686 0.071841 0.747928 -0.656401 806.269 123.935 -591.281
database/img_06113_c0_1303399012782333us_rect.jpg 0.076789 0.07894 0.748313 -0.654141 818.705 127.369 -572.896
database/img_06114_c0_1303399012848989us_rect.jpg 0.081848 0.082654 0.749059 -0.652211 825.248 130.643 -562.518
database/img_06115_c0_1303399012915584us_rect.jpg 0.087149 0.086846 0.749475 -0.6505 832.281 133.079 -551.312
database/img_06116_c0_1303399012982334us_rect.jpg 0.092343 0.092442 0.749735 -0.648709 840.378 133.705 -538.54
database/img_06117_c0_1303399013115584us_rect.jpg 0.103486 0.104085 0.750185 -0.644732 856.871 135.343 -511.021
database/img_06118_c0_1303399013182335us_rect.jpg 0.109659 0.108256 0.750536 -0.642612 863.721 138.873 -498.123
database/img_06119_c0_1303399013315867us_rect.jpg 0.121222 0.118518 0.747177 -0.642639 878.228 135.529 -472.412
database/img_06121_c0_1303399013448962us_rect.jpg 0.131793 0.130181 0.740108 -0.64647 892.731 123.162 -447.187
database/img_06122_c0_1303399013515587us_rect.jpg 0.137348 0.135114 0.737636 -0.647126 899.069 120.421 -434.645
database/img_06123_c0_1303399013648994us_rect.jpg 0.149066 0.144339 0.733809 -0.646893 910.954 118.738 -408.709
database/img_06124_c0_1303399013715587us_rect.jpg 0.156262 0.14895 0.731631 -0.646616 917.223 119.308 -393.756
database/img_06125_c0_1303399013782338us_rect.jpg 0.163763 0.153847 0.729741 -0.645748 923.548 120.646 -377.719
database/img_06126_c0_1303399013915613us_rect.jpg 0.178313 0.162831 0.727839 -0.641826 934.479 127.191 -346.195
database/img_06127_c0_1303399013982339us_rect.jpg 0.184503 0.167963 0.727346 -0.639308 939.527 129.289 -330.732
database/img_06128_c0_1303399014048966us_rect.jpg 0.189884 0.174294 0.725971 -0.637598 944.878 127.665 -314.991
database/img_06129_c0_1303399014182366us_rect.jpg 0.200732 0.187776 0.720855 -0.636251 955.474 120.053 -282.68
database/img_06130_c0_1303399014248966us_rect.jpg 0.207005 0.194053 0.717559 -0.636083 960.374 116.872 -265.93
database/img_06131_c0_1303399014315590us_rect.jpg 0.214363 0.19906 0.714334 -0.635728 964.575 116.772 -249.171
database/img_06132_c0_1303399014448975us_rect.jpg 0.230402 0.207634 0.708701 -0.633676 971.556 121.709 -215.01
database/img_06133_c0_1303399014515591us_rect.jpg 0.238142 0.212489 0.705722 -0.63253 974.795 123.214 -197.368
database/img_06134_c0_1303399014648990us_rect.jpg 0.251575 0.223649 0.700796 -0.628949 980.511 123.758 -162.332
database/img_06135_c0_1303399014715590us_rect.jpg 0.257446 0.229573 0.698614 -0.626862 982.925 123.012 -145.324
database/img_06136_c0_1303399014782341us_rect.jpg 0.263134 0.235652 0.695991 -0.62516 985.141 121.297 -128.395
database/img_06137_c0_1303399014915595us_rect.jpg 0.275041 0.247324 0.68991 -0.62226 988.621 118.295 -94.3674
database/img_06139_c0_1303399015048967us_rect.jpg 0.288976 0.257145 0.683285 -0.619266 990.363 120.002 -59.7096
database/img_06140_c0_1303399015182347us_rect.jpg 0.303015 0.265637 0.677304 -0.615531 990.464 124.608 -26.4128
database/img_06141_c0_1303399015315592us_rect.jpg 0.314392 0.27443 0.672565 -0.611148 989.721 126.798 3.74761
database/img_06142_c0_1303399015448978us_rect.jpg 0.323894 0.282618 0.667588 -0.607903 988.446 126.732 30.0433
database/img_06143_c0_1303399015515597us_rect.jpg 0.328711 0.285807 0.664707 -0.606983 987.509 127.393 41.7783
database/img_06145_c0_1303399015715599us_rect.jpg 0.341276 0.292222 0.658815 -0.603407 983.835 133.296 69.749
database/img_06146_c0_1303399015782348us_rect.jpg 0.344265 0.294311 0.657634 -0.60198 982.672 134.396 77.2864
database/img_06147_c0_1303399015848974us_rect.jpg 0.346392 0.297039 0.656604 -0.600542 981.727 133.657 84.5203
database/img_06148_c0_1303399015915600us_rect.jpg 0.348155 0.300065 0.655106 -0.599654 980.937 131.529 91.5136
database/img_06149_c0_1303399016048988us_rect.jpg 0.349993 0.305691 0.653048 -0.597985 979.657 126.152 102.33
database/img_06151_c0_1303399016250073us_rect.jpg 0.353494 0.308121 0.650948 -0.596968 977.333 126.743 110.197
database/img_06152_c0_1303399016315601us_rect.jpg 0.355432 0.307876 0.649467 -0.597555 976.419 128.442 112.116
database/img_06153_c0_1303399016382351us_rect.jpg 0.357139 0.307374 0.648424 -0.597929 975.537 130.527 113.363
database/img_06154_c0_1303399016515607us_rect.jpg 0.359385 0.30695 0.648174 -0.597072 973.863 134.212 115.421
database/img_06155_c0_1303399016582352us_rect.jpg 0.359633 0.307158 0.64892 -0.596004 973.198 135.162 115.963
database/img_06156_c0_1303399016648978us_rect.jpg 0.359757 0.30773 0.649942 -0.594519 972.516 135.825 116.99
database/img_06157_c0_1303399016782359us_rect.jpg 0.359925 0.30825 0.652893 -0.590903 971.038 138.65 118.185
database/img_06158_c0_1303399016848979us_rect.jpg 0.360413 0.308123 0.65441 -0.588991 970.133 141.146 118.849
database/img_06159_c0_1303399016915605us_rect.jpg 0.360886 0.308107 0.655702 -0.58727 969.263 143.265 119.617
database/img_06160_c0_1303399017049005us_rect.jpg 0.362472 0.308805 0.656859 -0.584628 967.475 146.181 122.943
database/img_06161_c0_1303399017115606us_rect.jpg 0.363116 0.308931 0.657335 -0.583626 966.668 147.539 123.96
database/img_06162_c0_1303399017182356us_rect.jpg 0.363458 0.309023 0.657692 -0.582961 966.02 148.34 124.38
database/img_06163_c0_1303399017315616us_rect.jpg 0.363272 0.309121 0.658235 -0.582412 965.151 148.517 123.566
database/img_06164_c0_1303399017382356us_rect.jpg 0.362905 0.309383 0.658052 -0.582709 964.926 147.478 122.89
database/img_06165_c0_1303399017448982us_rect.jpg 0.362255 0.3099 0.6579 -0.583011 964.804 145.762 122.169
database/img_06166_c0_1303399017582356us_rect.jpg 0.361594 0.310008 0.658666 -0.582498 964.099 145.445 120.654
database/img_06167_c0_1303399017648984us_rect.jpg 0.361648 0.309536 0.659553 -0.581712 963.501 146.975 119.859
database/img_06168_c0_1303399017782362us_rect.jpg 0.362067 0.307889 0.66209 -0.579439 962.012 152.083 117.943
database/img_06169_c0_1303399017848986us_rect.jpg 0.361673 0.307329 0.663667 -0.578177 961.449 153.775 116.545
database/img_06170_c0_1303399017915611us_rect.jpg 0.361462 0.306974 0.664332 -0.577733 960.993 154.55 115.442
database/img_06171_c0_1303399018048989us_rect.jpg 0.361307 0.306449 0.663641 -0.578901 960.397 154.127 113.184
database/img_06172_c0_1303399018115612us_rect.jpg 0.360601 0.306879 0.662996 -0.579852 960.422 151.898 112.037
database/img_06174_c0_1303399018315615us_rect.jpg 0.357165 0.307799 0.663168 -0.581293 960.587 145.895 106.607
database/img_06175_c0_1303399018382369us_rect.jpg 0.35615 0.307501 0.664089 -0.581021 960.408 145.679 104.353
database/img_06176_c0_1303399018448989us_rect.jpg 0.355382 0.307249 0.665232 -0.580317 960.083 146.035 102.678
database/img_06177_c0_1303399018582391us_rect.jpg 0.354075 0.307329 0.66815 -0.577716 959.2 147.189 100.922
database/img_06178_c0_1303399018648990us_rect.jpg 0.353375 0.307187 0.670793 -0.575151 958.522 149.209 100.165
database/img_06179_c0_1303399018715615us_rect.jpg 0.352781 0.306564 0.673977 -0.572118 957.678 152.519 99.0774
database/img_06180_c0_1303399018849884us_rect.jpg 0.350619 0.307532 0.67816 -0.567969 956.841 152.943 98.0033
database/img_06181_c0_1303399018915638us_rect.jpg 0.349028 0.308776 0.679403 -0.566788 956.818 150.654 97.4684
database/img_06182_c0_1303399018982366us_rect.jpg 0.347598 0.309725 0.680163 -0.566237 956.83 148.387 96.5109
database/img_06183_c0_1303399019048992us_rect.jpg 0.346452 0.309883 0.680746 -0.566152 956.76 147.196 94.6803
database/img_06184_c0_1303399019182368us_rect.jpg 0.345695 0.308089 0.681911 -0.566192 956.004 149.335 90.2209
database/img_06185_c0_1303399019248993us_rect.jpg 0.345175 0.307408 0.681881 -0.566915 955.811 149.269 87.8236
database/img_06186_c0_1303399019382367us_rect.jpg 0.343222 0.30831 0.682315 -0.567089 955.698 145.942 85.369
database/img_06187_c0_1303399019515622us_rect.jpg 0.340642 0.309509 0.685872 -0.56369 955.15 144.977 83.777
database/img_06188_c0_1303399019582368us_rect.jpg 0.340167 0.309687 0.687152 -0.562319 954.674 145.571 83.4671
database/img_06189_c0_1303399019648993us_rect.jpg 0.340722 0.30941 0.687688 -0.56148 953.966 147.291 83.8275
database/img_06190_c0_1303399019782374us_rect.jpg 0.346137 0.30637 0.684523 -0.563697 951.785 154.776 85.8228
database/img_06191_c0_1303399019848994us_rect.jpg 0.350287 0.302919 0.680862 -0.56742 950.519 160.336 85.1587
database/img_06192_c0_1303399019915619us_rect.jpg 0.353277 0.299474 0.679335 -0.569223 949.176 166.63 83.5432
database/img_06193_c0_1303399020049001us_rect.jpg 0.353723 0.299323 0.679071 -0.56934 948.305 167.13 83.1593
database/img_06195_c0_1303399020182372us_rect.jpg 0.349537 0.312204 0.675653 -0.569074 950.269 143.556 94.6086
database/img_06196_c0_1303399020315620us_rect.jpg 0.349012 0.322886 0.676834 -0.561989 949.279 132.798 110.691
database/img_06197_c0_1303399020382372us_rect.jpg 0.3506 0.326135 0.67794 -0.557776 947.89 132.857 118.736
database/img_06198_c0_1303399020515626us_rect.jpg 0.358497 0.331284 0.67487 -0.553427 944.024 135.462 138.365
database/img_06199_c0_1303399020582375us_rect.jpg 0.363655 0.333686 0.671974 -0.55214 941.653 137.302 149.379
database/img_06200_c0_1303399020648998us_rect.jpg 0.368852 0.336139 0.669177 -0.5506 939.084 139.311 160.618
database/img_06201_c0_1303399020782376us_rect.jpg 0.377086 0.343431 0.663574 -0.547294 934.277 137.743 183.382
database/img_06202_c0_1303399020849001us_rect.jpg 0.380292 0.349148 0.659497 -0.546386 932.055 132.189 196.106
database/img_06203_c0_1303399020915627us_rect.jpg 0.38321 0.355803 0.654935 -0.545541 929.656 124.803 209.743
database/img_06204_c0_1303399021048999us_rect.jpg 0.38983 0.368174 0.647194 -0.541868 923.457 113.762 237.579
database/img_06205_c0_1303399021182402us_rect.jpg 0.398058 0.378707 0.638803 -0.538574 915.86 106.793 265.059
database/img_06206_c0_1303399021249002us_rect.jpg 0.402167 0.383734 0.634104 -0.537515 911.863 103.259 278.283
database/img_06207_c0_1303399021315629us_rect.jpg 0.405872 0.389072 0.629528 -0.53627 907.741 98.9896 291.431
database/img_06208_c0_1303399021449022us_rect.jpg 0.412659 0.40033 0.620319 -0.533528 898.915 89.0943 317.728
database/img_06209_c0_1303399021515630us_rect.jpg 0.41589 0.405903 0.616123 -0.531667 894.172 84.4128 330.693
database/img_06210_c0_1303399021649008us_rect.jpg 0.4237 0.415803 0.608291 -0.526848 883.435 79.0537 357.062
database/img_06211_c0_1303399021782406us_rect.jpg 0.433027 0.424006 0.600008 -0.522205 871.511 77.7725 383.061
database/img_06212_c0_1303399021849006us_rect.jpg 0.437692 0.42747 0.59602 -0.520053 865.557 78.0646 395.057
database/img_06213_c0_1303399021915631us_rect.jpg 0.442456 0.430524 0.59197 -0.518125 859.588 78.9965 406.525
database/img_06214_c0_1303399022049007us_rect.jpg 0.451629 0.436211 0.582703 -0.515953 847.904 80.3154 427.85
database/img_06215_c0_1303399022115632us_rect.jpg 0.455921 0.439041 0.577449 -0.515686 842.2 80.3256 437.854
database/img_06216_c0_1303399022249010us_rect.jpg 0.463438 0.444778 0.567745 -0.514843 831.156 79.4379 456.477
database/img_06217_c0_1303399022315658us_rect.jpg 0.466349 0.447272 0.563899 -0.51428 826.418 78.8311 464.04
database/img_06218_c0_1303399022449008us_rect.jpg 0.471734 0.451538 0.557594 -0.512513 817.474 78.6633 477.565
database/img_06220_c0_1303399022649039us_rect.jpg 0.479727 0.457354 0.548725 -0.509499 803.948 79.4984 496.834
database/img_06221_c0_1303399022715637us_rect.jpg 0.481472 0.458909 0.546166 -0.509206 800.609 79.0934 501.231
database/img_06222_c0_1303399022782387us_rect.jpg 0.482986 0.46034 0.543938 -0.508865 797.554 78.6682 505.133
database/img_06223_c0_1303399022915640us_rect.jpg 0.485508 0.462356 0.539786 -0.509057 792.667 78.2231 510.81
database/img_06224_c0_1303399022982411us_rect.jpg 0.486495 0.463007 0.538144 -0.509262 790.782 78.2188 512.722
database/img_06225_c0_1303399023049013us_rect.jpg 0.487255 0.463637 0.536532 -0.509664 789.167 77.92 514.252
database/img_06226_c0_1303399023182665us_rect.jpg 0.487631 0.464868 0.534838 -0.509963 787.028 76.331 515.737
database/img_06227_c0_1303399023249038us_rect.jpg 0.487737 0.465117 0.534817 -0.509656 786.275 76.19 515.891
database/img_06228_c0_1303399023315639us_rect.jpg 0.487929 0.465181 0.535115 -0.5091 785.554 76.5312 515.94
database/img_06229_c0_1303399023449043us_rect.jpg 0.489033 0.464615 0.535892 -0.507739 783.896 79.1452 516.043
database/img_06230_c0_1303399023515663us_rect.jpg 0.489677 0.464382 0.53611 -0.507101 782.933 80.4563 516.291
database/img_06231_c0_1303399023582391us_rect.jpg 0.49005 0.464605 0.536121 -0.506524 781.884 80.7539 516.822
database/img_06232_c0_1303399023715643us_rect.jpg 0.49011 0.465077 0.536648 -0.505475 780.483 80.5181 516.937
database/img_06233_c0_1303399023782393us_rect.jpg 0.490086 0.465286 0.536593 -0.505364 779.922 80.2195 516.817
database/img_06234_c0_1303399023849018us_rect.jpg 0.490024 0.465374 0.536293 -0.50566 779.553 79.8985 516.396
database/img_06235_c0_1303399023982423us_rect.jpg 0.490483 0.465593 0.535871 -0.505462 778.077 80.1424 516.562
database/img_06237_c0_1303399024115644us_rect.jpg 0.490614 0.466015 0.535843 -0.504975 776.719 79.8393 516.616
database/img_06238_c0_1303399024249047us_rect.jpg 0.491092 0.465966 0.536158 -0.504221 775.348 80.7308 516.5
database/img_06239_c0_1303399024315654us_rect.jpg 0.491246 0.466032 0.536203 -0.503962 774.697 80.8977 516.437
database/img_06240_c0_1303399024382397us_rect.jpg 0.491124 0.466245 0.535973 -0.50413 774.276 80.3744 516.136
database/img_06241_c0_1303399024515673us_rect.jpg 0.491032 0.466984 0.534731 -0.504853 773.076 78.8741 516.137
database/img_06242_c0_1303399024582395us_rect.jpg 0.491013 0.467327 0.534005 -0.505323 772.485 78.1534 516.126
database/img_06243_c0_1303399024649022us_rect.jpg 0.491164 0.467318 0.533733 -0.505471 771.958 78.2762 515.891
database/img_06244_c0_1303399024782398us_rect.jpg 0.491409 0.467792 0.533517 -0.505023 770.457 78.0116 516.166
database/img_06245_c0_1303399024849021us_rect.jpg 0.491449 0.468023 0.533114 -0.505195 769.85 77.6414 516.121
database/img_06246_c0_1303399024983070us_rect.jpg 0.491821 0.468243 0.532657 -0.505112 768.483 77.7486 516.145
database/img_06247_c0_1303399025049022us_rect.jpg 0.492057 0.468192 0.532432 -0.505166 767.894 78.0586 515.979
database/img_06248_c0_1303399025115648us_rect.jpg 0.492088 0.46819 0.53227 -0.505308 767.489 78.0424 515.601
database/img_06249_c0_1303399025249028us_rect.jpg 0.492249 0.468421 0.531912 -0.505314 766.354 77.8727 515.354
database/img_06250_c0_1303399025315655us_rect.jpg 0.491929 0.468963 0.531813 -0.505227 765.838 76.7562 515.315
database/img_06251_c0_1303399025382399us_rect.jpg 0.491363 0.469518 0.531909 -0.505161 765.567 75.3475 514.958
database/img_06252_c0_1303399025515678us_rect.jpg 0.491413 0.470082 0.531725 -0.504781 764.232 74.7176 515.114
database/img_06253_c0_1303399025582400us_rect.jpg 0.491872 0.469933 0.531541 -0.504668 763.495 75.4794 515.156
database/img_06255_c0_1303399025782405us_rect.jpg 0.492333 0.469957 0.532248 -0.503449 761.701 76.4336 514.869
database/img_06256_c0_1303399025849027us_rect.jpg 0.492166 0.470252 0.53231 -0.503271 761.236 75.892 514.716
database/img_06257_c0_1303399025982402us_rect.jpg 0.492495 0.470353 0.531719 -0.50348 760.111 76.0249 514.525
database/img_06259_c0_1303399026182406us_rect.jpg 0.49286 0.470668 0.532053 -0.502474 758.241 76.3406 514.518
database/img_06260_c0_1303399026249036us_rect.jpg 0.492618 0.470779 0.532642 -0.501984 757.968 76.1072 514.053
database/img_06261_c0_1303399026315656us_rect.jpg 0.49248 0.470936 0.532871 -0.501728 757.587 75.8274 513.767
database/img_06262_c0_1303399026449033us_rect.jpg 0.493008 0.471094 0.532838 -0.501096 756.123 76.403 514.087
database/img_06263_c0_1303399026515657us_rect.jpg 0.493405 0.471059 0.532755 -0.500826 755.354 76.9805 514.256
database/img_06264_c0_1303399026582407us_rect.jpg 0.493722 0.471155 0.533024 -0.500137 754.503 77.4386 514.579
database/img_06265_c0_1303399026715660us_rect.jpg 0.493839 0.471089 0.533957 -0.499088 753.59 78.0622 514.109
database/img_06266_c0_1303399026782431us_rect.jpg 0.493964 0.4711 0.53405 -0.498854 753.076 78.2684 513.981
database/img_06267_c0_1303399026849033us_rect.jpg 0.494308 0.471063 0.533883 -0.498727 752.396 78.7384 514.07
database/img_06268_c0_1303399026982436us_rect.jpg 0.49478 0.471033 0.53367 -0.498515 751.226 79.3641 514.001
database/img_06269_c0_1303399027049057us_rect.jpg 0.49514 0.470825 0.533684 -0.498339 750.662 80.1187 513.875
database/img_06270_c0_1303399027115661us_rect.jpg 0.495365 0.47094 0.53363 -0.498064 749.963 80.2913 514.048
database/img_06271_c0_1303399027249066us_rect.jpg 0.495123 0.471351 0.534027 -0.49749 749.132 79.6523 513.723
database/img_06272_c0_1303399027315685us_rect.jpg 0.495117 0.471342 0.534115 -0.49741 748.805 79.6909 513.379
database/img_06273_c0_1303399027382414us_rect.jpg 0.495077 0.471539 0.534007 -0.497379 748.356 79.3732 513.277
database/img_06274_c0_1303399027515665us_rect.jpg 0.494887 0.472135 0.533446 -0.497605 747.457 78.2155 513.159
database/img_06275_c0_1303399027582438us_rect.jpg 0.494904 0.472497 0.53297 -0.497754 746.85 77.6496 513.341
database/img_06276_c0_1303399027649039us_rect.jpg 0.494987 0.472679 0.532351 -0.498161 746.362 77.321 513.315
database/img_06277_c0_1303399027782817us_rect.jpg 0.494712 0.473134 0.531593 -0.498812 745.745 76.1271 512.835
database/img_06278_c0_1303399027849040us_rect.jpg 0.494522 0.473036 0.531508 -0.499184 745.767 75.9375 512.066
database/img_06280_c0_1303399027982415us_rect.jpg 0.494397 0.472677 0.530911 -0.500282 745.741 75.9301 510.592
database/img_06281_c0_1303399028115690us_rect.jpg 0.493856 0.472555 0.530494 -0.501372 745.952 75.1383 508.911
database/img_06282_c0_1303399028182418us_rect.jpg 0.493455 0.472249 0.530599 -0.501945 746.401 74.9536 507.552
database/img_06283_c0_1303399028249043us_rect.jpg 0.492842 0.471735 0.530869 -0.502743 747.259 74.7641 505.583
database/img_06284_c0_1303399028382418us_rect.jpg 0.491659 0.470001 0.531805 -0.504533 749.523 75.3796 500.681
database/img_06285_c0_1303399028449044us_rect.jpg 0.490871 0.46876 0.532745 -0.505463 751.145 76.0139 497.44
database/img_06287_c0_1303399028649045us_rect.jpg 0.487682 0.463463 0.536103 -0.509865 758.144 78.6824 484.119
database/img_06289_c0_1303399028782421us_rect.jpg 0.483997 0.459959 0.538485 -0.514021 764.288 78.2562 472.983
database/img_06290_c0_1303399028915673us_rect.jpg 0.479457 0.455905 0.541815 -0.518371 771.445 77.6205 459.854
database/img_06291_c0_1303399028982422us_rect.jpg 0.476895 0.453592 0.543984 -0.520488 775.381 77.4351 452.491
database/img_06293_c0_1303399029182448us_rect.jpg 0.467624 0.444975 0.551677 -0.528182 789.267 77.0227 425.572
database/img_06295_c0_1303399029315674us_rect.jpg 0.460535 0.438181 0.556968 -0.534502 799.441 76.6702 404.634
database/img_06296_c0_1303399029449078us_rect.jpg 0.45269 0.43127 0.562934 -0.540539 809.579 75.7932 382.48
database/img_06297_c0_1303399029515675us_rect.jpg 0.448768 0.427853 0.565812 -0.543513 814.369 75.2864 371.446
database/img_06298_c0_1303399029649049us_rect.jpg 0.44083 0.420774 0.571618 -0.549429 823.624 74.4828 348.864
database/img_06300_c0_1303399029782424us_rect.jpg 0.4318 0.413554 0.57876 -0.554579 832.831 73.2433 324.655
database/img_06301_c0_1303399029915676us_rect.jpg 0.422318 0.40646 0.586246 -0.559243 841.433 71.6879 300.064
database/img_06302_c0_1303399029982425us_rect.jpg 0.418057 0.403007 0.589245 -0.561787 845.165 71.0568 288.524
database/img_06304_c0_1303399030182427us_rect.jpg 0.405591 0.39228 0.600311 -0.56678 855.015 71.8635 254.278
database/img_06306_c0_1303399030315678us_rect.jpg 0.397167 0.38407 0.608845 -0.569259 860.987 74.5391 229.983
database/img_06307_c0_1303399030449079us_rect.jpg 0.388559 0.375644 0.616052 -0.573056 866.492 76.3487 204.929
database/img_06308_c0_1303399030515677us_rect.jpg 0.383792 0.371541 0.61894 -0.575825 869.22 75.9526 191.765
database/img_06310_c0_1303399030715707us_rect.jpg 0.366905 0.357747 0.628437 -0.585205 877.267 73.5448 146.53
database/img_06311_c0_1303399030782431us_rect.jpg 0.360905 0.352497 0.632358 -0.587892 879.539 73.678 130.167
database/img_06312_c0_1303399030849054us_rect.jpg 0.35479 0.346894 0.636405 -0.590574 881.554 74.1969 113.197
database/img_06313_c0_1303399031049054us_rect.jpg 0.334361 0.329371 0.649173 -0.598575 885.969 74.8277 58.7594
database/img_06314_c0_1303399031182471us_rect.jpg 0.319343 0.31661 0.657415 -0.604636 887.198 74.6699 19.2708
database/img_06316_c0_1303399031382435us_rect.jpg 0.294883 0.295055 0.668626 -0.615569 885.578 73.6946 -45.5005
database/img_06317_c0_1303399031449060us_rect.jpg 0.28604 0.286804 0.67331 -0.618529 883.727 74.8484 -69.0065
database/img_06318_c0_1303399031582433us_rect.jpg 0.268516 0.270119 0.682221 -0.624107 878.184 77.6058 -115.458
database/img_06319_c0_1303399031649061us_rect.jpg 0.259476 0.262279 0.686086 -0.62703 874.674 77.7395 -138.16
database/img_06320_c0_1303399031782442us_rect.jpg 0.240768 0.247014 0.694176 -0.631771 865.973 77.9984 -183.018
database/img_06322_c0_1303399031982457us_rect.jpg 0.212932 0.222184 0.705336 -0.638589 848.029 80.715 -250.729
database/img_06323_c0_1303399032115691us_rect.jpg 0.193817 0.205361 0.712162 -0.642718 832.961 82.3711 -295.552
database/img_06325_c0_1303399032249076us_rect.jpg 0.174599 0.18895 0.717864 -0.646904 815.904 82.795 -338.961
database/img_06326_c0_1303399032382465us_rect.jpg 0.155523 0.172736 0.722795 -0.650802 796.944 82.9173 -380.796
database/img_06328_c0_1303399032515689us_rect.jpg 0.136487 0.154885 0.729039 -0.652598 774.828 87.6171 -422.588
database/img_06329_c0_1303399032649090us_rect.jpg 0.117222 0.136806 0.734202 -0.654592 750.355 91.5085 -463.553
database/img_06331_c0_1303399032782443us_rect.jpg 0.097485 0.120852 0.737106 -0.657698 725.293 90.2198 -501.832
database/img_06332_c0_1303399032915693us_rect.jpg 0.078315 0.104085 0.740625 -0.659172 698.11 92.2518 -538.475
database/img_06333_c0_1303399032982443us_rect.jpg 0.068817 0.094945 0.742584 -0.659408 683.26 94.7331 -556.708
database/img_06335_c0_1303399033182443us_rect.jpg 0.039086 0.069722 0.746844 -0.660178 637.127 97.9261 -608.327
database/img_06336_c0_1303399033249070us_rect.jpg 0.029272 0.061441 0.748274 -0.659889 621.119 99.5747 -624.382
database/img_06337_c0_1303399033382473us_rect.jpg 0.010077 0.043919 0.750475 -0.659361 587.318 103.518 -655.664
database/img_06339_c0_1303399033515697us_rect.jpg 0.009831 -0.027326 -0.751053 0.659603 552.268 104.001 -685.408
database/img_06340_c0_1303399033649099us_rect.jpg 0.028704 -0.010693 -0.750616 0.660028 516.629 104.14 -712.71
database/img_06342_c0_1303399033782449us_rect.jpg 0.047858 0.00712 -0.751051 0.658469 478.142 107.978 -738.641
database/img_06343_c0_1303399033915722us_rect.jpg 0.067438 0.025304 -0.751682 0.65558 437.504 113.527 -762.754
database/img_06345_c0_1303399034049075us_rect.jpg 0.087297 0.042739 -0.751213 0.652864 396.125 117.185 -784.676
database/img_06346_c0_1303399034182473us_rect.jpg 0.107244 0.060401 -0.749938 0.649957 353.136 120.467 -804.653
database/img_06347_c0_1303399034249076us_rect.jpg 0.117069 0.069507 -0.748899 0.648547 331.001 121.948 -813.894
database/img_06349_c0_1303399034449100us_rect.jpg 0.145969 0.096744 -0.745876 0.642652 263.811 128.651 -837.453
database/img_06350_c0_1303399034515703us_rect.jpg 0.155646 0.105925 -0.744706 0.640286 240.752 131.234 -844.112
database/img_06351_c0_1303399034649104us_rect.jpg 0.175245 0.123666 -0.741849 0.635339 194.481 135.64 -855.568
database/img_06353_c0_1303399034782451us_rect.jpg 0.194367 0.141584 -0.737994 0.630508 147.639 139.195 -864.636
database/img_06354_c0_1303399034915729us_rect.jpg 0.213394 0.159035 -0.733116 0.625869 100.734 141.179 -871.372
database/img_06356_c0_1303399035049078us_rect.jpg 0.231975 0.177254 -0.728163 0.620119 52.7574 144.952 -875.346
database/img_06357_c0_1303399035182455us_rect.jpg 0.250266 0.196201 -0.723535 0.612674 3.73863 151.526 -876.213
database/img_06358_c0_1303399035249078us_rect.jpg 0.259047 0.205712 -0.721011 0.608869 -20.5504 154.782 -875.616
database/img_06360_c0_1303399035449080us_rect.jpg 0.288059 0.231135 -0.711064 0.59832 -93.1355 158.566 -870.877
database/img_06361_c0_1303399035515705us_rect.jpg 0.297289 0.239764 -0.707334 0.59482 -117.175 159.525 -868.027
database/img_06363_c0_1303399035715733us_rect.jpg 0.32436 0.266093 -0.694953 0.583974 -189.446 161.657 -855.505
database/img_06364_c0_1303399035782459us_rect.jpg 0.333512 0.274369 -0.690719 0.579999 -212.986 162.477 -850.054
database/img_06365_c0_1303399035915736us_rect.jpg 0.351895 0.290639 -0.682789 0.570523 -259.504 166.6 -836.766
database/img_06366_c0_1303399035982460us_rect.jpg 0.361033 0.299109 -0.67874 0.565244 -283.064 169.358 -828.819
database/img_06368_c0_1303399036182488us_rect.jpg 0.389485 0.321976 -0.66442 0.550617 -351.431 172.934 -802.382
database/img_06369_c0_1303399036249086us_rect.jpg 0.398484 0.329713 -0.658732 0.546417 -373.817 172.298 -792.654
database/img_06371_c0_1303399036449088us_rect.jpg 0.423428 0.355493 -0.641263 0.532086 -441.189 172.53 -758.191
database/img_06372_c0_1303399036515713us_rect.jpg 0.43169 0.362816 -0.635615 0.527258 -461.528 172.671 -746.311
database/img_06373_c0_1303399036649847us_rect.jpg 0.447366 0.376671 -0.626103 0.51573 -499.179 177.443 -721.282
database/img_06374_c0_1303399036715735us_rect.jpg 0.454331 0.384282 -0.621655 0.509368 -517.527 180.973 -707.738
database/img_06376_c0_1303399036915740us_rect.jpg 0.474587 0.40482 -0.606643 0.492821 -568.372 185.977 -667.523
database/img_06378_c0_1303399037049091us_rect.jpg 0.487027 0.416598 -0.594746 0.485312 -598.572 182.332 -642.546
database/img_06379_c0_1303399037182467us_rect.jpg 0.497639 0.428993 -0.582542 0.478503 -627.092 177.097 -617.236
database/img_06380_c0_1303399037249091us_rect.jpg 0.502235 0.434618 -0.577386 0.474861 -639.474 175.808 -605.279
database/img_06382_c0_1303399037449094us_rect.jpg 0.513745 0.44956 -0.564702 0.463761 -670.695 175.129 -572.339
database/img_06384_c0_1303399037582470us_rect.jpg 0.520921 0.456852 -0.557382 0.457441 -687.304 174.776 -553.539
database/img_06385_c0_1303399037715744us_rect.jpg 0.527241 0.463043 -0.550493 0.45229 -701.591 173.409 -536.956
database/img_06386_c0_1303399037782469us_rect.jpg 0.52954 0.466455 -0.547513 0.449707 -708.093 173.06 -529.073
database/img_06388_c0_1303399037982497us_rect.jpg 0.534371 0.475749 -0.540767 0.442359 -723.991 173.738 -508.812
database/img_06390_c0_1303399038115722us_rect.jpg 0.53668 0.480657 -0.53663 0.439285 -732.355 172.244 -498.568
database/img_06391_c0_1303399038249121us_rect.jpg 0.537618 0.485211 -0.533144 0.437372 -739.055 169.757 -490.829
database/img_06392_c0_1303399038315722us_rect.jpg 0.537745 0.486752 -0.532003 0.436893 -741.241 168.69 -488.59
database/img_06393_c0_1303399038382473us_rect.jpg 0.537994 0.487354 -0.531198 0.436895 -742.528 167.643 -487.697
database/img_06394_c0_1303399038515749us_rect.jpg 0.539281 0.486912 -0.529446 0.437926 -744.201 164.602 -487.612
database/img_06395_c0_1303399038582475us_rect.jpg 0.539838 0.486748 -0.528288 0.43882 -745.119 162.225 -487.722
database/img_06396_c0_1303399038649099us_rect.jpg 0.540428 0.486584 -0.527337 0.439419 -745.997 160.479 -487.678
database/img_06397_c0_1303399038782501us_rect.jpg 0.541355 0.48563 -0.527051 0.439676 -746.467 160.221 -488.51
database/img_06398_c0_1303399038849102us_rect.jpg 0.541611 0.484361 -0.528042 0.439571 -745.445 161.88 -490.266
database/img_06400_c0_1303399039050248us_rect.jpg 0.540174 0.482592 -0.531431 0.439202 -742.478 166.47 -495.457
database/img_06401_c0_1303399039115750us_rect.jpg 0.539148 0.482306 -0.532415 0.439585 -741.403 166.992 -497.632
database/img_06111_c1_1303399012582373us_rect.jpg 0.555297 0.517799 0.488573 -0.429914 627.969 92.1554 780.289
database/img_06112_c1_1303399012648999us_rect.jpg 0.557889 0.521216 0.484502 -0.427028 618.414 90.4838 787.99
database/img_06113_c1_1303399012782403us_rect.jpg 0.56488 0.524693 0.478266 -0.420559 600.338 94.459 801.19
database/img_06114_c1_1303399012849002us_rect.jpg 0.569176 0.525917 0.475191 -0.416706 590.24 98.2124 808.102
database/img_06115_c1_1303399012915625us_rect.jpg 0.573168 0.527821 0.471795 -0.412664 579.457 100.531 815.472
database/img_06116_c1_1303399012982376us_rect.jpg 0.577118 0.530615 0.468311 -0.407514 566.925 101.329 824.022
database/img_06117_c1_1303399013115651us_rect.jpg 0.585403 0.536275 0.461084 -0.396376 540.014 103.105 841.432
database/img_06118_c1_1303399013182378us_rect.jpg 0.589993 0.537873 0.45704 -0.392065 527.584 106.571 848.711
database/img_06119_c1_1303399013315877us_rect.jpg 0.595803 0.545367 0.446344 -0.385189 502.291 103.204 863.996
database/img_06121_c1_1303399013449003us_rect.jpg 0.598623 0.556165 0.433708 -0.379774 476.835 91.6646 879.203
database/img_06122_c1_1303399013515630us_rect.jpg 0.600948 0.560056 0.427912 -0.376948 464.384 89.3443 885.88
database/img_06123_c1_1303399013649008us_rect.jpg 0.606945 0.566107 0.416694 -0.37082 438.933 89.0448 898.38
database/img_06124_c1_1303399013715629us_rect.jpg 0.610741 0.569084 0.410087 -0.36738 424.028 90.2024 905.186
database/img_06125_c1_1303399013782380us_rect.jpg 0.614803 0.57195 0.403501 -0.363424 408.288 91.8166 912.019
database/img_06126_c1_1303399013915633us_rect.jpg 0.624242 0.575395 0.392038 -0.354328 377.129 99.5874 924.089
database/img_06127_c1_1303399013982381us_rect.jpg 0.628385 0.577299 0.387413 -0.348954 361.916 101.978 929.652
database/img_06128_c1_1303399014049007us_rect.jpg 0.631342 0.580555 0.38269 -0.343382 346.427 100.775 935.411
database/img_06129_c1_1303399014182384us_rect.jpg 0.635627 0.589151 0.371416 -0.33306 314.275 93.8629 946.877
database/img_06130_c1_1303399014249008us_rect.jpg 0.637991 0.593387 0.364536 -0.328593 297.402 91.3619 952.282
database/img_06131_c1_1303399014315633us_rect.jpg 0.641124 0.596639 0.356915 -0.324951 280.607 91.8221 957.043
database/img_06132_c1_1303399014449025us_rect.jpg 0.648887 0.601082 0.341626 -0.317707 246.839 97.9317 965.131
database/img_06133_c1_1303399014515640us_rect.jpg 0.65231 0.603811 0.333984 -0.313621 229.319 99.615 968.976
database/img_06134_c1_1303399014649018us_rect.jpg 0.658523 0.609245 0.320982 -0.303543 194.68 100.894 975.771
database/img_06135_c1_1303399014715636us_rect.jpg 0.661253 0.611983 0.315271 -0.298037 177.823 100.584 978.694
database/img_06136_c1_1303399014782387us_rect.jpg 0.663558 0.615103 0.309328 -0.292669 160.916 99.3256 981.413
database/img_06137_c1_1303399014915663us_rect.jpg 0.667968 0.621297 0.296604 -0.282551 126.962 97.2305 985.905
database/img_06139_c1_1303399015049013us_rect.jpg 0.673316 0.626263 0.282173 -0.273532 92.3374 99.3517 988.826
database/img_06140_c1_1303399015182412us_rect.jpg 0.679444 0.629469 0.268078 -0.265063 59.1972 105.193 990.02
database/img_06141_c1_1303399015315637us_rect.jpg 0.684542 0.632338 0.25692 -0.256015 29.5739 108.692 990.197
database/img_06142_c1_1303399015449039us_rect.jpg 0.687952 0.635741 0.246793 -0.248291 3.77845 109.499 989.736
database/img_06143_c1_1303399015515640us_rect.jpg 0.689417 0.637266 0.241518 -0.24549 -7.66642 110.483 989.193
database/img_06145_c1_1303399015715666us_rect.jpg 0.694482 0.639184 0.228666 -0.238431 -35.5977 117.193 986.541
database/img_06146_c1_1303399015782391us_rect.jpg 0.695961 0.639616 0.2257 -0.235772 -43.513 118.634 985.616
database/img_06147_c1_1303399015849016us_rect.jpg 0.696821 0.640526 0.223298 -0.233035 -50.7331 118.326 984.872
database/img_06148_c1_1303399015915642us_rect.jpg 0.69707 0.64201 0.221038 -0.230345 -57.6398 116.435 984.278
database/img_06149_c1_1303399016049026us_rect.jpg 0.697108 0.644798 0.218186 -0.225099 -68.9039 111.506 983.222
database/img_06151_c1_1303399016250084us_rect.jpg 0.698419 0.645567 0.214163 -0.222684 -76.9611 112.94 981.085
database/img_06152_c1_1303399016315644us_rect.jpg 0.698849 0.645737 0.211699 -0.223199 -79.0959 114.824 980.24
database/img_06153_c1_1303399016382395us_rect.jpg 0.699411 0.645552 0.20973 -0.223831 -80.3725 117.142 979.402
database/img_06154_c1_1303399016515663us_rect.jpg 0.700884 0.644645 0.208124 -0.223336 -82.5274 120.748 977.858
database/img_06155_c1_1303399016582396us_rect.jpg 0.701688 0.644001 0.20836 -0.222446 -83.2168 121.99 977.18
database/img_06156_c1_1303399016649022us_rect.jpg 0.702472 0.643386 0.208826 -0.221312 -83.9811 122.919 976.541
database/img_06157_c1_1303399016782420us_rect.jpg 0.704736 0.641285 0.210978 -0.218148 -85.3025 125.656 975.147
database/img_06158_c1_1303399016849021us_rect.jpg 0.70625 0.639808 0.211758 -0.216832 -85.9701 128.347 974.274
database/img_06159_c1_1303399016915646us_rect.jpg 0.707578 0.638593 0.212285 -0.215563 -86.8979 130.617 973.43
database/img_06160_c1_1303399017049027us_rect.jpg 0.70949 0.637407 0.211969 -0.213086 -90.4398 133.333 971.813
database/img_06161_c1_1303399017115648us_rect.jpg 0.710311 0.636783 0.211815 -0.212366 -91.3962 134.841 971.051
database/img_06162_c1_1303399017182399us_rect.jpg 0.710843 0.636355 0.211811 -0.211875 -91.7775 135.78 970.415
database/img_06163_c1_1303399017315650us_rect.jpg 0.711052 0.636131 0.212244 -0.211412 -91.0976 135.839 969.534
database/img_06164_c1_1303399017382399us_rect.jpg 0.710687 0.636486 0.21233 -0.211485 -90.4263 134.913 969.254
database/img_06165_c1_1303399017449026us_rect.jpg 0.71023 0.636995 0.21254 -0.211274 -90.0221 133.454 969.018
database/img_06166_c1_1303399017582400us_rect.jpg 0.710314 0.636752 0.213478 -0.210779 -88.707 133.11 968.247
database/img_06167_c1_1303399017649027us_rect.jpg 0.71094 0.635899 0.214059 -0.210653 -87.76 134.625 967.661
database/img_06168_c1_1303399017782427us_rect.jpg 0.713131 0.633106 0.215671 -0.210019 -85.9408 139.785 966.158
database/img_06169_c1_1303399017849028us_rect.jpg 0.713948 0.631883 0.216972 -0.209584 -84.5453 141.488 965.566
database/img_06170_c1_1303399017915654us_rect.jpg 0.71428 0.631295 0.217541 -0.209635 -83.332 142.402 965.077
database/img_06171_c1_1303399018049054us_rect.jpg 0.713625 0.63176 0.217206 -0.210809 -81.0797 141.788 964.435
database/img_06172_c1_1303399018115655us_rect.jpg 0.712713 0.632653 0.217063 -0.211364 -79.9223 139.866 964.347
database/img_06174_c1_1303399018315681us_rect.jpg 0.710436 0.634185 0.219576 -0.21184 -74.4402 134.077 964.225
database/img_06175_c1_1303399018382406us_rect.jpg 0.710396 0.633731 0.220899 -0.211958 -72.0973 134.033 963.951
database/img_06176_c1_1303399018449031us_rect.jpg 0.71066 0.633042 0.222318 -0.211649 -70.307 134.395 963.58
database/img_06177_c1_1303399018582412us_rect.jpg 0.71182 0.631252 0.225276 -0.209961 -68.2598 135.816 962.631
database/img_06178_c1_1303399018649055us_rect.jpg 0.713226 0.629384 0.227693 -0.208184 -67.5054 137.864 961.955
database/img_06179_c1_1303399018715658us_rect.jpg 0.715106 0.626806 0.230519 -0.206396 -66.2939 141.228 961.11
database/img_06180_c1_1303399018849904us_rect.jpg 0.716707 0.624456 0.23507 -0.202802 -65.1066 142.175 960.179
database/img_06181_c1_1303399018915663us_rect.jpg 0.716523 0.624494 0.237012 -0.201067 -64.7177 140.052 960.077
database/img_06182_c1_1303399018982410us_rect.jpg 0.716176 0.624688 0.238483 -0.199955 -63.9864 138.093 959.968
database/img_06183_c1_1303399019049035us_rect.jpg 0.715906 0.62462 0.239553 -0.199856 -62.2798 137.317 959.757
database/img_06184_c1_1303399019182439us_rect.jpg 0.716015 0.623368 0.241147 -0.20145 -57.0101 139.262 958.946
database/img_06185_c1_1303399019249036us_rect.jpg 0.715594 0.623413 0.241508 -0.202375 -54.6916 139.038 958.686
database/img_06186_c1_1303399019382411us_rect.jpg 0.714619 0.624055 0.243103 -0.201928 -52.3177 136.057 958.401
database/img_06187_c1_1303399019515687us_rect.jpg 0.715429 0.622429 0.24772 -0.198442 -50.7319 135.239 957.764
database/img_06188_c1_1303399019582413us_rect.jpg 0.716105 0.621516 0.249017 -0.197234 -50.5299 136.028 957.248
database/img_06189_c1_1303399019649039us_rect.jpg 0.716966 0.620679 0.248993 -0.196774 -51.0082 137.918 956.541
database/img_06190_c1_1303399019782438us_rect.jpg 0.7185 0.620067 0.243114 -0.200423 -52.8424 145.1 954.57
database/img_06191_c1_1303399019849040us_rect.jpg 0.718868 0.620085 0.237453 -0.205763 -51.9482 150.886 953.318
database/img_06192_c1_1303399019915664us_rect.jpg 0.719914 0.618827 0.234317 -0.209456 -50.2362 157.135 951.995
database/img_06193_c1_1303399020049066us_rect.jpg 0.720068 0.618776 0.234004 -0.209427 -49.969 157.483 951.143
database/img_06195_c1_1303399020182417us_rect.jpg 0.714923 0.627645 0.234261 -0.200172 -62.0872 134.627 953.123
database/img_06196_c1_1303399020315689us_rect.jpg 0.715628 0.630332 0.235289 -0.187612 -78.6609 124.558 952.475
database/img_06197_c1_1303399020382417us_rect.jpg 0.717744 0.629664 0.234806 -0.182301 -87.0383 125.142 951.274
database/img_06198_c1_1303399020515694us_rect.jpg 0.721588 0.630163 0.226728 -0.175501 -107.437 128.745 947.916
database/img_06199_c1_1303399020582445us_rect.jpg 0.723414 0.630954 0.220714 -0.172783 -119.15 131.046 945.803
database/img_06200_c1_1303399020649044us_rect.jpg 0.725273 0.631631 0.214809 -0.16994 -130.854 133.439 943.522
database/img_06201_c1_1303399020782426us_rect.jpg 0.72747 0.634402 0.205001 -0.162161 -154.358 132.463 939.28
database/img_06202_c1_1303399020849050us_rect.jpg 0.727123 0.637669 0.199718 -0.157427 -167.547 127.575 937.281
database/img_06203_c1_1303399020915669us_rect.jpg 0.726204 0.641695 0.194179 -0.15215 -181.719 120.879 935.108
database/img_06204_c1_1303399021049045us_rect.jpg 0.725522 0.648075 0.183504 -0.141219 -210.052 110.596 929.578
database/img_06205_c1_1303399021182424us_rect.jpg 0.725649 0.653168 0.171656 -0.131681 -237.733 104.502 922.715
database/img_06206_c1_1303399021249047us_rect.jpg 0.725371 0.655907 0.165345 -0.127613 -250.942 101.562 919.091
database/img_06207_c1_1303399021315671us_rect.jpg 0.724709 0.658945 0.159335 -0.12329 -264.024 97.5275 915.401
database/img_06208_c1_1303399021449049us_rect.jpg 0.722949 0.665153 0.148327 -0.11365 -290.05 87.6893 907.555
database/img_06209_c1_1303399021515672us_rect.jpg 0.722264 0.667905 0.143024 -0.108538 -303.121 83.1665 903.221
database/img_06210_c1_1303399021649048us_rect.jpg 0.72202 0.672049 0.131581 -0.098608 -329.737 77.8562 893.347
database/img_06211_c1_1303399021782428us_rect.jpg 0.722823 0.674818 0.118848 -0.089567 -356.437 76.9544 882.102
database/img_06212_c1_1303399021849050us_rect.jpg 0.723466 0.675748 0.112425 -0.085574 -369.024 77.79 876.324
database/img_06213_c1_1303399021915675us_rect.jpg 0.724038 0.676593 0.105985 -0.082201 -380.715 79.1552 870.664
database/img_06214_c1_1303399022049073us_rect.jpg 0.724206 0.678994 0.092891 -0.076574 -402.548 81.0807 859.529
database/img_06215_c1_1303399022115676us_rect.jpg 0.723586 0.68078 0.086068 -0.074526 -412.627 81.4383 854.158
database/img_06216_c1_1303399022249076us_rect.jpg 0.722061 0.684272 0.074004 -0.070166 -431.091 80.8622 843.918
database/img_06217_c1_1303399022315688us_rect.jpg 0.72153 0.685541 0.069155 -0.068158 -438.69 80.7588 839.432
database/img_06218_c1_1303399022449076us_rect.jpg 0.720922 0.687366 0.060688 -0.064159 -452.366 81.0944 830.939
database/img_06220_c1_1303399022649057us_rect.jpg 0.720314 0.68947 0.04871 -0.058368 -471.511 82.4589 818.284
database/img_06221_c1_1303399022715687us_rect.jpg 0.719706 0.690432 0.045614 -0.056969 -476.193 81.9639 815.002
database/img_06222_c1_1303399022782430us_rect.jpg 0.71919 0.69123 0.042993 -0.05585 -480 81.6227 812.184
database/img_06223_c1_1303399022915704us_rect.jpg 0.718228 0.692609 0.038218 -0.054603 -485.839 81.6926 807.438
database/img_06224_c1_1303399022982433us_rect.jpg 0.717716 0.693252 0.03637 -0.054429 -487.618 81.6932 805.731
database/img_06225_c1_1303399023049056us_rect.jpg 0.717117 0.693966 0.034744 -0.054291 -489.114 81.3848 804.216
database/img_06226_c1_1303399023182690us_rect.jpg 0.716302 0.694936 0.033287 -0.05355 -490.786 79.974 802.046
database/img_06227_c1_1303399023249058us_rect.jpg 0.716472 0.694795 0.033353 -0.053058 -490.927 79.8832 801.32
database/img_06228_c1_1303399023315683us_rect.jpg 0.716857 0.694428 0.033452 -0.052598 -490.989 80.2714 800.596
database/img_06229_c1_1303399023449059us_rect.jpg 0.718219 0.693063 0.033397 -0.05205 -490.902 82.8476 799.087
database/img_06230_c1_1303399023515686us_rect.jpg 0.718857 0.692439 0.033182 -0.0517 -491.147 84.1054 798.155
database/img_06231_c1_1303399023582434us_rect.jpg 0.719256 0.692075 0.032919 -0.051179 -491.654 84.7301 797.123
database/img_06232_c1_1303399023715712us_rect.jpg 0.719697 0.691681 0.033301 -0.050051 -491.837 84.4712 795.719
database/img_06233_c1_1303399023782458us_rect.jpg 0.719676 0.691723 0.033287 -0.049782 -491.781 84.2018 795.121
database/img_06234_c1_1303399023849061us_rect.jpg 0.719554 0.691864 0.033177 -0.049655 -491.652 83.8976 794.572
database/img_06235_c1_1303399023982438us_rect.jpg 0.719684 0.691756 0.032669 -0.049601 -491.44 84.4835 793.313
database/img_06237_c1_1303399024115688us_rect.jpg 0.719945 0.691544 0.032513 -0.048875 -491.683 84.5456 791.833
database/img_06238_c1_1303399024249067us_rect.jpg 0.720438 0.691077 0.032404 -0.048292 -491.696 85.2061 790.429
database/img_06239_c1_1303399024315713us_rect.jpg 0.720607 0.690922 0.032394 -0.047992 -491.669 85.3281 789.77
database/img_06240_c1_1303399024382439us_rect.jpg 0.720516 0.691039 0.032319 -0.047723 -491.674 84.9514 789.146
database/img_06241_c1_1303399024515692us_rect.jpg 0.719775 0.691846 0.031625 -0.047673 -491.659 83.7609 787.958
database/img_06242_c1_1303399024582440us_rect.jpg 0.719315 0.692354 0.031091 -0.047595 -491.907 83.0597 787.216
database/img_06243_c1_1303399024649067us_rect.jpg 0.719208 0.69247 0.030752 -0.047739 -491.684 83.1808 786.686
database/img_06244_c1_1303399024782467us_rect.jpg 0.719074 0.69266 0.030293 -0.047298 -491.896 82.8337 785.271
database/img_06245_c1_1303399024849067us_rect.jpg 0.718869 0.692896 0.030014 -0.047133 -491.988 82.4423 784.597
database/img_06246_c1_1303399024983089us_rect.jpg 0.718653 0.693155 0.029387 -0.047015 -491.985 82.3087 783.305
database/img_06247_c1_1303399025049092us_rect.jpg 0.718717 0.693102 0.029083 -0.047 -491.918 82.6478 782.659
database/img_06248_c1_1303399025115694us_rect.jpg 0.718721 0.69311 0.02879 -0.047011 -491.811 82.8688 782.055
database/img_06249_c1_1303399025249093us_rect.jpg 0.718551 0.693324 0.028344 -0.046714 -491.846 82.5638 780.77
database/img_06250_c1_1303399025315694us_rect.jpg 0.718212 0.693705 0.02842 -0.046231 -491.971 81.3737 780.173
database/img_06251_c1_1303399025382445us_rect.jpg 0.717965 0.693977 0.02895 -0.045653 -491.749 79.9861 779.816
database/img_06252_c1_1303399025515702us_rect.jpg 0.717978 0.694017 0.028778 -0.044944 -492.013 79.5495 778.429
database/img_06253_c1_1303399025582446us_rect.jpg 0.718114 0.693893 0.028325 -0.044973 -492.057 80.1859 777.712
database/img_06255_c1_1303399025782469us_rect.jpg 0.718553 0.69348 0.028174 -0.044419 -491.747 80.779 775.986
database/img_06256_c1_1303399025849073us_rect.jpg 0.718361 0.69369 0.02831 -0.044156 -491.559 80.0526 775.567
database/img_06257_c1_1303399025982472us_rect.jpg 0.718046 0.694029 0.027545 -0.044442 -491.265 80.1444 774.529
database/img_06259_c1_1303399026182474us_rect.jpg 0.71833 0.69379 0.027421 -0.043649 -491.252 80.1908 772.734
database/img_06260_c1_1303399026249073us_rect.jpg 0.718674 0.693438 0.028055 -0.043188 -490.803 80.1068 772.434
database/img_06261_c1_1303399026315699us_rect.jpg 0.718889 0.69323 0.028268 -0.042804 -490.689 80.1061 771.917
database/img_06262_c1_1303399026449101us_rect.jpg 0.719219 0.692937 0.027762 -0.042331 -491.049 80.7811 770.447
database/img_06263_c1_1303399026515706us_rect.jpg 0.719532 0.692645 0.027382 -0.042039 -491.421 81.4796 769.557
database/img_06264_c1_1303399026582450us_rect.jpg 0.719833 0.692368 0.027321 -0.041479 -491.794 81.7119 768.719
database/img_06265_c1_1303399026715711us_rect.jpg 0.720724 0.691463 0.027852 -0.040747 -491.432 82.6534 767.703
database/img_06266_c1_1303399026782453us_rect.jpg 0.720884 0.691305 0.027919 -0.040545 -491.262 82.7849 767.23
database/img_06267_c1_1303399026849077us_rect.jpg 0.721017 0.691184 0.027619 -0.040461 -491.32 83.2075 766.585
database/img_06268_c1_1303399026982455us_rect.jpg 0.721341 0.690863 0.027221 -0.040438 -491.068 84.1538 765.519
database/img_06269_c1_1303399027049081us_rect.jpg 0.721632 0.690567 0.026965 -0.040471 -490.946 84.9806 764.951
database/img_06270_c1_1303399027115704us_rect.jpg 0.721756 0.690453 0.026863 -0.040267 -490.956 85.1492 764.373
database/img_06271_c1_1303399027249082us_rect.jpg 0.721862 0.690366 0.027277 -0.03957 -490.709 84.5198 763.497
database/img_06272_c1_1303399027315705us_rect.jpg 0.72206 0.690168 0.027396 -0.039342 -490.532 84.6721 763.048
database/img_06273_c1_1303399027382455us_rect.jpg 0.722073 0.690175 0.027234 -0.039085 -490.67 84.6038 762.424
database/img_06274_c1_1303399027515734us_rect.jpg 0.721794 0.690495 0.027141 -0.038644 -490.642 83.7101 761.464
database/img_06275_c1_1303399027582458us_rect.jpg 0.721535 0.690787 0.026867 -0.038446 -490.829 83.1868 760.866
database/img_06276_c1_1303399027649081us_rect.jpg 0.721121 0.691231 0.026359 -0.038591 -490.849 82.7732 760.371
database/img_06277_c1_1303399027782839us_rect.jpg 0.720373 0.692034 0.025917 -0.038479 -490.799 81.3961 759.506
database/img_06278_c1_1303399027849107us_rect.jpg 0.720119 0.692281 0.025925 -0.038787 -490.126 81.0982 759.457
database/img_06280_c1_1303399027982459us_rect.jpg 0.719566 0.692828 0.025508 -0.039531 -489.064 80.813 759.149
database/img_06281_c1_1303399028115710us_rect.jpg 0.718886 0.693496 0.025527 -0.040178 -487.7 79.8725 759.124
database/img_06282_c1_1303399028182460us_rect.jpg 0.718653 0.693691 0.025901 -0.040735 -486.39 79.5641 759.503
database/img_06283_c1_1303399028249085us_rect.jpg 0.718464 0.693823 0.026409 -0.041505 -484.698 79.4248 760.111
database/img_06284_c1_1303399028382485us_rect.jpg 0.718282 0.693816 0.027925 -0.043695 -480.06 79.7405 762.05
database/img_06285_c1_1303399028449087us_rect.jpg 0.718389 0.693562 0.029149 -0.045168 -476.831 80.299 763.542
database/img_06287_c1_1303399028649113us_rect.jpg 0.718171 0.693098 0.033562 -0.052146 -463.351 82.4056 770.184
database/img_06289_c1_1303399028782463us_rect.jpg 0.717117 0.693547 0.037889 -0.057437 -452.164 81.4947 775.988
database/img_06290_c1_1303399028915739us_rect.jpg 0.716046 0.693827 0.043358 -0.063265 -439.088 80.2827 782.69
database/img_06291_c1_1303399028982464us_rect.jpg 0.715679 0.693695 0.046693 -0.066412 -431.611 79.8757 786.438
database/img_06293_c1_1303399029182468us_rect.jpg 0.714245 0.693082 0.058521 -0.077885 -404.569 78.6536 799.52
database/img_06295_c1_1303399029315715us_rect.jpg 0.712809 0.692711 0.067235 -0.086801 -383.835 77.5505 808.949
database/img_06296_c1_1303399029449095us_rect.jpg 0.711215 0.692151 0.076914 -0.095833 -361.661 75.8977 818.44
database/img_06297_c1_1303399029515717us_rect.jpg 0.710357 0.691849 0.081758 -0.100269 -350.566 74.9724 822.937
database/img_06298_c1_1303399029649117us_rect.jpg 0.708558 0.691096 0.091572 -0.109295 -327.837 73.2123 831.622
database/img_06300_c1_1303399029782469us_rect.jpg 0.707043 0.689658 0.103091 -0.117623 -303.835 71.0538 840.102
database/img_06301_c1_1303399029915746us_rect.jpg 0.705356 0.688013 0.115239 -0.125819 -278.995 68.5807 848.123
database/img_06302_c1_1303399029982471us_rect.jpg 0.704264 0.687457 0.120532 -0.129951 -267.309 67.2887 851.613
database/img_06304_c1_1303399030182497us_rect.jpg 0.703082 0.683427 0.137048 -0.140786 -233.238 67.2906 860.497
database/img_06306_c1_1303399030315722us_rect.jpg 0.703176 0.679248 0.149038 -0.148165 -208.942 69.7179 865.83
database/img_06307_c1_1303399030449101us_rect.jpg 0.70192 0.676118 0.16038 -0.156369 -184.062 70.391 870.725
database/img_06308_c1_1303399030515723us_rect.jpg 0.700414 0.675193 0.165963 -0.161218 -170.614 69.4784 873.196
database/img_06310_c1_1303399030715726us_rect.jpg 0.69491 0.672027 0.184741 -0.177059 -125.673 65.7839 880.081
database/img_06311_c1_1303399030782474us_rect.jpg 0.693191 0.670357 0.191797 -0.182544 -109.318 65.157 881.989
database/img_06312_c1_1303399030849100us_rect.jpg 0.691485 0.668394 0.199074 -0.188328 -92.2154 64.9646 883.64
database/img_06313_c1_1303399031049123us_rect.jpg 0.685495 0.66184 0.222606 -0.206182 -37.6337 63.8832 886.809
database/img_06314_c1_1303399031182499us_rect.jpg 0.680166 0.657288 0.239232 -0.219353 2.10512 62.2165 887.144
database/img_06316_c1_1303399031382504us_rect.jpg 0.670126 0.649892 0.264474 -0.242128 66.8814 59.3237 883.992
database/img_06317_c1_1303399031449113us_rect.jpg 0.666995 0.646178 0.274127 -0.249853 90.3162 59.8134 881.608
database/img_06318_c1_1303399031582501us_rect.jpg 0.660256 0.638601 0.2931 -0.265221 136.797 60.6613 875.036
database/img_06319_c1_1303399031649104us_rect.jpg 0.656301 0.635229 0.302384 -0.272612 159.465 59.9144 871.003
database/img_06320_c1_1303399031782480us_rect.jpg 0.648154 0.628095 0.321505 -0.286405 204.182 58.3636 861.262
database/img_06322_c1_1303399031982483us_rect.jpg 0.635135 0.615936 0.34933 -0.308537 272.045 57.9923 841.676
database/img_06323_c1_1303399032115757us_rect.jpg 0.625853 0.607202 0.367747 -0.323073 316.62 58.056 825.55
database/img_06325_c1_1303399032249120us_rect.jpg 0.615768 0.598724 0.385513 -0.337253 359.669 57.0633 807.439
database/img_06326_c1_1303399032382485us_rect.jpg 0.605226 0.590214 0.402537 -0.35116 401.076 55.7804 787.462
database/img_06328_c1_1303399032515734us_rect.jpg 0.595838 0.578821 0.420546 -0.364808 442.641 59.6864 764.294
database/img_06329_c1_1303399032649111us_rect.jpg 0.585182 0.567858 0.437951 -0.378549 483.113 61.7999 738.956
database/img_06331_c1_1303399032782484us_rect.jpg 0.572904 0.558861 0.453938 -0.391657 520.658 59.574 712.978
database/img_06332_c1_1303399032915761us_rect.jpg 0.56168 0.547935 0.470147 -0.404035 556.596 61.2643 684.974
database/img_06333_c1_1303399032982487us_rect.jpg 0.556116 0.541701 0.478359 -0.410448 574.601 63.2574 669.692
database/img_06335_c1_1303399033182511us_rect.jpg 0.537979 0.524145 0.502381 -0.428328 625.116 66.3226 622.345
database/img_06336_c1_1303399033249113us_rect.jpg 0.531979 0.5181 0.51026 -0.433826 640.761 67.7801 606.045
database/img_06337_c1_1303399033382491us_rect.jpg 0.519753 0.505316 0.525452 -0.445436 671.312 71.3733 571.585
database/img_06339_c1_1303399033515739us_rect.jpg 0.506027 0.493346 0.539901 -0.457223 700.382 72.1676 535.512
database/img_06340_c1_1303399033649116us_rect.jpg 0.492214 0.481659 0.552902 -0.469074 726.89 72.287 499.043
database/img_06342_c1_1303399033782491us_rect.jpg 0.478936 0.467789 0.566799 -0.480138 751.917 76.2932 460.034
database/img_06343_c1_1303399033915746us_rect.jpg 0.46558 0.452528 0.581104 -0.490685 775.225 82.3685 418.724
database/img_06345_c1_1303399034049117us_rect.jpg 0.451192 0.438246 0.594831 -0.500543 796.088 86.1781 377.133
database/img_06346_c1_1303399034182496us_rect.jpg 0.436342 0.423477 0.607994 -0.510505 814.961 90.0514 333.942
database/img_06347_c1_1303399034249119us_rect.jpg 0.428718 0.415989 0.61426 -0.515595 823.615 91.7992 311.82
database/img_06349_c1_1303399034449123us_rect.jpg 0.406396 0.392377 0.632588 -0.529825 845.545 99.4183 244.76
database/img_06350_c1_1303399034515745us_rect.jpg 0.39872 0.384166 0.638632 -0.534404 851.725 102.208 221.65
database/img_06351_c1_1303399034649126us_rect.jpg 0.382991 0.367914 0.650488 -0.542975 862.162 107.375 175.357
database/img_06353_c1_1303399034782497us_rect.jpg 0.366539 0.351806 0.661594 -0.551521 870.27 111.356 128.392
database/img_06354_c1_1303399034915753us_rect.jpg 0.349419 0.335765 0.67182 -0.560202 876.018 114.115 80.7577
database/img_06356_c1_1303399035049123us_rect.jpg 0.332453 0.318777 0.681958 -0.568146 878.973 118.558 32.6414
database/img_06357_c1_1303399035182526us_rect.jpg 0.316277 0.299756 0.691711 -0.575891 878.828 126.163 -16.5505
database/img_06358_c1_1303399035249124us_rect.jpg 0.307783 0.290498 0.696474 -0.579487 877.808 129.326 -41.0694
database/img_06360_c1_1303399035449148us_rect.jpg 0.280846 0.264152 0.709547 -0.589824 871.261 135.213 -113.699
database/img_06361_c1_1303399035515751us_rect.jpg 0.271766 0.25519 0.713398 -0.593367 867.754 136.903 -137.965
database/img_06363_c1_1303399035715755us_rect.jpg 0.243884 0.228409 0.72404 -0.603421 853.387 140.921 -210.078
database/img_06364_c1_1303399035782502us_rect.jpg 0.234481 0.219557 0.727457 -0.606316 847.338 142.273 -233.563
database/img_06365_c1_1303399035915756us_rect.jpg 0.215727 0.200982 0.734957 -0.610661 832.816 147.514 -280.183
database/img_06366_c1_1303399035982524us_rect.jpg 0.206072 0.191092 0.738674 -0.612682 824.169 150.651 -304.043
database/img_06368_c1_1303399036182524us_rect.jpg 0.175404 0.164659 0.748627 -0.617801 796.067 155.064 -371.93
database/img_06369_c1_1303399036249128us_rect.jpg 0.164976 0.156101 0.750898 -0.620136 785.697 154.847 -394.188
database/img_06371_c1_1303399036449156us_rect.jpg 0.134168 0.12764 0.756336 -0.627426 749.156 156.072 -461.404
database/img_06372_c1_1303399036515755us_rect.jpg 0.124357 0.119039 0.758321 -0.628741 736.775 157.031 -481.257
database/img_06373_c1_1303399036649858us_rect.jpg 0.106543 0.101147 0.762493 -0.630097 710.976 162.418 -518.174
database/img_06374_c1_1303399036715758us_rect.jpg 0.098486 0.091204 0.764413 -0.630599 697.005 166.762 -536.09
database/img_06376_c1_1303399036915759us_rect.jpg 0.074093 0.065314 0.76802 -0.632763 656.378 173.225 -584.931
database/img_06378_c1_1303399037049133us_rect.jpg 0.057339 0.051545 0.768326 -0.635398 630.84 170.843 -614.128
database/img_06379_c1_1303399037182534us_rect.jpg 0.041523 0.037605 0.76726 -0.638885 604.672 167.129 -641.925
database/img_06380_c1_1303399037249134us_rect.jpg 0.034737 0.031155 0.766845 -0.640134 592.623 166.174 -653.815
database/img_06382_c1_1303399037449161us_rect.jpg 0.017894 0.01209 0.765624 -0.642926 558.484 166.323 -684.653
database/img_06384_c1_1303399037582512us_rect.jpg 0.007633 0.002365 0.765546 -0.643332 539.177 166.667 -700.845
database/img_06385_c1_1303399037715763us_rect.jpg 0.001772 0.005604 -0.765112 0.643871 522.246 165.669 -714.737
database/img_06386_c1_1303399037782512us_rect.jpg 0.005361 0.00986 -0.764745 0.644235 514.327 165.891 -720.876
database/img_06388_c1_1303399037982514us_rect.jpg 0.013314 0.021675 -0.763289 0.645557 493.894 166.981 -736.184
database/img_06390_c1_1303399038115765us_rect.jpg 0.017472 0.027519 -0.761719 0.647087 483.575 165.513 -744.259
database/img_06391_c1_1303399038249144us_rect.jpg 0.020313 0.032165 -0.759898 0.648928 475.849 163.36 -750.621
database/img_06392_c1_1303399038315812us_rect.jpg 0.020883 0.033767 -0.759216 0.649627 473.645 162.75 -752.61
database/img_06393_c1_1303399038382516us_rect.jpg 0.021445 0.034269 -0.758833 0.65003 472.791 161.931 -753.783
database/img_06394_c1_1303399038515769us_rect.jpg 0.023455 0.033382 -0.758339 0.650582 472.558 158.819 -755.518
database/img_06395_c1_1303399038582517us_rect.jpg 0.024677 0.032615 -0.757979 0.650996 472.63 156.61 -756.401
database/img_06396_c1_1303399038649142us_rect.jpg 0.025662 0.032198 -0.757615 0.651402 472.491 154.825 -757.324
database/img_06397_c1_1303399038782520us_rect.jpg 0.026601 0.031324 -0.758032 0.650922 473.24 154.46 -757.871
database/img_06398_c1_1303399038849143us_rect.jpg 0.02625 0.030358 -0.759005 0.649846 475.043 156.095 -756.874
database/img_06400_c1_1303399039050259us_rect.jpg 0.022538 0.029269 -0.760063 0.648799 480.758 159.907 -753.912
database/img_06401_c1_1303399039115770us_rect.jpg 0.021129 0.028759 -0.76009 0.648837 482.998 160.439 -752.85
