database/img_01651_c0_1303398613380185us_rect.jpg 0.284539 0.279901 -0.651917 0.644746 368.489 18.8276 -18.6051
database/img_01653_c0_1303398613580174us_rect.jpg 0.271307 0.263645 -0.65895 0.65013 368.386 16.9823 -2.63465
database/img_01654_c0_1303398613713404us_rect.jpg 0.265168 0.253991 -0.662332 0.653062 367.965 15.1711 5.71495
database/img_01656_c0_1303398613846777us_rect.jpg 0.261543 0.248808 -0.663455 0.655375 367.414 14.6471 10.1134
database/img_01657_c0_1303398613980156us_rect.jpg 0.260953 0.24428 -0.663506 0.65726 366.907 13.1311 12.3993
database/img_01659_c0_1303398614113405us_rect.jpg 0.260703 0.241991 -0.662578 0.659139 366.392 12.7123 13.2311
database/img_01660_c0_1303398614180157us_rect.jpg 0.260751 0.242584 -0.661933 0.65955 366.147 13.1782 12.612
database/img_01661_c0_1303398614313432us_rect.jpg 0.261908 0.245613 -0.661593 0.658311 365.7 13.8733 9.83226
database/img_01663_c0_1303398614446783us_rect.jpg 0.264249 0.247323 -0.661124 0.657205 365.266 13.4296 7.08826
database/img_01665_c0_1303398614646810us_rect.jpg 0.26747 0.251029 -0.660127 0.655497 364.542 13.4982 2.47893
database/img_01667_c0_1303398614780160us_rect.jpg 0.269929 0.254271 -0.659017 0.654355 364.007 13.8489 -1.20781
database/img_01669_c0_1303398614980189us_rect.jpg 0.273709 0.257124 -0.656928 0.653771 363.171 13.6539 -5.769
database/img_01671_c0_1303398615113412us_rect.jpg 0.276741 0.260285 -0.655815 0.652359 362.537 13.6343 -9.76779
database/img_01672_c0_1303398615246791us_rect.jpg 0.280262 0.261215 -0.654497 0.651807 361.927 12.5119 -12.8642
database/img_01673_c0_1303398615313417us_rect.jpg 0.281431 0.262724 -0.654236 0.650959 361.586 12.5621 -14.618
database/img_01675_c0_1303398615446788us_rect.jpg 0.283453 0.26712 -0.653359 0.649171 360.813 13.5211 -18.7163
database/img_01676_c0_1303398615580165us_rect.jpg 0.286111 0.269102 -0.652028 0.648524 360.083 13.2974 -21.9197
database/img_01677_c0_1303398615646788us_rect.jpg 0.286874 0.270325 -0.651329 0.648381 359.704 13.6035 -23.333
database/img_01678_c0_1303398615780166us_rect.jpg 0.287444 0.274296 -0.650264 0.647529 358.859 15.2462 -26.4445
database/img_01679_c0_1303398615846796us_rect.jpg 0.288049 0.2751 -0.649667 0.647519 358.486 15.4299 -27.5524
database/img_01680_c0_1303398615913415us_rect.jpg 0.289173 0.275533 -0.649316 0.647186 358.121 15.0915 -28.7454
database/img_01681_c0_1303398615980166us_rect.jpg 0.289683 0.276255 -0.64939 0.646575 357.754 15.0699 -29.734
database/img_01682_c0_1303398616113443us_rect.jpg 0.290048 0.278429 -0.648937 0.645934 356.958 15.8722 -31.7907
database/img_01683_c0_1303398616180169us_rect.jpg 0.29061 0.278916 -0.648552 0.645857 356.577 15.8667 -32.7243
database/img_01685_c0_1303398616380199us_rect.jpg 0.295318 0.283601 -0.649561 0.640647 354.96 14.9153 -38.7442
database/img_01686_c0_1303398616446816us_rect.jpg 0.295638 0.283683 -0.649475 0.64055 354.61 14.7895 -39.3204
database/img_01688_c0_1303398616580169us_rect.jpg 0.296596 0.284082 -0.649302 0.640106 353.867 14.4585 -40.7768
database/img_01689_c0_1303398616713445us_rect.jpg 0.297017 0.284777 -0.648953 0.639956 353.109 14.5979 -42.1033
database/img_01690_c0_1303398616780171us_rect.jpg 0.297097 0.284744 -0.648887 0.64 352.764 14.5568 -42.4918
database/img_01692_c0_1303398616980199us_rect.jpg 0.297812 0.285842 -0.648446 0.639625 351.554 14.7171 -44.5423
database/img_01693_c0_1303398617046819us_rect.jpg 0.297983 0.285838 -0.64845 0.639543 351.186 14.6136 -45.0055
database/img_01694_c0_1303398617113422us_rect.jpg 0.298001 0.286016 -0.648483 0.639422 350.808 14.6589 -45.4825
database/img_01696_c0_1303398617313450us_rect.jpg 0.298137 0.285344 -0.648525 0.639616 349.774 14.2565 -46.346
database/img_01697_c0_1303398617380174us_rect.jpg 0.29817 0.285392 -0.648424 0.639681 349.393 14.2804 -46.7785
database/img_01698_c0_1303398617446799us_rect.jpg 0.298164 0.285702 -0.648363 0.639608 348.989 14.4224 -47.3259
database/img_01699_c0_1303398617580175us_rect.jpg 0.298483 0.285445 -0.648428 0.639508 348.235 14.1125 -48.1354
database/img_01700_c0_1303398617646823us_rect.jpg 0.298682 0.285509 -0.648589 0.639223 347.835 13.9796 -48.6635
database/img_01701_c0_1303398617713424us_rect.jpg 0.298722 0.285675 -0.648891 0.638823 347.434 13.9417 -49.1417
database/img_01702_c0_1303398617780176us_rect.jpg 0.298846 0.285358 -0.648891 0.638907 347.068 13.7372 -49.4324
database/img_01703_c0_1303398617913426us_rect.jpg 0.29879 0.28542 -0.648733 0.639066 346.286 13.8181 -50.2393
database/img_01704_c0_1303398617980177us_rect.jpg 0.298488 0.285496 -0.648876 0.639028 345.912 13.9665 -50.5197
database/img_01705_c0_1303398618113456us_rect.jpg 0.298504 0.284887 -0.648744 0.639427 345.162 13.7184 -51.0539
database/img_01706_c0_1303398618180208us_rect.jpg 0.298474 0.28497 -0.64892 0.639225 344.761 13.7138 -51.484
database/img_01707_c0_1303398618246802us_rect.jpg 0.298514 0.284684 -0.64904 0.639212 344.389 13.5346 -51.7683
database/img_01708_c0_1303398618380178us_rect.jpg 0.298826 0.284098 -0.649058 0.639309 343.61 13.0997 -52.4821
database/img_01709_c0_1303398618446802us_rect.jpg 0.299238 0.283799 -0.649027 0.639279 343.196 12.7506 -52.9828
database/img_01710_c0_1303398618580177us_rect.jpg 0.299677 0.283042 -0.648586 0.639857 342.411 12.2942 -53.7064
database/img_01711_c0_1303398618646802us_rect.jpg 0.299917 0.283394 -0.648314 0.639865 341.943 12.3732 -54.4491
database/img_01712_c0_1303398618780196us_rect.jpg 0.300786 0.282807 -0.647789 0.640248 341.104 11.7799 -55.4942
database/img_01713_c0_1303398618846803us_rect.jpg 0.301613 0.282875 -0.647316 0.640307 340.61 11.4766 -56.4216
database/img_01714_c0_1303398618913429us_rect.jpg 0.30227 0.28322 -0.646985 0.64018 340.109 11.3485 -57.3816
database/img_01715_c0_1303398619046810us_rect.jpg 0.3048 0.283358 -0.646285 0.639625 339.057 10.2273 -59.6826
database/img_01716_c0_1303398619113430us_rect.jpg 0.306365 0.28387 -0.645911 0.639028 338.453 9.69908 -61.2148
database/img_01717_c0_1303398619180179us_rect.jpg 0.307708 0.284295 -0.645588 0.63852 337.878 9.24144 -62.5775
database/img_01718_c0_1303398619313458us_rect.jpg 0.309796 0.286284 -0.644371 0.637851 336.632 9.24693 -65.5858
database/img_01719_c0_1303398619380191us_rect.jpg 0.31089 0.287369 -0.64377 0.637437 335.987 9.25727 -67.1589
database/img_01720_c0_1303398619446809us_rect.jpg 0.311841 0.288291 -0.643263 0.637069 335.371 9.2537 -68.5693
database/img_01721_c0_1303398619580216us_rect.jpg 0.314127 0.290445 -0.642115 0.636124 334.044 9.19981 -71.7548
database/img_01722_c0_1303398619646809us_rect.jpg 0.315543 0.291598 -0.641622 0.635394 333.333 9.04453 -73.5248
database/img_01723_c0_1303398619713435us_rect.jpg 0.316213 0.292358 -0.640975 0.635364 332.739 9.15103 -74.7082
database/img_01724_c0_1303398619913437us_rect.jpg 0.319559 0.295225 -0.638903 0.63445 330.667 9.00313 -79.2323
database/img_01725_c0_1303398620180198us_rect.jpg 0.298309 0.306863 -0.648723 0.629289 329.69 23.0668 -75.4256
database/img_01726_c0_1303398620380198us_rect.jpg 0.293639 0.30294 -0.650336 0.631717 329.406 23.4342 -72.2115
database/img_01727_c0_1303398620513453us_rect.jpg 0.291615 0.300319 -0.651915 0.632279 329.072 22.9911 -70.7446
database/img_01728_c0_1303398620580198us_rect.jpg 0.291144 0.297425 -0.652502 0.633258 329.059 21.8734 -69.5374
database/img_01729_c0_1303398620646814us_rect.jpg 0.290567 0.29488 -0.652558 0.634653 328.992 21.0688 -68.4686
database/img_01730_c0_1303398620713441us_rect.jpg 0.289724 0.292897 -0.652963 0.63554 328.874 20.5635 -67.516
database/img_01731_c0_1303398620846817us_rect.jpg 0.287446 0.291017 -0.653828 0.636548 328.412 20.7172 -66.3156
database/img_01732_c0_1303398620913441us_rect.jpg 0.286875 0.290069 -0.654166 0.63689 328.133 20.5253 -66.0131
database/img_01733_c0_1303398621113442us_rect.jpg 0.287179 0.287679 -0.654478 0.637516 327.057 19.306 -66.3648
database/img_01734_c0_1303398621313458us_rect.jpg 0.289774 0.286869 -0.652899 0.638325 325.552 17.9718 -68.7456
database/img_01735_c0_1303398621380193us_rect.jpg 0.29019 0.287071 -0.652862 0.638085 325.038 17.852 -69.5182
database/img_01736_c0_1303398621513445us_rect.jpg 0.290858 0.288028 -0.652984 0.637223 323.953 17.8833 -71.2478
database/img_01737_c0_1303398621580196us_rect.jpg 0.291056 0.288555 -0.653036 0.636841 323.414 17.9906 -72.0674
database/img_01738_c0_1303398621646819us_rect.jpg 0.291203 0.289287 -0.652805 0.636679 322.848 18.2607 -72.9671
database/img_01739_c0_1303398621780195us_rect.jpg 0.291955 0.289898 -0.652118 0.63676 321.772 18.2592 -74.6039
database/img_01740_c0_1303398621846822us_rect.jpg 0.292395 0.289941 -0.651493 0.637178 321.255 18.1653 -75.3428
database/img_01741_c0_1303398621980224us_rect.jpg 0.293472 0.290085 -0.650752 0.637374 320.196 17.8037 -76.9347
database/img_01742_c0_1303398622046822us_rect.jpg 0.293714 0.29028 -0.650419 0.637515 319.681 17.8159 -77.6365
database/img_01743_c0_1303398622180226us_rect.jpg 0.294353 0.290455 -0.6499 0.63767 318.657 17.6474 -79.0197
database/img_01744_c0_1303398622246848us_rect.jpg 0.294582 0.290554 -0.649851 0.637568 318.155 17.5759 -79.6618
database/img_01745_c0_1303398622313448us_rect.jpg 0.294733 0.290893 -0.650168 0.637021 317.636 17.5866 -80.3596
database/img_01746_c0_1303398622446850us_rect.jpg 0.294986 0.291148 -0.650326 0.636626 316.647 17.5332 -81.555
database/img_01747_c0_1303398622513450us_rect.jpg 0.295007 0.291609 -0.650202 0.636531 316.108 17.7315 -82.2642
database/img_01748_c0_1303398622580202us_rect.jpg 0.294879 0.291814 -0.649799 0.636909 315.621 17.9392 -82.7888
database/img_01749_c0_1303398622713475us_rect.jpg 0.295356 0.292019 -0.649514 0.636884 314.598 17.8231 -84.0928
database/img_01750_c0_1303398622780205us_rect.jpg 0.295697 0.291713 -0.649518 0.636862 314.138 17.5192 -84.6053
database/img_01751_c0_1303398622846827us_rect.jpg 0.295905 0.291533 -0.649405 0.636962 313.673 17.3516 -85.1101
database/img_01752_c0_1303398622980209us_rect.jpg 0.296505 0.291271 -0.649268 0.636943 312.707 16.9603 -86.2579
database/img_01753_c0_1303398623046829us_rect.jpg 0.296689 0.29148 -0.64931 0.63672 312.187 16.9498 -86.9243
database/img_01754_c0_1303398623113463us_rect.jpg 0.29695 0.291705 -0.649405 0.636398 311.654 16.9019 -87.6325
database/img_01755_c0_1303398623246855us_rect.jpg 0.297293 0.291696 -0.648604 0.637058 310.658 16.8318 -88.7967
database/img_01756_c0_1303398623313477us_rect.jpg 0.297455 0.2919 -0.64842 0.637076 310.131 16.8574 -89.4612
database/img_01757_c0_1303398623380206us_rect.jpg 0.297694 0.291505 -0.648781 0.636778 309.699 16.5198 -89.8666
database/img_01758_c0_1303398623513453us_rect.jpg 0.299119 0.29168 -0.650612 0.634157 308.587 15.6689 -91.5326
database/img_01759_c0_1303398623580204us_rect.jpg 0.299396 0.29192 -0.65056 0.633969 308.039 15.6469 -92.2617
database/img_01760_c0_1303398623713477us_rect.jpg 0.299805 0.291943 -0.648848 0.635517 307.005 15.6591 -93.5131
database/img_01761_c0_1303398623780205us_rect.jpg 0.300067 0.291852 -0.648266 0.636029 306.504 15.5565 -94.1071
database/img_01762_c0_1303398623913640us_rect.jpg 0.300444 0.292992 -0.648329 0.635263 305.324 15.8403 -95.784
database/img_01763_c0_1303398623980237us_rect.jpg 0.300996 0.293274 -0.648449 0.634748 304.733 15.6799 -96.6622
database/img_01764_c0_1303398624046833us_rect.jpg 0.301436 0.293066 -0.648734 0.634344 304.244 15.3481 -97.2529
database/img_01765_c0_1303398624180228us_rect.jpg 0.302119 0.292741 -0.649019 0.633878 303.269 14.8499 -98.3951
database/img_01766_c0_1303398624246858us_rect.jpg 0.302085 0.293343 -0.648918 0.633719 302.7 15.1269 -99.1364
database/img_01767_c0_1303398624313459us_rect.jpg 0.301874 0.293995 -0.64872 0.633721 302.146 15.5198 -99.8183
database/img_01768_c0_1303398624380210us_rect.jpg 0.3017 0.294616 -0.648371 0.633872 301.588 15.8978 -100.505
database/img_01769_c0_1303398624513461us_rect.jpg 0.302469 0.294647 -0.647618 0.634261 300.525 15.6162 -101.875
database/img_01770_c0_1303398624580211us_rect.jpg 0.302909 0.294675 -0.647511 0.634147 299.987 15.4276 -102.582
database/img_01771_c0_1303398624646837us_rect.jpg 0.303162 0.294662 -0.647802 0.633734 299.495 15.2732 -103.161
database/img_01772_c0_1303398624780218us_rect.jpg 0.303478 0.294523 -0.648279 0.63316 298.554 15.0187 -104.19
database/img_01773_c0_1303398624846837us_rect.jpg 0.303734 0.294781 -0.648209 0.632989 298.002 15.0152 -104.905
database/img_01774_c0_1303398624913463us_rect.jpg 0.303648 0.294952 -0.648142 0.633018 297.517 15.1312 -105.416
database/img_01775_c0_1303398625046864us_rect.jpg 0.303578 0.295348 -0.64817 0.632839 296.532 15.3244 -106.515
database/img_01776_c0_1303398625113464us_rect.jpg 0.303558 0.295266 -0.647955 0.633108 296.087 15.3121 -106.953
database/img_01777_c0_1303398625180215us_rect.jpg 0.303629 0.295172 -0.647908 0.633165 295.628 15.2412 -107.422
database/img_01778_c0_1303398625313467us_rect.jpg 0.304244 0.294226 -0.647504 0.633723 294.764 14.5694 -108.279
database/img_01779_c0_1303398625380214us_rect.jpg 0.304616 0.293914 -0.64744 0.633755 294.293 14.2629 -108.808
database/img_01780_c0_1303398625446841us_rect.jpg 0.305055 0.293412 -0.647463 0.633753 293.848 13.8368 -109.276
database/img_01781_c0_1303398625580241us_rect.jpg 0.305046 0.292636 -0.647399 0.634182 293.056 13.4938 -109.91
database/img_01782_c0_1303398625646841us_rect.jpg 0.304963 0.29202 -0.647307 0.634599 292.714 13.2643 -110.09
database/img_01783_c0_1303398625713466us_rect.jpg 0.304396 0.291813 -0.647373 0.634898 292.379 13.4189 -110.215
database/img_01784_c0_1303398625846844us_rect.jpg 0.302238 0.29147 -0.64859 0.634845 291.875 14.1505 -109.996
database/img_01785_c0_1303398625913466us_rect.jpg 0.301026 0.290772 -0.649162 0.635157 291.738 14.354 -109.595
database/img_01786_c0_1303398625980217us_rect.jpg 0.300045 0.289518 -0.649431 0.635918 291.661 14.2347 -109.072
database/img_01787_c0_1303398626113480us_rect.jpg 0.298399 0.288987 -0.649798 0.636559 291.099 14.7088 -109.027
database/img_01788_c0_1303398626180217us_rect.jpg 0.297394 0.288795 -0.650398 0.636503 290.84 15.0333 -108.937
database/img_01789_c0_1303398626246844us_rect.jpg 0.296483 0.287393 -0.650676 0.637278 290.78 14.8178 -108.381
database/img_01790_c0_1303398626380229us_rect.jpg 0.294581 0.28356 -0.651579 0.638953 290.859 13.9637 -106.789
database/img_01791_c0_1303398626446845us_rect.jpg 0.29235 0.282717 -0.652197 0.639719 290.891 14.5516 -105.87
database/img_01792_c0_1303398626513471us_rect.jpg 0.289861 0.283176 -0.652868 0.639965 290.726 15.806 -105.385
database/img_01793_c0_1303398626580221us_rect.jpg 0.287415 0.283333 -0.653646 0.640205 290.607 16.9077 -104.781
database/img_01794_c0_1303398626713497us_rect.jpg 0.284794 0.280248 -0.654871 0.64148 290.633 16.6655 -103.174
database/img_01795_c0_1303398626780222us_rect.jpg 0.284422 0.277801 -0.655281 0.642291 290.66 15.7537 -102.427
database/img_01796_c0_1303398626846847us_rect.jpg 0.283397 0.275732 -0.655722 0.643185 290.713 15.2953 -101.535
database/img_01797_c0_1303398626980230us_rect.jpg 0.281271 0.272185 -0.657072 0.64425 290.721 14.6304 -99.9593
database/img_01798_c0_1303398627046849us_rect.jpg 0.279816 0.27048 -0.657893 0.644763 290.767 14.4956 -99.0125
database/img_01799_c0_1303398627113475us_rect.jpg 0.278115 0.269107 -0.658722 0.645228 290.789 14.6102 -98.0922
database/img_01800_c0_1303398627246875us_rect.jpg 0.274854 0.26579 -0.659934 0.64676 290.879 14.5516 -96.1095
database/img_01801_c0_1303398627313475us_rect.jpg 0.273403 0.264122 -0.660602 0.647376 290.893 14.4334 -95.1997
database/img_01802_c0_1303398627380226us_rect.jpg 0.271761 0.262115 -0.661446 0.648021 290.987 14.2492 -94.0452
database/img_01803_c0_1303398627513480us_rect.jpg 0.268408 0.25848 -0.662599 0.649699 291.089 14.1007 -91.8946
database/img_01804_c0_1303398627580226us_rect.jpg 0.266656 0.25663 -0.663222 0.650517 291.144 14.0431 -90.7755
database/img_01805_c0_1303398627646851us_rect.jpg 0.264446 0.254962 -0.663865 0.651419 291.224 14.2628 -89.5234
database/img_01806_c0_1303398627780235us_rect.jpg 0.260321 0.251205 -0.665379 0.652993 291.381 14.3725 -86.9704
database/img_01807_c0_1303398627846853us_rect.jpg 0.258072 0.249274 -0.666193 0.653795 291.476 14.4813 -85.5969
database/img_01808_c0_1303398627913481us_rect.jpg 0.256036 0.247127 -0.667035 0.654552 291.571 14.3985 -84.2302
database/img_01809_c0_1303398627980229us_rect.jpg 0.253722 0.244794 -0.668028 0.655316 291.72 14.3529 -82.6411
database/img_01810_c0_1303398628113481us_rect.jpg 0.248469 0.23954 -0.670273 0.656977 292.125 14.2702 -78.9267
database/img_01811_c0_1303398628180230us_rect.jpg 0.246436 0.235895 -0.671404 0.657905 292.376 13.5432 -76.9201
database/img_01812_c0_1303398628246855us_rect.jpg 0.243947 0.232832 -0.672462 0.658843 292.586 13.2623 -74.9486
database/img_01813_c0_1303398628380245us_rect.jpg 0.23866 0.226104 -0.674336 0.661203 293.017 12.6076 -70.6611
database/img_01814_c0_1303398628446857us_rect.jpg 0.235632 0.222556 -0.6754 0.662405 293.271 12.3601 -68.2639
database/img_01815_c0_1303398628580252us_rect.jpg 0.230453 0.215795 -0.676996 0.664831 293.565 11.6704 -64.0021
database/img_01816_c0_1303398628713485us_rect.jpg 0.224451 0.209135 -0.678103 0.667878 293.835 11.4266 -59.4304
database/img_01817_c0_1303398628780231us_rect.jpg 0.22103 0.205778 -0.678936 0.669214 293.97 11.4513 -56.9662
database/img_01818_c0_1303398628846858us_rect.jpg 0.217612 0.203051 -0.679998 0.670088 294.022 11.7081 -54.7554
database/img_01819_c0_1303398628980234us_rect.jpg 0.210169 0.196759 -0.682805 0.671485 294.193 12.0483 -49.7139
database/img_01820_c0_1303398629046858us_rect.jpg 0.207223 0.193682 -0.684424 0.671648 294.188 11.8882 -47.5564
database/img_01821_c0_1303398629113483us_rect.jpg 0.203822 0.191094 -0.685907 0.671916 294.152 12.1307 -45.4035
database/img_01822_c0_1303398629248252us_rect.jpg 0.198054 0.186847 -0.689954 0.67069 293.915 12.404 -41.9067
database/img_01823_c0_1303398629313506us_rect.jpg 0.19564 0.18412 -0.692065 0.669979 293.801 12.0808 -40.113
database/img_01824_c0_1303398629380235us_rect.jpg 0.193541 0.180598 -0.693192 0.670382 293.705 11.4092 -38.1634
database/img_01825_c0_1303398629513505us_rect.jpg 0.187792 0.176743 -0.69165 0.674623 293.275 12.4502 -35.0356
database/img_01826_c0_1303398629646866us_rect.jpg 0.182728 0.175645 -0.689169 0.678826 292.582 14.4391 -33.4109
database/img_01827_c0_1303398629713489us_rect.jpg 0.1814 0.172849 -0.687545 0.681541 292.332 14.0711 -32.215
database/img_01828_c0_1303398629780239us_rect.jpg 0.180356 0.169032 -0.686284 0.684042 292.137 13.1431 -30.708
database/img_01829_c0_1303398629846865us_rect.jpg 0.179893 0.165942 -0.685913 0.685292 291.883 12.1554 -29.708
database/img_01830_c0_1303398629980270us_rect.jpg 0.179422 0.159345 -0.688856 0.684028 291.387 9.37672 -27.5979
database/img_01831_c0_1303398630046866us_rect.jpg 0.178997 0.156199 -0.690366 0.683343 291.122 8.126 -26.5258
database/img_01832_c0_1303398630113491us_rect.jpg 0.178002 0.152986 -0.691258 0.683427 290.861 7.16002 -25.2166
database/img_01834_c0_1303398630446878us_rect.jpg 0.157726 0.155702 -0.697475 0.681475 288.847 16.1102 -19.5905
database/img_01835_c0_1303398630513494us_rect.jpg 0.154369 0.154075 -0.698648 0.681412 288.498 16.6884 -17.9605
database/img_01836_c0_1303398630580243us_rect.jpg 0.151601 0.15193 -0.700359 0.680758 288.168 16.75 -16.3458
database/img_01837_c0_1303398630713495us_rect.jpg 0.148433 0.148531 -0.703033 0.679449 287.422 16.3258 -14.5246
database/img_01838_c0_1303398630780245us_rect.jpg 0.147158 0.146694 -0.703909 0.679218 287.042 15.9991 -13.7052
database/img_01839_c0_1303398630846868us_rect.jpg 0.145968 0.144058 -0.704035 0.679909 286.69 15.4227 -12.6323
database/img_01840_c0_1303398630980271us_rect.jpg 0.142482 0.139242 -0.70371 0.681985 285.936 14.9727 -10.238
database/img_01841_c0_1303398631046870us_rect.jpg 0.140138 0.13788 -0.703967 0.682481 285.51 15.3419 -9.18536
database/img_01842_c0_1303398631180253us_rect.jpg 0.136036 0.136386 -0.705742 0.681778 284.629 16.1513 -7.76756
database/img_01843_c0_1303398631246894us_rect.jpg 0.13438 0.135111 -0.70623 0.681855 284.202 16.2442 -7.03793
database/img_01844_c0_1303398631313497us_rect.jpg 0.133211 0.133307 -0.706545 0.682113 283.793 15.9603 -6.30672
database/img_01845_c0_1303398631380247us_rect.jpg 0.132319 0.131615 -0.706665 0.682491 283.381 15.6376 -5.739
database/img_01846_c0_1303398631513498us_rect.jpg 0.131114 0.129276 -0.70669 0.683144 282.53 15.1961 -5.26167
database/img_01847_c0_1303398631646878us_rect.jpg 0.130001 0.126999 -0.706231 0.684258 281.687 14.8043 -4.86943
database/img_01848_c0_1303398631846929us_rect.jpg 0.128631 0.124212 -0.706046 0.685219 280.382 14.2584 -4.64343
database/img_01849_c0_1303398632113513us_rect.jpg 0.128146 0.122116 -0.705948 0.685786 278.66 13.6179 -5.54676
database/img_01850_c0_1303398632313502us_rect.jpg 0.127077 0.120569 -0.705487 0.686733 277.362 13.462 -5.98169
database/img_01629_c1_1303398610313436us_rect.jpg 0.300883 0.265499 -0.669202 0.625418 366.528 -3.10499 -8.74483
database/img_01632_c1_1303398610513429us_rect.jpg 0.285613 0.253817 -0.672703 0.633618 367.152 -0.715729 5.99291
database/img_01633_c1_1303398610646828us_rect.jpg 0.273296 0.24434 -0.674328 0.641006 367.123 1.66477 17.8675
database/img_01636_c1_1303398610846805us_rect.jpg 0.247659 0.221771 -0.682146 0.651276 365.417 3.31815 44.0584
database/img_01637_c1_1303398610980209us_rect.jpg 0.224851 0.204355 -0.688151 0.658884 362.458 5.94582 65.6406
database/img_01640_c1_1303398611180184us_rect.jpg 0.187057 0.171292 -0.697328 0.670375 354.184 8.26787 102.622
database/img_01641_c1_1303398611313459us_rect.jpg 0.158061 0.144293 -0.701755 0.679511 345.015 10.1698 130.758
database/img_01643_c1_1303398611580210us_rect.jpg 0.094675 0.088746 -0.703061 0.699189 318.412 18.8318 186.621
database/img_01644_c1_1303398611646810us_rect.jpg 0.079141 0.074869 -0.704222 0.701572 310.463 19.9117 199.62
database/img_01646_c1_1303398611846818us_rect.jpg 0.032304 0.026795 -0.710616 0.702328 281.486 17.4605 239.233
database/img_01648_c1_1303398611980195us_rect.jpg 0.001131 0.00199 0.70865 -0.705557 259.641 21.0525 262.642
