database/img_01850_c0_1303398632313502us_rect.jpg 0.099842 0.137695 -0.66388 0.728241 275.089 30.609 -16.5287
database/img_01851_c0_1303398632446895us_rect.jpg 0.098669 0.138012 -0.66356 0.728632 273.867 31.2052 -17.4579
database/img_01852_c0_1303398632513528us_rect.jpg 0.098432 0.138126 -0.663301 0.728878 273.269 31.3545 -18.0327
database/img_01853_c0_1303398632580253us_rect.jpg 0.098765 0.137614 -0.662672 0.729502 272.721 31.074 -18.5992
database/img_01854_c0_1303398632646879us_rect.jpg 0.099466 0.136855 -0.662248 0.729934 272.2 30.5421 -19.185
database/img_01855_c0_1303398632780279us_rect.jpg 0.100791 0.136058 -0.66202 0.730109 271.112 29.725 -20.5778
database/img_01856_c0_1303398632846879us_rect.jpg 0.101246 0.136107 -0.662302 0.72978 270.541 29.5355 -21.345
database/img_01857_c0_1303398632980256us_rect.jpg 0.101199 0.135828 -0.662648 0.729526 269.416 29.4252 -22.3891
database/img_01858_c0_1303398633180253us_rect.jpg 0.100154 0.135987 -0.661637 0.730557 267.66 29.9364 -23.9266
database/img_01859_c0_1303398633313532us_rect.jpg 0.100951 0.136738 -0.662666 0.729373 266.484 29.8192 -25.6202
database/img_01860_c0_1303398633380282us_rect.jpg 0.101521 0.136219 -0.662883 0.729194 265.962 29.3984 -26.1984
database/img_01861_c0_1303398633446884us_rect.jpg 0.101894 0.135451 -0.662777 0.729382 265.459 28.9798 -26.627
database/img_01862_c0_1303398633580263us_rect.jpg 0.100883 0.135347 -0.662893 0.729436 264.334 29.3304 -27.3824
database/img_01863_c0_1303398633713531us_rect.jpg 0.09968 0.136709 -0.663493 0.728801 263.107 30.2404 -28.5963
database/img_01864_c0_1303398633780258us_rect.jpg 0.099768 0.136804 -0.663463 0.728799 262.54 30.2344 -29.2421
database/img_01865_c0_1303398633846884us_rect.jpg 0.099946 0.136661 -0.662973 0.729247 261.991 30.132 -29.8523
database/img_01866_c0_1303398633980261us_rect.jpg 0.101071 0.135868 -0.662409 0.729753 260.942 29.4296 -31.1369
database/img_01867_c0_1303398634046885us_rect.jpg 0.101246 0.136121 -0.662774 0.72935 260.374 29.4378 -31.8397
database/img_01868_c0_1303398634113510us_rect.jpg 0.101339 0.136215 -0.662963 0.729147 259.818 29.425 -32.4642
database/img_01869_c0_1303398634180262us_rect.jpg 0.101071 0.136412 -0.663016 0.729099 259.254 29.5932 -33.0056
database/img_01870_c0_1303398634313539us_rect.jpg 0.100354 0.136619 -0.662435 0.729687 258.14 29.9439 -34.003
database/img_01871_c0_1303398634380264us_rect.jpg 0.099982 0.136804 -0.662325 0.729804 257.583 30.1486 -34.5105
database/img_01872_c0_1303398634446889us_rect.jpg 0.100147 0.136912 -0.662271 0.72981 257.035 30.1221 -35.1651
database/img_01873_c0_1303398634580264us_rect.jpg 0.101761 0.136186 -0.661576 0.730353 256.003 29.2589 -36.6199
database/img_01874_c0_1303398634646889us_rect.jpg 0.102933 0.136094 -0.660986 0.73074 255.456 28.7845 -37.5812
database/img_01875_c0_1303398634713516us_rect.jpg 0.104141 0.135916 -0.660429 0.731105 254.917 28.2664 -38.517
database/img_01876_c0_1303398634846920us_rect.jpg 0.106374 0.135918 -0.660283 0.730916 253.821 27.4102 -40.392
database/img_01877_c0_1303398634913561us_rect.jpg 0.107099 0.136117 -0.660249 0.730804 253.258 27.2015 -41.2658
database/img_01878_c0_1303398634980267us_rect.jpg 0.107478 0.136677 -0.660124 0.730756 252.664 27.2408 -42.1675
database/img_01879_c0_1303398635046893us_rect.jpg 0.107528 0.137847 -0.66012 0.730532 252.023 27.6155 -43.1554
database/img_01880_c0_1303398635180269us_rect.jpg 0.108604 0.139177 -0.660023 0.730209 250.818 27.6547 -45.0957
database/img_01881_c0_1303398635246894us_rect.jpg 0.109029 0.139752 -0.660094 0.729971 250.232 27.6883 -45.984
database/img_01882_c0_1303398635313519us_rect.jpg 0.109748 0.139978 -0.660184 0.729739 249.671 27.4935 -46.8429
database/img_01883_c0_1303398635446895us_rect.jpg 0.111119 0.140609 -0.66074 0.728906 248.536 27.1937 -48.5714
database/img_01884_c0_1303398635513543us_rect.jpg 0.111323 0.140846 -0.660767 0.728805 247.992 27.1973 -49.2554
database/img_01885_c0_1303398635580268us_rect.jpg 0.111492 0.141314 -0.66088 0.728586 247.423 27.2907 -50.0074
database/img_01886_c0_1303398635713530us_rect.jpg 0.111467 0.142543 -0.660868 0.728361 246.265 27.7124 -51.4905
database/img_01887_c0_1303398635780276us_rect.jpg 0.111581 0.142561 -0.660936 0.728278 245.753 27.676 -52.0565
database/img_01888_c0_1303398635846895us_rect.jpg 0.111675 0.142527 -0.661021 0.728194 245.251 27.6282 -52.5945
database/img_01889_c0_1303398635913521us_rect.jpg 0.112057 0.142224 -0.661139 0.728087 244.772 27.3863 -53.1246
database/img_01890_c0_1303398636046925us_rect.jpg 0.111919 0.141187 -0.661798 0.727711 243.905 27.1056 -53.6991
database/img_01891_c0_1303398636113523us_rect.jpg 0.112044 0.140646 -0.662095 0.727527 243.472 26.8863 -54.0437
database/img_01892_c0_1303398636180273us_rect.jpg 0.111847 0.139553 -0.662496 0.727402 243.116 26.6034 -54.078
database/img_01893_c0_1303398636313526us_rect.jpg 0.111817 0.136511 -0.663059 0.727472 242.491 25.6134 -53.9734
database/img_01894_c0_1303398636380273us_rect.jpg 0.111886 0.135163 -0.663282 0.727509 242.158 25.1474 -54.0091
database/img_01896_c0_1303398636513526us_rect.jpg 0.111626 0.1336 -0.661947 0.729052 241.361 24.6772 -54.4409
database/img_01897_c0_1303398636646927us_rect.jpg 0.108982 0.135615 -0.658551 0.732149 240.238 26.1815 -55.4646
database/img_01898_c0_1303398636713526us_rect.jpg 0.107464 0.136915 -0.657813 0.732794 239.662 27.1276 -55.9523
database/img_01899_c0_1303398636780277us_rect.jpg 0.106721 0.137033 -0.658108 0.732616 239.217 27.4424 -56.209
database/img_01900_c0_1303398636913528us_rect.jpg 0.106427 0.135616 -0.662352 0.729089 238.52 27.249 -56.3276
database/img_01901_c0_1303398636980302us_rect.jpg 0.105967 0.135812 -0.664821 0.72687 238.088 27.5887 -56.5594
database/img_01902_c0_1303398637046902us_rect.jpg 0.105708 0.135919 -0.666373 0.725464 237.652 27.7886 -56.8816
database/img_01903_c0_1303398637113528us_rect.jpg 0.105752 0.135715 -0.666841 0.725066 237.232 27.7341 -57.2544
database/img_01904_c0_1303398637246906us_rect.jpg 0.1062 0.13476 -0.665441 0.726464 236.436 27.2025 -58.0688
database/img_01906_c0_1303398637380280us_rect.jpg 0.106327 0.134762 -0.66373 0.728008 235.553 27.0787 -59.1002
database/img_01907_c0_1303398637513557us_rect.jpg 0.106627 0.134513 -0.663469 0.728248 234.733 26.8844 -59.9884
database/img_01908_c0_1303398637646909us_rect.jpg 0.106598 0.134105 -0.6646 0.727296 233.986 26.8323 -60.6144
database/img_01910_c0_1303398637780281us_rect.jpg 0.10625 0.134396 -0.665282 0.72667 233.187 27.1008 -61.3773
database/img_01911_c0_1303398637913560us_rect.jpg 0.10623 0.134702 -0.665313 0.726587 232.38 27.2186 -62.2698
database/img_01913_c0_1303398638046908us_rect.jpg 0.106714 0.134825 -0.66502 0.726762 231.594 27.0828 -63.2508
database/img_01914_c0_1303398638113534us_rect.jpg 0.106906 0.134577 -0.6649 0.72689 231.254 26.9353 -63.6078
database/img_01915_c0_1303398638246935us_rect.jpg 0.107372 0.134353 -0.66474 0.727008 230.547 26.6978 -64.4282
database/img_01916_c0_1303398638313535us_rect.jpg 0.107783 0.134463 -0.6647 0.726964 230.163 26.5933 -64.9543
database/img_01917_c0_1303398638380284us_rect.jpg 0.107975 0.134404 -0.66461 0.727029 229.823 26.5085 -65.3499
database/img_01918_c0_1303398638513538us_rect.jpg 0.108299 0.134632 -0.664735 0.726823 229.117 26.4868 -66.2036
database/img_01919_c0_1303398638580305us_rect.jpg 0.108403 0.13485 -0.664836 0.726676 228.767 26.5342 -66.628
database/img_01921_c0_1303398638780287us_rect.jpg 0.108594 0.13508 -0.664605 0.726815 227.8 26.5381 -67.7413
database/img_01922_c0_1303398638846934us_rect.jpg 0.108462 0.135033 -0.664714 0.726745 227.52 26.5813 -67.9824
database/img_01923_c0_1303398638913535us_rect.jpg 0.108263 0.135055 -0.664774 0.726715 227.24 26.6655 -68.2219
database/img_01924_c0_1303398639046913us_rect.jpg 0.108174 0.135325 -0.665089 0.72639 226.65 26.8134 -68.8435
database/img_01926_c0_1303398639180288us_rect.jpg 0.10779 0.135395 -0.665208 0.726325 226.125 26.9852 -69.2893
database/img_01928_c0_1303398639380293us_rect.jpg 0.107735 0.134354 -0.66511 0.726616 225.509 26.6709 -69.721
database/img_01929_c0_1303398639446914us_rect.jpg 0.107616 0.133857 -0.665067 0.726765 225.344 26.5494 -69.7761
database/img_01931_c0_1303398639646919us_rect.jpg 0.107112 0.133436 -0.665519 0.726503 224.747 26.6337 -70.164
database/img_01932_c0_1303398639713542us_rect.jpg 0.107026 0.132983 -0.665502 0.726614 224.6 26.5221 -70.2131
database/img_01935_c0_1303398639980320us_rect.jpg 0.106446 0.132123 -0.665463 0.726892 223.941 26.4517 -70.6002
database/img_01936_c0_1303398640046919us_rect.jpg 0.106414 0.132092 -0.66518 0.727161 223.755 26.4309 -70.7885
database/img_01938_c0_1303398640246952us_rect.jpg 0.106395 0.13104 -0.664278 0.728178 223.36 26.0256 -71.0521
database/img_01941_c0_1303398640513568us_rect.jpg 0.104989 0.131511 -0.663951 0.728595 222.733 26.6229 -71.4662
database/img_01944_c0_1303398640780296us_rect.jpg 0.105206 0.130705 -0.66363 0.729002 222.249 26.2747 -71.8904
database/img_01946_c0_1303398640913548us_rect.jpg 0.105425 0.130635 -0.663239 0.729338 221.972 26.1471 -72.2285
database/img_01949_c0_1303398641180300us_rect.jpg 0.105309 0.131044 -0.663292 0.729233 221.431 26.3233 -72.8258
database/img_01953_c0_1303398641580305us_rect.jpg 0.106092 0.130417 -0.661946 0.730454 220.841 25.7398 -73.5899
database/img_01957_c0_1303398641913554us_rect.jpg 0.105504 0.131197 -0.661981 0.730368 220.339 26.1859 -74.1041
database/img_01963_c0_1303398642446966us_rect.jpg 0.105911 0.130542 -0.661006 0.731309 219.866 25.7471 -74.6309
database/img_01971_c0_1303398643113559us_rect.jpg 0.106952 0.130426 -0.660742 0.731417 219.386 25.3403 -75.3645
database/img_02317_c0_1303398673980500us_rect.jpg 0.10451 0.133298 -0.658278 0.733471 218.584 26.804 -76.1915
database/img_02326_c0_1303398674780502us_rect.jpg 0.10412 0.133551 -0.656715 0.73488 218.052 26.8386 -76.781
database/img_02331_c0_1303398675180480us_rect.jpg 0.104998 0.132663 -0.655325 0.736156 217.679 26.1143 -77.2888
database/img_02334_c0_1303398675513737us_rect.jpg 0.104854 0.133039 -0.65502 0.73638 217.155 26.2361 -77.8774
database/img_02337_c0_1303398675780483us_rect.jpg 0.104867 0.133114 -0.655291 0.736123 216.694 26.2765 -78.3533
database/img_02340_c0_1303398676047109us_rect.jpg 0.104904 0.132906 -0.655487 0.735981 216.22 26.2119 -78.8104
database/img_02342_c0_1303398676247112us_rect.jpg 0.105739 0.132369 -0.655423 0.736015 215.828 25.758 -79.312
database/img_02345_c0_1303398676513761us_rect.jpg 0.106503 0.132095 -0.655514 0.735874 215.224 25.4249 -80.0527
database/img_02347_c0_1303398676781426us_rect.jpg 0.105579 0.132445 -0.655597 0.73587 214.604 25.8307 -80.548
database/img_02348_c0_1303398676847114us_rect.jpg 0.105571 0.1326 -0.655442 0.735981 214.415 25.8602 -80.773
database/img_02350_c0_1303398677047245us_rect.jpg 0.10637 0.131898 -0.654593 0.736747 213.943 25.2749 -81.3629
database/img_02353_c0_1303398677247119us_rect.jpg 0.106365 0.132025 -0.654769 0.736569 213.387 25.3282 -81.9486
database/img_02354_c0_1303398677380518us_rect.jpg 0.10601 0.13252 -0.655383 0.735985 212.968 25.6641 -82.351
database/img_02357_c0_1303398677647117us_rect.jpg 0.107778 0.131687 -0.654864 0.73634 212.178 24.764 -83.4318
database/img_02358_c0_1303398677713746us_rect.jpg 0.108158 0.131414 -0.654577 0.736588 211.987 24.519 -83.6782
database/img_02360_c0_1303398677913766us_rect.jpg 0.108617 0.131942 -0.654536 0.736462 211.25 24.5126 -84.6149
database/img_02362_c0_1303398678113774us_rect.jpg 0.110082 0.132976 -0.654713 0.735901 210.336 24.3725 -85.991
database/img_02363_c0_1303398678180498us_rect.jpg 0.111149 0.132811 -0.654132 0.736287 210.056 23.903 -86.4903
database/img_02365_c0_1303398678380530us_rect.jpg 0.114233 0.133441 -0.651331 0.738182 209.02 22.7252 -88.3713
database/img_02366_c0_1303398678447126us_rect.jpg 0.115386 0.134077 -0.651849 0.737429 208.603 22.6176 -89.0797
database/img_02368_c0_1303398678647269us_rect.jpg 0.11944 0.136716 -0.654502 0.733942 207.171 22.4942 -91.556
database/img_02370_c0_1303398678780501us_rect.jpg 0.122228 0.138364 -0.655302 0.732459 206.198 22.2368 -93.2438
database/img_02371_c0_1303398678913755us_rect.jpg 0.125725 0.140255 -0.654073 0.732605 205.074 21.5383 -95.3138
database/img_02373_c0_1303398679047127us_rect.jpg 0.130039 0.143575 -0.651559 0.733448 203.581 20.8121 -98.0878
database/img_02374_c0_1303398679180504us_rect.jpg 0.134566 0.148418 -0.650261 0.732819 201.776 20.662 -101.307
database/img_02376_c0_1303398679313751us_rect.jpg 0.140063 0.154484 -0.651011 0.729864 199.61 20.9318 -105.026
database/img_02377_c0_1303398679447133us_rect.jpg 0.148723 0.159305 -0.651377 0.726781 197.229 19.8287 -109.227
database/img_02379_c0_1303398679580507us_rect.jpg 0.159821 0.164471 -0.648562 0.725791 194.327 17.5807 -114.295
database/img_02381_c0_1303398679780508us_rect.jpg 0.175722 0.181737 -0.642415 0.723461 187.825 17.0206 -124.316
database/img_02382_c0_1303398679847134us_rect.jpg 0.18143 0.189068 -0.639678 0.722598 185.13 17.0616 -128.157
database/img_02384_c0_1303398680047158us_rect.jpg 0.203154 0.20909 -0.63164 0.71836 176.255 15.3202 -140.013
database/img_02386_c0_1303398680180510us_rect.jpg 0.218342 0.223861 -0.628628 0.712067 169.454 15.0223 -148.07
database/img_02387_c0_1303398680313762us_rect.jpg 0.235022 0.239002 -0.625519 0.704534 161.857 14.5736 -156.294
database/img_02389_c0_1303398680447135us_rect.jpg 0.25259 0.254642 -0.619759 0.698036 153.436 13.5473 -164.611
database/img_02390_c0_1303398680580514us_rect.jpg 0.270203 0.270982 -0.611577 0.692483 144.252 12.2084 -172.817
database/img_02392_c0_1303398680713762us_rect.jpg 0.288487 0.287333 -0.602108 0.68679 134.364 10.4618 -180.765
database/img_02393_c0_1303398680847163us_rect.jpg 0.303448 0.306224 -0.591555 0.681329 123.998 10.0618 -188.159
database/img_02394_c0_1303398680913784us_rect.jpg 0.309288 0.31816 -0.58653 0.677568 118.256 11.1329 -191.839
database/img_02396_c0_1303398681047139us_rect.jpg 0.322782 0.339645 -0.57509 0.670615 106.608 11.7051 -198.692
database/img_02397_c0_1303398681180534us_rect.jpg 0.340794 0.353133 -0.562977 0.664992 95.9566 8.59638 -204.413
database/img_02399_c0_1303398681380540us_rect.jpg 0.362194 0.380678 -0.55023 0.648958 78.34 9.63042 -212.137
database/img_02401_c0_1303398681513766us_rect.jpg 0.379035 0.396946 -0.539949 0.63814 65.9724 8.81447 -216.64
database/img_02403_c0_1303398681713777us_rect.jpg 0.406675 0.416352 -0.522458 0.62314 47.7202 5.19515 -222.002
database/img_02405_c0_1303398681847144us_rect.jpg 0.422426 0.432511 -0.511133 0.610928 34.6775 4.75666 -224.805
database/img_02406_c0_1303398681980521us_rect.jpg 0.435569 0.448983 -0.500634 0.598381 22.0944 5.30164 -226.816
database/img_02408_c0_1303398682113770us_rect.jpg 0.448115 0.465393 -0.490179 0.585087 9.42324 6.15177 -228.15
database/img_02409_c0_1303398682180521us_rect.jpg 0.454214 0.473453 -0.484741 0.57841 3.09656 6.54182 -228.565
database/img_02410_c0_1303398682313795us_rect.jpg 0.465922 0.488006 -0.475446 0.564551 -8.82387 7.64844 -228.911
database/img_02412_c0_1303398682447147us_rect.jpg 0.478668 0.500583 -0.466079 0.550513 -20.4977 8.21739 -228.702
database/img_02413_c0_1303398682580543us_rect.jpg 0.490782 0.511837 -0.455991 0.537799 -31.5502 8.20978 -228.036
database/img_02414_c0_1303398682647148us_rect.jpg 0.495788 0.518019 -0.450485 0.531896 -36.9951 8.29721 -227.524
database/img_02415_c0_1303398682780519us_rect.jpg 0.506028 0.530576 -0.438644 0.51963 -48.2435 8.33309 -226.053
database/img_02416_c0_1303398682847149us_rect.jpg 0.511742 0.535733 -0.433174 0.513294 -53.6236 8.21637 -225.175
database/img_02418_c0_1303398683047178us_rect.jpg 0.527948 0.551083 -0.417307 0.49339 -69.5185 8.47216 -221.845
database/img_02420_c0_1303398683180526us_rect.jpg 0.537683 0.561489 -0.405902 0.480491 -79.934 8.56553 -219.064
database/img_02422_c0_1303398683380554us_rect.jpg 0.549963 0.577466 -0.388899 0.461336 -94.939 9.14638 -214.197
database/img_02424_c0_1303398683513778us_rect.jpg 0.557543 0.587635 -0.376976 0.449134 -104.576 9.20123 -210.533
database/img_02425_c0_1303398683580528us_rect.jpg 0.561362 0.591967 -0.371301 0.443377 -109.049 9.10053 -208.703
database/img_02426_c0_1303398683713807us_rect.jpg 0.568424 0.600815 -0.359255 0.432263 -117.914 8.67296 -204.793
database/img_02427_c0_1303398683780527us_rect.jpg 0.572096 0.604732 -0.353362 0.426779 -122.17 8.38326 -202.778
database/img_02429_c0_1303398683980554us_rect.jpg 0.581433 0.615753 -0.337634 0.410837 -133.792 8.11886 -196.899
database/img_02430_c0_1303398684047154us_rect.jpg 0.583492 0.619699 -0.332438 0.406195 -137.343 8.02619 -194.982
database/img_02432_c0_1303398684180529us_rect.jpg 0.588417 0.624751 -0.32361 0.398408 -143.305 7.41488 -191.817
database/img_02433_c0_1303398684313782us_rect.jpg 0.591243 0.629316 -0.316046 0.393076 -148.008 6.69314 -189.425
database/img_02434_c0_1303398684380532us_rect.jpg 0.591844 0.631856 -0.313139 0.390414 -150.085 6.75085 -188.379
database/img_02435_c0_1303398684447157us_rect.jpg 0.592778 0.633891 -0.311025 0.387376 -152.028 7.08217 -187.426
database/img_02436_c0_1303398684513783us_rect.jpg 0.593794 0.635506 -0.309505 0.38438 -153.765 7.53804 -186.619
database/img_02438_c0_1303398684713786us_rect.jpg 0.595757 0.639541 -0.306417 0.377055 -158.002 8.94758 -184.954
database/img_02439_c0_1303398684780535us_rect.jpg 0.596059 0.640132 -0.306162 0.375778 -158.823 9.28051 -184.901
database/img_02440_c0_1303398684847160us_rect.jpg 0.595899 0.640798 -0.305864 0.375139 -159.472 9.46643 -185.006
database/img_02442_c0_1303398685047163us_rect.jpg 0.594002 0.642741 -0.30441 0.376005 -160.775 9.13641 -185.952
database/img_02443_c0_1303398685113787us_rect.jpg 0.593524 0.642776 -0.304257 0.376824 -160.936 8.88839 -186.508
database/img_02445_c0_1303398685247161us_rect.jpg 0.593565 0.642251 -0.304006 0.377856 -161.422 8.39717 -187.504
database/img_02446_c0_1303398685380561us_rect.jpg 0.593986 0.641403 -0.305246 0.377635 -161.859 8.73182 -188.533
database/img_02447_c0_1303398685447161us_rect.jpg 0.593835 0.641328 -0.305726 0.377611 -162.103 8.91193 -189.025
database/img_02448_c0_1303398685513788us_rect.jpg 0.593491 0.641349 -0.306176 0.377751 -162.303 9.0682 -189.549
database/img_02449_c0_1303398685647190us_rect.jpg 0.59264 0.641239 -0.306629 0.378906 -162.582 8.9434 -190.773
database/img_02450_c0_1303398685713789us_rect.jpg 0.592117 0.641353 -0.306525 0.379613 -162.786 8.7568 -191.333
database/img_02451_c0_1303398685780538us_rect.jpg 0.591631 0.64139 -0.306741 0.380134 -162.949 8.72725 -191.923
database/img_02452_c0_1303398685913797us_rect.jpg 0.591038 0.64126 -0.307744 0.380464 -163.328 9.0256 -193.051
database/img_02454_c0_1303398686113814us_rect.jpg 0.59181 0.639632 -0.309295 0.380747 -163.91 9.17075 -194.786
database/img_02455_c0_1303398686180541us_rect.jpg 0.592434 0.638821 -0.309804 0.380726 -164.138 9.1741 -195.339
database/img_02456_c0_1303398686247167us_rect.jpg 0.592768 0.638393 -0.31005 0.380721 -164.449 9.16157 -195.82
database/img_02457_c0_1303398686313792us_rect.jpg 0.592904 0.638322 -0.309839 0.380801 -164.889 9.02789 -196.205
database/img_02458_c0_1303398686447196us_rect.jpg 0.592697 0.638741 -0.30968 0.380549 -165.844 9.11455 -196.914
database/img_02460_c0_1303398686580543us_rect.jpg 0.5925 0.638785 -0.309916 0.380591 -166.581 9.20725 -197.828
database/img_02461_c0_1303398686713797us_rect.jpg 0.591641 0.639668 -0.309075 0.381128 -167.524 8.9359 -198.598
database/img_02462_c0_1303398686780544us_rect.jpg 0.591373 0.640035 -0.308602 0.381312 -168.04 8.77423 -198.951
database/img_02463_c0_1303398686847171us_rect.jpg 0.591212 0.640286 -0.308405 0.381299 -168.532 8.75236 -199.317
database/img_02464_c0_1303398686913796us_rect.jpg 0.591046 0.640608 -0.308392 0.381025 -169.057 8.89027 -199.659
database/img_02465_c0_1303398687047174us_rect.jpg 0.590822 0.641076 -0.308137 0.380792 -170.073 8.94907 -200.382
database/img_02466_c0_1303398687113820us_rect.jpg 0.590732 0.641212 -0.307818 0.380959 -170.548 8.79996 -200.789
database/img_02467_c0_1303398687180547us_rect.jpg 0.59068 0.641247 -0.307214 0.381471 -170.998 8.41204 -201.224
database/img_02468_c0_1303398687247173us_rect.jpg 0.590813 0.641078 -0.306775 0.3819 -171.422 8.06054 -201.69
database/img_02469_c0_1303398687380550us_rect.jpg 0.590596 0.641259 -0.306788 0.381922 -172.28 8.09517 -202.576
database/img_02470_c0_1303398687447199us_rect.jpg 0.590573 0.641356 -0.306776 0.381804 -172.762 8.13817 -202.985
database/img_02471_c0_1303398687513799us_rect.jpg 0.590699 0.641161 -0.306797 0.38192 -173.154 8.06186 -203.48
database/img_02472_c0_1303398687580550us_rect.jpg 0.591047 0.64062 -0.306628 0.382425 -173.462 7.70624 -204.055
database/img_02473_c0_1303398687713827us_rect.jpg 0.591823 0.639244 -0.306575 0.383569 -173.945 7.00646 -205.331
database/img_02474_c0_1303398687780573us_rect.jpg 0.591943 0.638922 -0.306924 0.383641 -174.245 7.04454 -205.919
database/img_02475_c0_1303398687847176us_rect.jpg 0.591602 0.63925 -0.307217 0.383386 -174.698 7.32622 -206.365
database/img_02476_c0_1303398687913801us_rect.jpg 0.591181 0.639678 -0.307662 0.382965 -175.163 7.74558 -206.8
database/img_02477_c0_1303398688047178us_rect.jpg 0.590958 0.639665 -0.30922 0.382074 -175.874 8.66007 -207.863
database/img_02478_c0_1303398688113802us_rect.jpg 0.591046 0.639176 -0.310296 0.381883 -176.033 9.0547 -208.569
database/img_02479_c0_1303398688180554us_rect.jpg 0.591395 0.638272 -0.311132 0.382175 -176.096 9.10019 -209.374
database/img_02480_c0_1303398688247178us_rect.jpg 0.591571 0.637747 -0.311868 0.382179 -176.299 9.28156 -210.051
database/img_02481_c0_1303398688380577us_rect.jpg 0.592852 0.636368 -0.311692 0.382635 -177.092 8.68054 -211.141
database/img_02482_c0_1303398688447179us_rect.jpg 0.594068 0.635172 -0.311583 0.382825 -177.492 8.23296 -211.686
database/img_02483_c0_1303398688580575us_rect.jpg 0.595685 0.633421 -0.312007 0.382869 -178.222 7.90005 -212.835
database/img_02484_c0_1303398688647177us_rect.jpg 0.595584 0.633351 -0.312451 0.382781 -178.575 8.0999 -213.408
database/img_02485_c0_1303398688713802us_rect.jpg 0.595086 0.633434 -0.312608 0.383289 -178.822 8.05273 -214.08
database/img_02486_c0_1303398688847441us_rect.jpg 0.593185 0.634183 -0.312583 0.385014 -179.202 7.78774 -215.546
database/img_02487_c0_1303398688913806us_rect.jpg 0.592081 0.635086 -0.312424 0.385354 -179.642 7.87408 -216.063
database/img_02488_c0_1303398688980554us_rect.jpg 0.591459 0.635627 -0.312468 0.385382 -180.114 8.03294 -216.553
database/img_02489_c0_1303398689047179us_rect.jpg 0.591236 0.635803 -0.312944 0.385046 -180.563 8.38758 -217.058
database/img_02490_c0_1303398689180586us_rect.jpg 0.591619 0.634838 -0.314254 0.384983 -181.078 8.72772 -218.417
database/img_02491_c0_1303398689247215us_rect.jpg 0.591613 0.634586 -0.314742 0.385009 -181.381 8.86881 -219.062
database/img_02492_c0_1303398689313809us_rect.jpg 0.591136 0.634693 -0.314839 0.385486 -181.665 8.81104 -219.727
database/img_02493_c0_1303398689380560us_rect.jpg 0.590772 0.634735 -0.314663 0.386119 -181.991 8.56464 -220.371
database/img_02494_c0_1303398689514202us_rect.jpg 0.590198 0.634624 -0.315164 0.386769 -182.564 8.58572 -221.707
database/img_02495_c0_1303398689580586us_rect.jpg 0.590166 0.634636 -0.315683 0.386375 -183.022 8.93691 -222.231
database/img_02496_c0_1303398689647195us_rect.jpg 0.590325 0.634406 -0.31635 0.385963 -183.428 9.29507 -222.79
database/img_02497_c0_1303398689713810us_rect.jpg 0.590698 0.633888 -0.316702 0.385955 -183.789 9.30664 -223.414
database/img_02498_c0_1303398689780561us_rect.jpg 0.591212 0.63316 -0.31669 0.386374 -184.116 8.96339 -224.072
database/img_02499_c0_1303398689913815us_rect.jpg 0.591129 0.633051 -0.317004 0.38642 -184.983 9.0551 -225.207
database/img_02500_c0_1303398689980584us_rect.jpg 0.590827 0.633295 -0.317066 0.386433 -185.473 9.14654 -225.735
database/img_02501_c0_1303398690047198us_rect.jpg 0.590511 0.633382 -0.317231 0.386637 -185.842 9.18488 -226.358
database/img_02502_c0_1303398690113812us_rect.jpg 0.590273 0.633444 -0.317237 0.386894 -186.252 9.12738 -226.956
database/img_02503_c0_1303398690247191us_rect.jpg 0.589747 0.633698 -0.316793 0.387645 -187.15 8.76662 -228.104
database/img_02504_c0_1303398690313837us_rect.jpg 0.589674 0.633803 -0.316574 0.387762 -187.695 8.64899 -228.6
database/img_02505_c0_1303398690380565us_rect.jpg 0.589948 0.633547 -0.316715 0.387648 -188.188 8.66173 -229.136
database/img_02506_c0_1303398690447191us_rect.jpg 0.590397 0.633192 -0.317196 0.387151 -188.702 8.91872 -229.648
database/img_02507_c0_1303398690580566us_rect.jpg 0.591913 0.632186 -0.3174 0.386312 -189.941 8.92838 -230.525
database/img_02508_c0_1303398690647191us_rect.jpg 0.592453 0.632113 -0.316899 0.386015 -190.749 8.72736 -230.824
database/img_02509_c0_1303398690780568us_rect.jpg 0.593083 0.632589 -0.316076 0.384941 -192.515 8.74674 -231.301
database/img_02510_c0_1303398690847230us_rect.jpg 0.593259 0.632741 -0.31601 0.384474 -193.243 8.88516 -231.657
database/img_02511_c0_1303398690913817us_rect.jpg 0.593391 0.63288 -0.315655 0.384333 -193.957 8.78044 -232.046
database/img_02512_c0_1303398690980568us_rect.jpg 0.593448 0.633153 -0.314632 0.384634 -194.746 8.25456 -232.381
database/img_02513_c0_1303398691113836us_rect.jpg 0.592938 0.634586 -0.311825 0.385345 -196.594 7.04917 -232.839
database/img_02514_c0_1303398691180568us_rect.jpg 0.592655 0.635419 -0.311463 0.3847 -197.529 7.29755 -233.038
database/img_02515_c0_1303398691247198us_rect.jpg 0.592517 0.636031 -0.311825 0.383605 -198.371 7.97684 -233.303
database/img_02516_c0_1303398691380596us_rect.jpg 0.592327 0.636943 -0.312494 0.381838 -199.902 9.09542 -233.983
database/img_02517_c0_1303398691447227us_rect.jpg 0.592246 0.637331 -0.312312 0.381464 -200.658 9.22237 -234.331
database/img_02518_c0_1303398691513820us_rect.jpg 0.592442 0.637543 -0.311466 0.381496 -201.498 8.83466 -234.632
database/img_02519_c0_1303398691580571us_rect.jpg 0.592662 0.637759 -0.310327 0.381722 -202.372 8.24308 -234.908
database/img_02520_c0_1303398691713848us_rect.jpg 0.593277 0.637702 -0.309432 0.38159 -203.821 7.78635 -235.708
database/img_02521_c0_1303398691780595us_rect.jpg 0.593687 0.637633 -0.310334 0.380332 -204.517 8.59839 -236.108
database/img_02522_c0_1303398691847200us_rect.jpg 0.594225 0.637305 -0.31122 0.379316 -205.113 9.25426 -236.596
database/img_02523_c0_1303398691913823us_rect.jpg 0.594718 0.63703 -0.311571 0.378718 -205.746 9.5232 -237.068
database/img_02524_c0_1303398692047218us_rect.jpg 0.595259 0.636969 -0.311034 0.378411 -207.158 9.30141 -237.923
database/img_02525_c0_1303398692113822us_rect.jpg 0.595269 0.637127 -0.310907 0.378234 -207.828 9.32885 -238.38
database/img_02526_c0_1303398692180574us_rect.jpg 0.595266 0.63718 -0.310587 0.378412 -208.432 9.11626 -238.9
database/img_02527_c0_1303398692247208us_rect.jpg 0.595615 0.636784 -0.310394 0.378688 -208.932 8.79449 -239.524
database/img_02528_c0_1303398692380600us_rect.jpg 0.595839 0.636424 -0.309344 0.379799 -209.985 7.76977 -240.746
database/img_02529_c0_1303398692447232us_rect.jpg 0.595788 0.636543 -0.309263 0.379746 -210.596 7.76899 -241.275
database/img_02530_c0_1303398692513826us_rect.jpg 0.595671 0.636612 -0.309738 0.379425 -211.099 8.13175 -241.876
database/img_02531_c0_1303398692580577us_rect.jpg 0.595611 0.636657 -0.310524 0.378801 -211.609 8.75477 -242.461
database/img_02532_c0_1303398692713854us_rect.jpg 0.596099 0.636282 -0.310759 0.37847 -212.767 8.85424 -243.582
database/img_02533_c0_1303398692780577us_rect.jpg 0.596372 0.635943 -0.310414 0.378895 -213.279 8.41452 -244.216
database/img_02534_c0_1303398692847205us_rect.jpg 0.596041 0.636069 -0.310006 0.379535 -213.748 8.03127 -244.882
database/img_02535_c0_1303398692913829us_rect.jpg 0.595684 0.636268 -0.309751 0.379971 -214.239 7.80872 -245.526
database/img_02536_c0_1303398693047205us_rect.jpg 0.593921 0.637868 -0.30947 0.380277 -215.412 8.05731 -246.648
database/img_02537_c0_1303398693113851us_rect.jpg 0.593284 0.638433 -0.309281 0.380478 -215.99 8.06351 -247.226
database/img_02538_c0_1303398693180580us_rect.jpg 0.592798 0.638744 -0.309048 0.3809 -216.488 7.89733 -247.874
database/img_02539_c0_1303398693247208us_rect.jpg 0.592467 0.638925 -0.308835 0.381286 -216.99 7.71173 -248.521
database/img_02540_c0_1303398693380608us_rect.jpg 0.591685 0.639676 -0.309647 0.380581 -218.135 8.60588 -249.667
database/img_02541_c0_1303398693447240us_rect.jpg 0.591303 0.63997 -0.310436 0.380039 -218.634 9.30529 -250.296
database/img_02542_c0_1303398693513833us_rect.jpg 0.591315 0.639859 -0.311134 0.379636 -219.097 9.77602 -250.96
database/img_02543_c0_1303398693647208us_rect.jpg 0.591859 0.638977 -0.311723 0.379789 -219.924 9.74965 -252.417
database/img_02544_c0_1303398693713854us_rect.jpg 0.592241 0.63849 -0.31166 0.380064 -220.396 9.45641 -253.106
database/img_02545_c0_1303398693780583us_rect.jpg 0.592693 0.637951 -0.311881 0.380084 -220.866 9.38836 -253.794
database/img_02546_c0_1303398693847206us_rect.jpg 0.592983 0.63763 -0.312243 0.379873 -221.378 9.54539 -254.435
database/img_02547_c0_1303398693980605us_rect.jpg 0.593444 0.637212 -0.312987 0.379241 -222.491 10.0153 -255.632
database/img_02548_c0_1303398694047239us_rect.jpg 0.593509 0.637185 -0.313121 0.379075 -223.089 10.127 -256.217
database/img_02549_c0_1303398694113832us_rect.jpg 0.593657 0.636955 -0.313012 0.379319 -223.604 9.90199 -256.876
database/img_02550_c0_1303398694247214us_rect.jpg 0.593445 0.637169 -0.312598 0.379633 -224.818 9.62397 -258.029
database/img_02551_c0_1303398694313835us_rect.jpg 0.593092 0.637458 -0.312554 0.379735 -225.383 9.6565 -258.639
database/img_02552_c0_1303398694380584us_rect.jpg 0.592886 0.637696 -0.312326 0.379846 -226.019 9.56597 -259.193
database/img_02553_c0_1303398694447212us_rect.jpg 0.592933 0.637645 -0.312267 0.379907 -226.597 9.48829 -259.786
database/img_02554_c0_1303398694580612us_rect.jpg 0.594243 0.636786 -0.313388 0.378375 -227.929 10.335 -260.813
database/img_02555_c0_1303398694647212us_rect.jpg 0.595434 0.635929 -0.314072 0.377375 -228.627 10.7677 -261.29
database/img_02556_c0_1303398694713838us_rect.jpg 0.596733 0.635028 -0.314109 0.376809 -229.402 10.674 -261.723
database/img_02557_c0_1303398694847219us_rect.jpg 0.599136 0.63356 -0.311672 0.377489 -231.223 8.53278 -262.403
database/img_02558_c0_1303398694913860us_rect.jpg 0.599978 0.633138 -0.31013 0.378129 -232.15 7.27778 -262.731
database/img_02559_c0_1303398694980589us_rect.jpg 0.600172 0.6332 -0.309321 0.37838 -232.96 6.73324 -263.145
database/img_02560_c0_1303398695047214us_rect.jpg 0.599678 0.633974 -0.308922 0.378194 -233.816 6.82114 -263.494
database/img_01850_c1_1303398632313569us_rect.jpg 0.372115 0.42131 0.54588 -0.621324 26.3426 23.5738 273.679
database/img_01851_c1_1303398632448380us_rect.jpg 0.372829 0.421459 0.544979 -0.621586 27.1334 24.0495 272.461
database/img_01852_c1_1303398632513549us_rect.jpg 0.372883 0.421527 0.544665 -0.621782 27.6668 24.1835 271.849
database/img_01853_c1_1303398632580296us_rect.jpg 0.372213 0.42225 0.544532 -0.621809 28.221 23.8691 271.275
database/img_01854_c1_1303398632646922us_rect.jpg 0.371546 0.423044 0.544658 -0.621559 28.73 23.3844 270.722
database/img_01855_c1_1303398632780303us_rect.jpg 0.370582 0.423769 0.545433 -0.62096 29.9639 22.5235 269.572
database/img_01856_c1_1303398632846923us_rect.jpg 0.370523 0.423385 0.546022 -0.620739 30.7294 22.3418 268.967
database/img_01857_c1_1303398632980305us_rect.jpg 0.370796 0.423407 0.54635 -0.620273 31.7346 22.1617 267.805
database/img_01858_c1_1303398633180323us_rect.jpg 0.371389 0.42411 0.544651 -0.620931 32.9086 22.7985 266.041
database/img_01859_c1_1303398633313556us_rect.jpg 0.371766 0.422598 0.545962 -0.620585 34.5369 22.7448 264.791
database/img_01860_c1_1303398633380303us_rect.jpg 0.371542 0.422938 0.546539 -0.61998 35.029 22.2645 264.255
database/img_01861_c1_1303398633446926us_rect.jpg 0.371327 0.423554 0.546613 -0.619623 35.4007 21.9352 263.722
database/img_01862_c1_1303398633580302us_rect.jpg 0.372393 0.423698 0.545848 -0.619559 36.002 22.3699 262.593
database/img_01863_c1_1303398633713559us_rect.jpg 0.37401 0.422247 0.545359 -0.620006 37.0729 23.381 261.357
database/img_01864_c1_1303398633780304us_rect.jpg 0.374157 0.422186 0.545283 -0.620025 37.5928 23.4503 260.78
database/img_01865_c1_1303398633846929us_rect.jpg 0.373649 0.422654 0.54504 -0.620227 38.1723 23.3138 260.216
database/img_01866_c1_1303398633980334us_rect.jpg 0.372675 0.423552 0.545388 -0.619894 39.2932 22.6292 259.122
database/img_01867_c1_1303398634047001us_rect.jpg 0.372849 0.423139 0.545751 -0.619752 39.9428 22.6234 258.531
database/img_01868_c1_1303398634113555us_rect.jpg 0.373123 0.42273 0.54598 -0.619664 40.5466 22.6945 257.946
database/img_01869_c1_1303398634180305us_rect.jpg 0.373464 0.422612 0.545769 -0.619726 41.0013 22.8791 257.38
database/img_01870_c1_1303398634313557us_rect.jpg 0.374081 0.422639 0.544713 -0.620264 41.8418 23.4426 256.242
database/img_01871_c1_1303398634380306us_rect.jpg 0.374375 0.422485 0.544334 -0.620524 42.3345 23.7161 255.666
database/img_01872_c1_1303398634446942us_rect.jpg 0.374307 0.422342 0.544357 -0.620642 42.9693 23.7438 255.088
database/img_01873_c1_1303398634580333us_rect.jpg 0.372741 0.423172 0.544795 -0.620635 44.3551 22.9798 253.989
database/img_01874_c1_1303398634646944us_rect.jpg 0.371827 0.423326 0.545085 -0.620824 45.2132 22.6459 253.396
database/img_01875_c1_1303398634713558us_rect.jpg 0.370702 0.423578 0.545473 -0.620984 46.1149 22.2016 252.813
database/img_01876_c1_1303398634846937us_rect.jpg 0.369431 0.423204 0.546847 -0.620788 47.8564 21.5017 251.635
database/img_01877_c1_1303398634913582us_rect.jpg 0.368931 0.422926 0.547254 -0.620916 48.7147 21.341 251.033
database/img_01878_c1_1303398634980310us_rect.jpg 0.368848 0.422181 0.547497 -0.621258 49.5998 21.4997 250.402
database/img_01879_c1_1303398635046940us_rect.jpg 0.368757 0.42115 0.547593 -0.621927 50.616 21.8455 249.731
database/img_01880_c1_1303398635180337us_rect.jpg 0.368063 0.419717 0.54808 -0.622877 52.576 22.0667 248.432
database/img_01881_c1_1303398635246960us_rect.jpg 0.367553 0.419203 0.54855 -0.623111 53.5263 21.9722 247.809
database/img_01882_c1_1303398635313560us_rect.jpg 0.367132 0.418879 0.549096 -0.623095 54.3508 21.7762 247.22
database/img_01883_c1_1303398635446974us_rect.jpg 0.366794 0.417758 0.550251 -0.623028 55.9797 21.6203 246.02
database/img_01884_c1_1303398635513564us_rect.jpg 0.366625 0.41748 0.550457 -0.623131 56.6794 21.6021 245.445
database/img_01885_c1_1303398635580313us_rect.jpg 0.36661 0.416939 0.550726 -0.623265 57.4223 21.6824 244.856
database/img_01886_c1_1303398635713567us_rect.jpg 0.366578 0.415811 0.550869 -0.623911 58.9325 22.041 243.65
database/img_01887_c1_1303398635780320us_rect.jpg 0.366621 0.41575 0.550931 -0.623872 59.4473 22.0334 243.122
database/img_01888_c1_1303398635846948us_rect.jpg 0.366723 0.415624 0.551052 -0.623789 59.959 22.034 242.597
database/img_01889_c1_1303398635913565us_rect.jpg 0.366694 0.415625 0.551347 -0.623544 60.4628 21.8874 242.09
database/img_01890_c1_1303398636046943us_rect.jpg 0.367189 0.416287 0.551646 -0.622546 60.9638 21.5529 241.214
database/img_01891_c1_1303398636113566us_rect.jpg 0.367399 0.416442 0.551955 -0.622044 61.296 21.3784 240.76
database/img_01892_c1_1303398636180317us_rect.jpg 0.367869 0.417171 0.552086 -0.621161 61.2808 21.0971 240.407
database/img_01893_c1_1303398636313593us_rect.jpg 0.368124 0.419396 0.552469 -0.619169 61.2028 20.0793 239.752
database/img_01894_c1_1303398636380317us_rect.jpg 0.36801 0.42052 0.552611 -0.618346 61.2563 19.5538 239.405
database/img_01896_c1_1303398636513567us_rect.jpg 0.367537 0.422543 0.551261 -0.618454 61.5986 19.2597 238.588
database/img_01897_c1_1303398636646948us_rect.jpg 0.36713 0.423176 0.546816 -0.622198 62.5881 20.8472 237.462
database/img_01898_c1_1303398636713569us_rect.jpg 0.367784 0.422671 0.545285 -0.623497 63.0499 21.785 236.895
database/img_01899_c1_1303398636780319us_rect.jpg 0.368468 0.422421 0.545047 -0.62347 63.3465 22.0774 236.431
database/img_01900_c1_1303398636913597us_rect.jpg 0.372025 0.42075 0.547958 -0.619926 63.4141 22.0346 235.72
database/img_01901_c1_1303398636980321us_rect.jpg 0.373956 0.41907 0.549459 -0.618573 63.7212 22.3484 235.265
database/img_01902_c1_1303398637046950us_rect.jpg 0.375225 0.41804 0.550407 -0.617658 64.042 22.5391 234.82
database/img_01903_c1_1303398637113572us_rect.jpg 0.37548 0.417915 0.55074 -0.61729 64.4223 22.4872 234.383
database/img_01904_c1_1303398637246982us_rect.jpg 0.374275 0.419496 0.550035 -0.617578 65.1759 21.9783 233.557
database/img_01906_c1_1303398637380323us_rect.jpg 0.373089 0.420394 0.548963 -0.618638 66.1851 21.8805 232.63
database/img_01907_c1_1303398637513575us_rect.jpg 0.372589 0.420579 0.548928 -0.618845 67.1447 21.7385 231.744
database/img_01908_c1_1303398637646982us_rect.jpg 0.373341 0.420034 0.54975 -0.618031 67.8471 21.7303 230.94
database/img_01910_c1_1303398637780325us_rect.jpg 0.373985 0.41936 0.550003 -0.617875 68.6439 21.994 230.106
database/img_01911_c1_1303398637913581us_rect.jpg 0.374222 0.418928 0.549989 -0.618036 69.492 22.2 229.266
database/img_01913_c1_1303398638046951us_rect.jpg 0.373688 0.418909 0.550002 -0.61836 70.4572 22.1143 228.435
database/img_01914_c1_1303398638113577us_rect.jpg 0.3733 0.41925 0.550102 -0.618276 70.837 21.8812 228.076
database/img_01915_c1_1303398638246969us_rect.jpg 0.373174 0.419263 0.550254 -0.618207 71.5877 21.7912 227.331
database/img_01916_c1_1303398638313577us_rect.jpg 0.373052 0.419175 0.550427 -0.618187 72.011 21.7372 226.956
database/img_01917_c1_1303398638380329us_rect.jpg 0.37276 0.419258 0.550538 -0.618208 72.4291 21.6141 226.593
database/img_01918_c1_1303398638513603us_rect.jpg 0.372771 0.418751 0.550829 -0.618285 73.2741 21.695 225.843
database/img_01919_c1_1303398638580333us_rect.jpg 0.372776 0.41849 0.550958 -0.618344 73.6916 21.7446 225.475
database/img_01921_c1_1303398638780356us_rect.jpg 0.372604 0.418267 0.550867 -0.61868 74.7744 21.8328 224.453
database/img_01922_c1_1303398638846959us_rect.jpg 0.372847 0.418098 0.550852 -0.618661 75.039 21.9408 224.146
database/img_01923_c1_1303398638913581us_rect.jpg 0.373014 0.418071 0.550717 -0.618699 75.277 22.029 223.855
database/img_01924_c1_1303398639046960us_rect.jpg 0.373828 0.417435 0.550745 -0.618612 75.7644 22.3937 223.266
database/img_01926_c1_1303398639180332us_rect.jpg 0.374595 0.41727 0.550481 -0.618493 76.0698 22.6845 222.765
database/img_01928_c1_1303398639380360us_rect.jpg 0.374791 0.418201 0.550256 -0.617946 76.3955 22.4516 222.151
database/img_01929_c1_1303398639446960us_rect.jpg 0.375027 0.418533 0.550092 -0.617725 76.4195 22.4262 221.98
database/img_01931_c1_1303398639646962us_rect.jpg 0.37587 0.418606 0.550125 -0.617133 76.7416 22.5299 221.389
database/img_01932_c1_1303398639713607us_rect.jpg 0.375861 0.419015 0.549998 -0.616974 76.8062 22.4205 221.23
database/img_01935_c1_1303398639980340us_rect.jpg 0.376469 0.419765 0.549427 -0.616602 77.1061 22.4487 220.571
database/img_01936_c1_1303398640046962us_rect.jpg 0.376462 0.419977 0.549122 -0.616734 77.2237 22.4803 220.399
database/img_01938_c1_1303398640246989us_rect.jpg 0.376047 0.4213 0.548316 -0.616802 77.4329 22.205 219.988
database/img_01941_c1_1303398640513591us_rect.jpg 0.37665 0.421217 0.54718 -0.617499 77.9137 22.7508 219.329
database/img_01944_c1_1303398640780364us_rect.jpg 0.376046 0.422194 0.547163 -0.617215 78.3547 22.2854 218.821
database/img_01946_c1_1303398640913592us_rect.jpg 0.375709 0.42247 0.54699 -0.617385 78.6514 22.1863 218.542
database/img_01949_c1_1303398641180343us_rect.jpg 0.376242 0.421916 0.546722 -0.617676 79.1567 22.5764 217.992
database/img_01953_c1_1303398641580371us_rect.jpg 0.374895 0.422999 0.546412 -0.618029 79.8919 22.042 217.359
database/img_01957_c1_1303398641913596us_rect.jpg 0.375554 0.422258 0.546065 -0.618442 80.3651 22.5544 216.851
database/img_01963_c1_1303398642447002us_rect.jpg 0.374891 0.423211 0.545635 -0.618572 80.8015 22.2278 216.37
database/img_01971_c1_1303398643113604us_rect.jpg 0.37417 0.423187 0.546148 -0.618573 81.5012 21.9217 215.849
database/img_02317_c1_1303398673980522us_rect.jpg 0.373913 0.423168 0.542409 -0.622021 82.2147 23.1722 215.127
database/img_02326_c1_1303398674780530us_rect.jpg 0.373471 0.423657 0.541013 -0.623168 82.7457 23.3777 214.57
database/img_02331_c1_1303398675180525us_rect.jpg 0.372187 0.425075 0.540524 -0.623396 83.1404 22.7729 214.197
database/img_02334_c1_1303398675513777us_rect.jpg 0.372339 0.424781 0.540302 -0.623697 83.675 22.9704 213.662
database/img_02337_c1_1303398675780529us_rect.jpg 0.37267 0.424487 0.540421 -0.623597 84.1096 23.0814 213.187
database/img_02340_c1_1303398676047155us_rect.jpg 0.372953 0.424409 0.540521 -0.623394 84.5366 23.1077 212.688
database/img_02342_c1_1303398676247182us_rect.jpg 0.372482 0.424781 0.541002 -0.623004 84.9701 22.7093 212.29
database/img_02345_c1_1303398676513786us_rect.jpg 0.372368 0.424851 0.541494 -0.622597 85.5613 22.4803 211.701
database/img_02347_c1_1303398676781448us_rect.jpg 0.373398 0.42442 0.540897 -0.622794 85.9936 23.0081 211.076
database/img_02348_c1_1303398676847181us_rect.jpg 0.373274 0.424459 0.54076 -0.622961 86.1933 23.0118 210.892
database/img_02350_c1_1303398677047264us_rect.jpg 0.372238 0.425466 0.540675 -0.622967 86.7152 22.4599 210.413
database/img_02353_c1_1303398677247162us_rect.jpg 0.372531 0.42517 0.540795 -0.62289 87.2528 22.5654 209.845
database/img_02354_c1_1303398677380543us_rect.jpg 0.373374 0.424508 0.540943 -0.622708 87.5557 22.9078 209.456
database/img_02357_c1_1303398677647188us_rect.jpg 0.372078 0.425395 0.541634 -0.622279 88.4625 22.0921 208.679
database/img_02358_c1_1303398677713788us_rect.jpg 0.371612 0.425831 0.541671 -0.622226 88.6707 21.8265 208.494
database/img_02360_c1_1303398677913790us_rect.jpg 0.371544 0.425182 0.541861 -0.622545 89.5452 21.9651 207.73
database/img_02362_c1_1303398678113796us_rect.jpg 0.370608 0.424205 0.542901 -0.622863 90.8415 21.7863 206.798
database/img_02363_c1_1303398678180542us_rect.jpg 0.369388 0.424694 0.543273 -0.62293 91.3063 21.2471 206.52
database/img_02365_c1_1303398678380548us_rect.jpg 0.365453 0.425524 0.543312 -0.624649 93.061 20.1275 205.453
database/img_02366_c1_1303398678447167us_rect.jpg 0.364896 0.424605 0.544519 -0.624548 93.7728 19.9611 205.015
database/img_02368_c1_1303398678647288us_rect.jpg 0.364014 0.420303 0.549364 -0.623729 96.1479 19.8102 203.538
database/img_02370_c1_1303398678780546us_rect.jpg 0.362779 0.418094 0.551884 -0.623709 97.742 19.574 202.547
database/img_02371_c1_1303398678913818us_rect.jpg 0.359389 0.416827 0.553455 -0.625125 99.7826 18.8462 201.356
database/img_02373_c1_1303398679047172us_rect.jpg 0.354528 0.414898 0.554833 -0.627956 102.555 18.0835 199.763
database/img_02374_c1_1303398679180573us_rect.jpg 0.350507 0.410823 0.55726 -0.630738 105.732 17.9304 197.862
database/img_02376_c1_1303398679313797us_rect.jpg 0.347013 0.404767 0.561808 -0.632548 109.311 17.9828 195.659
database/img_02377_c1_1303398679447201us_rect.jpg 0.341169 0.399297 0.568008 -0.633666 113.367 16.8505 193.195
database/img_02379_c1_1303398679580548us_rect.jpg 0.331241 0.394931 0.573931 -0.636327 118.313 14.4875 190.152
database/img_02381_c1_1303398679780577us_rect.jpg 0.315379 0.381261 0.580912 -0.646311 128.09 13.6089 183.443
database/img_02382_c1_1303398679847175us_rect.jpg 0.309342 0.37531 0.58305 -0.650771 131.895 13.6133 180.625
database/img_02384_c1_1303398680047191us_rect.jpg 0.287723 0.358008 0.592715 -0.661615 143.598 11.5981 171.353
database/img_02386_c1_1303398680180552us_rect.jpg 0.274548 0.342768 0.601441 -0.667385 151.592 11.215 164.22
database/img_02387_c1_1303398680313828us_rect.jpg 0.260044 0.326561 0.611104 -0.672522 159.725 10.5801 156.273
database/img_02389_c1_1303398680447179us_rect.jpg 0.243204 0.310595 0.619501 -0.678676 167.895 9.44543 147.497
database/img_02390_c1_1303398680580562us_rect.jpg 0.22522 0.294757 0.626084 -0.685866 175.782 8.20413 138.088
database/img_02392_c1_1303398680713805us_rect.jpg 0.205742 0.278668 0.632216 -0.69305 183.444 6.57866 127.915
database/img_02393_c1_1303398680847193us_rect.jpg 0.187683 0.260899 0.635258 -0.702249 190.586 6.24988 117.234
database/img_02394_c1_1303398680913810us_rect.jpg 0.180013 0.249561 0.635976 -0.707707 194.126 7.32711 111.361
database/img_02396_c1_1303398681047181us_rect.jpg 0.162279 0.229265 0.637509 -0.717416 200.643 7.81883 99.5051
database/img_02397_c1_1303398681180557us_rect.jpg 0.141041 0.215634 0.641549 -0.722513 205.975 4.71978 88.7029
database/img_02399_c1_1303398681380564us_rect.jpg 0.11681 0.184203 0.647736 -0.729975 213.248 5.85794 70.712
database/img_02401_c1_1303398681513809us_rect.jpg 0.097615 0.164491 0.651907 -0.733779 217.402 5.20621 58.051
database/img_02403_c1_1303398681713810us_rect.jpg 0.064658 0.140795 0.658279 -0.736658 222.155 1.07746 39.5509
database/img_02405_c1_1303398681847186us_rect.jpg 0.045017 0.121218 0.661752 -0.738488 224.546 0.33913 26.4781
database/img_02406_c1_1303398681980586us_rect.jpg 0.028219 0.10051 0.663388 -0.740957 226.177 0.922867 13.7742
database/img_02408_c1_1303398682113812us_rect.jpg 0.011977 0.079202 0.66459 -0.742902 227.122 1.87887 0.974176
database/img_02409_c1_1303398682180563us_rect.jpg 0.003946 0.068683 0.664998 -0.74367 227.341 2.3493 -5.3506
database/img_02410_c1_1303398682313815us_rect.jpg 0.010534 -0.048365 -0.66648 0.743878 227.335 3.67431 -17.2361
database/img_02412_c1_1303398682447193us_rect.jpg 0.026474 -0.029768 -0.668672 0.74249 226.768 4.1093 -28.9251
database/img_02413_c1_1303398682580569us_rect.jpg 0.041753 -0.012665 -0.669879 0.741187 225.766 4.32218 -39.8853
database/img_02414_c1_1303398682647192us_rect.jpg 0.049153 -0.00416 -0.669635 0.741051 225.091 4.43909 -45.2813
database/img_02415_c1_1303398682780588us_rect.jpg 0.064375 0.01354 -0.668501 0.740796 223.28 4.69604 -56.409
database/img_02416_c1_1303398682847199us_rect.jpg 0.072203 0.021697 -0.668654 0.739742 222.233 4.64368 -61.7517
database/img_02418_c1_1303398683047207us_rect.jpg 0.094056 0.046074 -0.668696 0.736123 218.56 5.08765 -77.1396
database/img_02420_c1_1303398683180568us_rect.jpg 0.108928 0.062101 -0.667565 0.733917 215.546 5.14708 -87.3133
database/img_02422_c1_1303398683380572us_rect.jpg 0.130879 0.086105 -0.663976 0.731158 210.22 5.14054 -102.297
database/img_02424_c1_1303398683513821us_rect.jpg 0.144572 0.102237 -0.660731 0.729439 206.229 5.37571 -111.912
database/img_02425_c1_1303398683580571us_rect.jpg 0.151259 0.109597 -0.65935 0.728263 204.229 5.3814 -116.403
database/img_02426_c1_1303398683713825us_rect.jpg 0.164788 0.123853 -0.65597 0.726092 200.013 5.10556 -125.208
database/img_02427_c1_1303398683780572us_rect.jpg 0.171413 0.130516 -0.654382 0.724822 197.89 4.90314 -129.373
database/img_02429_c1_1303398683980577us_rect.jpg 0.188616 0.150063 -0.649855 0.720828 191.626 5.08338 -140.844
database/img_02430_c1_1303398684047223us_rect.jpg 0.193716 0.156254 -0.647727 0.720075 189.582 5.09273 -144.369
database/img_02432_c1_1303398684180575us_rect.jpg 0.203276 0.165466 -0.644913 0.717905 186.212 4.63397 -150.238
database/img_02433_c1_1303398684313851us_rect.jpg 0.210495 0.172666 -0.641811 0.716908 183.642 4.12119 -154.896
database/img_02434_c1_1303398684380598us_rect.jpg 0.212955 0.176513 -0.640247 0.716643 182.504 4.27162 -156.988
database/img_02435_c1_1303398684447200us_rect.jpg 0.215149 0.180016 -0.63937 0.715899 181.501 4.56806 -158.886
database/img_02436_c1_1303398684513826us_rect.jpg 0.216835 0.183403 -0.639002 0.714858 180.636 5.11524 -160.61
database/img_02438_c1_1303398684713852us_rect.jpg 0.220425 0.191303 -0.638131 0.712464 178.878 6.49772 -164.782
database/img_02439_c1_1303398684780577us_rect.jpg 0.220898 0.19253 -0.63811 0.712005 178.808 6.7664 -165.597
database/img_02440_c1_1303398684847202us_rect.jpg 0.220941 0.193469 -0.637679 0.712124 178.903 6.93651 -166.248
database/img_02442_c1_1303398685047204us_rect.jpg 0.220697 0.194143 -0.635131 0.71429 179.811 6.4653 -167.566
database/img_02443_c1_1303398685113828us_rect.jpg 0.2206 0.193618 -0.634767 0.714786 180.33 6.1999 -167.785
database/img_02445_c1_1303398685247204us_rect.jpg 0.22081 0.192448 -0.634543 0.715236 181.32 5.64861 -168.283
database/img_02446_c1_1303398685380585us_rect.jpg 0.220061 0.191886 -0.635521 0.714749 182.402 5.92823 -168.677
database/img_02447_c1_1303398685447205us_rect.jpg 0.21963 0.191769 -0.635799 0.714666 182.909 6.08112 -168.919
database/img_02448_c1_1303398685513830us_rect.jpg 0.219164 0.191679 -0.635891 0.714751 183.416 6.19768 -169.164
database/img_02449_c1_1303398685647211us_rect.jpg 0.218114 0.190804 -0.635678 0.715495 184.648 6.11679 -169.438
database/img_02450_c1_1303398685713832us_rect.jpg 0.217817 0.190343 -0.635236 0.716101 185.215 5.90049 -169.647
database/img_02451_c1_1303398685780582us_rect.jpg 0.21725 0.190102 -0.634995 0.716551 185.79 5.89559 -169.837
database/img_02452_c1_1303398685913835us_rect.jpg 0.216186 0.189643 -0.635284 0.716739 186.935 6.10181 -170.231
database/img_02454_c1_1303398686113837us_rect.jpg 0.215664 0.188288 -0.636908 0.715811 188.636 6.22598 -170.872
database/img_02455_c1_1303398686180584us_rect.jpg 0.215783 0.187642 -0.637775 0.715172 189.196 6.20849 -171.101
database/img_02456_c1_1303398686247209us_rect.jpg 0.215865 0.187443 -0.638176 0.714842 189.634 6.21838 -171.464
database/img_02457_c1_1303398686313835us_rect.jpg 0.216082 0.187425 -0.638163 0.714792 189.99 6.13126 -171.93
database/img_02458_c1_1303398686447213us_rect.jpg 0.216148 0.18782 -0.637987 0.714826 190.675 6.17649 -172.907
database/img_02460_c1_1303398686580586us_rect.jpg 0.215791 0.18779 -0.638 0.71493 191.588 6.25215 -173.647
database/img_02461_c1_1303398686713864us_rect.jpg 0.215514 0.188254 -0.636754 0.716002 192.33 6.1025 -174.606
database/img_02462_c1_1303398686780611us_rect.jpg 0.215505 0.188462 -0.636142 0.716494 192.678 5.98016 -175.119
database/img_02463_c1_1303398686847213us_rect.jpg 0.215391 0.188732 -0.63589 0.71668 193.04 6.02007 -175.608
database/img_02464_c1_1303398686913839us_rect.jpg 0.215296 0.18923 -0.635674 0.716769 193.337 6.14852 -176.166
database/img_02465_c1_1303398687047239us_rect.jpg 0.215272 0.189697 -0.63533 0.716958 194.048 6.19269 -177.186
database/img_02466_c1_1303398687113839us_rect.jpg 0.215455 0.189687 -0.635115 0.717096 194.427 6.05557 -177.678
database/img_02467_c1_1303398687180589us_rect.jpg 0.215659 0.189504 -0.634733 0.717421 194.849 5.79737 -178.135
database/img_02468_c1_1303398687247215us_rect.jpg 0.216026 0.189023 -0.634564 0.717587 195.32 5.44169 -178.54
database/img_02469_c1_1303398687380617us_rect.jpg 0.21603 0.189113 -0.634468 0.717648 196.159 5.4134 -179.462
database/img_02470_c1_1303398687447217us_rect.jpg 0.21602 0.189285 -0.634438 0.717632 196.55 5.46663 -179.96
database/img_02471_c1_1303398687513841us_rect.jpg 0.216206 0.188984 -0.634532 0.717572 197.024 5.31252 -180.373
database/img_02472_c1_1303398687580591us_rect.jpg 0.216574 0.188287 -0.634778 0.717427 197.575 5.0098 -180.709
database/img_02473_c1_1303398687713847us_rect.jpg 0.217126 0.186406 -0.635392 0.717207 198.874 4.30794 -181.184
database/img_02474_c1_1303398687780594us_rect.jpg 0.21712 0.186108 -0.635597 0.717104 199.404 4.2491 -181.549
database/img_02475_c1_1303398687847218us_rect.jpg 0.216592 0.186543 -0.635588 0.717159 199.857 4.56252 -181.994
database/img_02476_c1_1303398687913844us_rect.jpg 0.216105 0.186961 -0.635722 0.717079 200.31 4.90207 -182.448
database/img_02477_c1_1303398688047245us_rect.jpg 0.214694 0.18776 -0.636645 0.716474 201.344 5.91196 -183.208
database/img_02478_c1_1303398688113867us_rect.jpg 0.213873 0.187511 -0.637357 0.716153 202.09 6.28862 -183.348
database/img_02479_c1_1303398688180595us_rect.jpg 0.213552 0.186579 -0.638115 0.715816 202.906 6.26943 -183.413
database/img_02480_c1_1303398688247219us_rect.jpg 0.213158 0.186163 -0.638793 0.715437 203.595 6.43898 -183.628
database/img_02481_c1_1303398688380600us_rect.jpg 0.214238 0.184795 -0.639387 0.714939 204.65 5.73726 -184.452
database/img_02482_c1_1303398688447244us_rect.jpg 0.215139 0.18375 -0.640041 0.714351 205.2 5.24423 -184.844
database/img_02483_c1_1303398688580601us_rect.jpg 0.215739 0.182644 -0.641334 0.713295 206.327 5.01192 -185.602
database/img_02484_c1_1303398688647232us_rect.jpg 0.215497 0.182588 -0.641423 0.713302 206.872 5.0798 -185.997
database/img_02485_c1_1303398688713847us_rect.jpg 0.214793 0.182519 -0.640976 0.713933 207.529 5.1181 -186.274
database/img_02486_c1_1303398688847474us_rect.jpg 0.213505 0.181864 -0.639697 0.715632 208.965 4.83663 -186.704
database/img_02487_c1_1303398688913858us_rect.jpg 0.212804 0.182284 -0.638684 0.716637 209.476 4.88169 -187.149
database/img_02488_c1_1303398688980599us_rect.jpg 0.212174 0.182652 -0.638048 0.717297 209.993 5.00756 -187.599
database/img_02489_c1_1303398689047225us_rect.jpg 0.211663 0.182905 -0.638183 0.717263 210.528 5.30084 -188.026
database/img_02490_c1_1303398689180602us_rect.jpg 0.211146 0.182181 -0.639121 0.716765 211.851 5.46627 -188.611
database/img_02491_c1_1303398689247241us_rect.jpg 0.210655 0.182068 -0.639248 0.716825 212.493 5.61097 -188.927
database/img_02492_c1_1303398689313851us_rect.jpg 0.210159 0.181931 -0.638936 0.717283 213.134 5.60333 -189.248
database/img_02493_c1_1303398689380602us_rect.jpg 0.209973 0.181502 -0.638575 0.717768 213.782 5.36239 -189.568
database/img_02494_c1_1303398689514225us_rect.jpg 0.209289 0.180981 -0.638659 0.718024 215.087 5.38606 -190.194
database/img_02495_c1_1303398689580603us_rect.jpg 0.208783 0.181244 -0.639023 0.717781 215.634 5.76462 -190.626
database/img_02496_c1_1303398689647228us_rect.jpg 0.208429 0.181361 -0.639512 0.717419 216.192 6.07851 -191.051
database/img_02497_c1_1303398689713853us_rect.jpg 0.208497 0.180903 -0.639898 0.71717 216.811 5.98734 -191.423
database/img_02498_c1_1303398689780604us_rect.jpg 0.208738 0.180249 -0.640205 0.716992 217.443 5.73102 -191.782
database/img_02499_c1_1303398689913880us_rect.jpg 0.208507 0.180099 -0.640486 0.716845 218.546 5.81519 -192.682
database/img_02500_c1_1303398689980609us_rect.jpg 0.208175 0.180239 -0.640271 0.717098 219.087 5.89725 -193.153
database/img_02501_c1_1303398690047230us_rect.jpg 0.207651 0.180308 -0.640064 0.717418 219.705 6.01731 -193.541
database/img_02502_c1_1303398690113855us_rect.jpg 0.207479 0.180182 -0.639832 0.717706 220.286 5.93004 -193.971
database/img_02503_c1_1303398690247238us_rect.jpg 0.207158 0.180041 -0.639241 0.71836 221.413 5.75288 -194.881
database/img_02504_c1_1303398690313859us_rect.jpg 0.207224 0.180138 -0.638916 0.718606 221.864 5.63906 -195.475
database/img_02505_c1_1303398690380608us_rect.jpg 0.207374 0.179996 -0.639133 0.718405 222.381 5.58753 -195.991
database/img_02506_c1_1303398690447231us_rect.jpg 0.207513 0.18013 -0.63983 0.717711 222.826 5.81695 -196.581
database/img_02507_c1_1303398690580632us_rect.jpg 0.208686 0.179857 -0.641081 0.716322 223.65 5.70087 -197.87
database/img_02508_c1_1303398690647233us_rect.jpg 0.209349 0.179972 -0.640927 0.716237 223.948 5.44611 -198.654
database/img_02509_c1_1303398690780633us_rect.jpg 0.21024 0.181156 -0.640808 0.715784 224.375 5.5504 -200.425
database/img_02510_c1_1303398690847248us_rect.jpg 0.210392 0.181588 -0.640841 0.715601 224.724 5.66825 -201.167
database/img_02511_c1_1303398690913860us_rect.jpg 0.210791 0.181713 -0.640676 0.715599 225.096 5.50781 -201.876
database/img_02512_c1_1303398690980609us_rect.jpg 0.211554 0.181685 -0.639917 0.71606 225.407 4.94626 -202.668
database/img_02513_c1_1303398691113864us_rect.jpg 0.213049 0.182302 -0.637471 0.71764 225.799 3.7688 -204.523
database/img_02514_c1_1303398691180611us_rect.jpg 0.21298 0.183415 -0.637008 0.717788 225.983 4.07568 -205.452
database/img_02515_c1_1303398691247236us_rect.jpg 0.212523 0.184555 -0.637154 0.717502 226.279 4.74891 -206.254
database/img_02516_c1_1303398691380614us_rect.jpg 0.211905 0.186479 -0.637444 0.716929 226.91 5.85792 -207.809
database/img_02517_c1_1303398691447256us_rect.jpg 0.211915 0.187054 -0.637169 0.71702 227.247 5.98212 -208.576
database/img_02518_c1_1303398691513863us_rect.jpg 0.212645 0.187108 -0.636679 0.717225 227.544 5.54884 -209.396
database/img_02519_c1_1303398691580613us_rect.jpg 0.213343 0.187308 -0.636008 0.717561 227.8 5.12276 -210.267
database/img_02520_c1_1303398691713868us_rect.jpg 0.214356 0.187445 -0.635893 0.717326 228.535 4.74525 -211.747
database/img_02521_c1_1303398691780615us_rect.jpg 0.213984 0.187999 -0.636795 0.716491 229.022 5.4338 -212.355
database/img_02522_c1_1303398691847240us_rect.jpg 0.213781 0.188361 -0.637752 0.715605 229.523 6.00197 -212.947
database/img_02523_c1_1303398691913865us_rect.jpg 0.213955 0.188549 -0.63822 0.715086 229.963 6.18321 -213.598
database/img_02524_c1_1303398692047246us_rect.jpg 0.21456 0.188588 -0.63816 0.714948 230.868 5.92408 -214.946
database/img_02525_c1_1303398692113890us_rect.jpg 0.214547 0.188796 -0.638053 0.714993 231.349 5.96129 -215.587
database/img_02526_c1_1303398692180617us_rect.jpg 0.214855 0.188627 -0.637881 0.715098 231.855 5.69141 -216.19
database/img_02527_c1_1303398692247242us_rect.jpg 0.215156 0.188088 -0.637826 0.715199 232.504 5.31172 -216.664
database/img_02528_c1_1303398692380621us_rect.jpg 0.216023 0.187169 -0.637314 0.715634 233.651 4.36304 -217.781
database/img_02529_c1_1303398692447257us_rect.jpg 0.215892 0.187341 -0.637054 0.715861 234.179 4.36674 -218.38
database/img_02530_c1_1303398692513869us_rect.jpg 0.215564 0.1876 -0.637306 0.715667 234.749 4.6827 -218.926
database/img_02531_c1_1303398692580619us_rect.jpg 0.214949 0.188019 -0.637979 0.715142 235.365 5.33921 -219.424
database/img_02532_c1_1303398692713872us_rect.jpg 0.21497 0.187807 -0.638421 0.714798 236.56 5.37521 -220.498
database/img_02533_c1_1303398692780643us_rect.jpg 0.21519 0.187385 -0.638114 0.715116 237.189 4.96742 -221.006
database/img_02534_c1_1303398692847245us_rect.jpg 0.215419 0.18702 -0.637651 0.715555 237.792 4.52285 -221.542
database/img_02535_c1_1303398692913870us_rect.jpg 0.215319 0.186682 -0.637219 0.716058 238.487 4.22357 -221.979
database/img_02536_c1_1303398693047252us_rect.jpg 0.21423 0.187723 -0.63573 0.717435 239.551 4.48948 -223.209
database/img_02537_c1_1303398693113872us_rect.jpg 0.213755 0.187971 -0.635009 0.71815 240.161 4.47995 -223.751
database/img_02538_c1_1303398693180621us_rect.jpg 0.213607 0.18778 -0.634509 0.718685 240.828 4.2405 -224.226
database/img_02539_c1_1303398693247248us_rect.jpg 0.213445 0.187583 -0.63417 0.719084 241.506 4.06053 -224.698
database/img_02540_c1_1303398693380628us_rect.jpg 0.211977 0.18857 -0.634105 0.719318 242.747 5.00799 -225.746
database/img_02541_c1_1303398693447250us_rect.jpg 0.210996 0.189124 -0.634523 0.719092 243.435 5.7895 -226.192
database/img_02542_c1_1303398693513874us_rect.jpg 0.210431 0.189264 -0.634935 0.718857 244.142 6.22022 -226.627
database/img_02543_c1_1303398693647255us_rect.jpg 0.210421 0.188472 -0.635763 0.718336 245.578 6.15695 -227.474
database/img_02544_c1_1303398693713880us_rect.jpg 0.210691 0.187868 -0.636018 0.718189 246.291 5.85989 -227.925
database/img_02545_c1_1303398693780625us_rect.jpg 0.2108 0.187246 -0.636437 0.717949 247.068 5.67918 -228.307
database/img_02546_c1_1303398693847252us_rect.jpg 0.210789 0.187166 -0.636952 0.717516 247.678 5.83747 -228.859
database/img_02547_c1_1303398693980631us_rect.jpg 0.21057 0.187008 -0.637782 0.716884 248.973 6.15283 -229.882
database/img_02548_c1_1303398694047253us_rect.jpg 0.210328 0.187049 -0.637912 0.716829 249.617 6.30055 -230.411
database/img_02549_c1_1303398694113877us_rect.jpg 0.21044 0.186585 -0.637935 0.716896 250.33 6.03388 -230.868
database/img_02550_c1_1303398694247275us_rect.jpg 0.210225 0.186289 -0.637428 0.717487 251.65 5.73975 -231.887
database/img_02551_c1_1303398694313902us_rect.jpg 0.209734 0.186531 -0.637129 0.717833 252.292 5.90934 -232.412
database/img_02552_c1_1303398694380627us_rect.jpg 0.209838 0.186478 -0.636888 0.71803 252.851 5.7269 -233.036
database/img_02553_c1_1303398694447254us_rect.jpg 0.209939 0.186334 -0.63691 0.718019 253.451 5.61357 -233.606
database/img_02554_c1_1303398694580632us_rect.jpg 0.209895 0.186583 -0.638629 0.716438 254.583 6.42967 -234.825
database/img_02555_c1_1303398694647255us_rect.jpg 0.21027 0.186528 -0.639863 0.715241 255.097 6.74906 -235.493
database/img_02556_c1_1303398694713881us_rect.jpg 0.211309 0.186169 -0.640892 0.714106 255.506 6.57695 -236.284
database/img_02557_c1_1303398694847276us_rect.jpg 0.215079 0.184479 -0.640774 0.713524 256.059 4.17851 -238.173
database/img_02558_c1_1303398694913882us_rect.jpg 0.216689 0.183714 -0.640319 0.713643 256.381 2.96102 -239.067
database/img_02559_c1_1303398694980631us_rect.jpg 0.217206 0.183594 -0.63982 0.713964 256.827 2.46732 -239.823
database/img_02560_c1_1303398695047258us_rect.jpg 0.216995 0.184188 -0.639198 0.714432 257.246 2.56302 -240.595
