database/img_03359_c0_1303398766647625us_rect.jpg 0.473721 0.430373 -0.526829 0.559302 -289.842 -19.0395 -893.535
database/img_03360_c0_1303398766714223us_rect.jpg 0.473514 0.43019 -0.527322 0.559154 -289.585 -18.2458 -894.199
database/img_03361_c0_1303398766780974us_rect.jpg 0.47316 0.430153 -0.527676 0.559147 -289.326 -17.6516 -894.849
database/img_03362_c0_1303398766914262us_rect.jpg 0.472873 0.429692 -0.528283 0.559173 -288.86 -17.0372 -896.091
database/img_03363_c0_1303398766980976us_rect.jpg 0.473046 0.429232 -0.528886 0.558808 -288.746 -16.1583 -896.67
database/img_03364_c0_1303398767047601us_rect.jpg 0.473321 0.428691 -0.529425 0.558481 -288.666 -15.4943 -897.221
database/img_03365_c0_1303398767180978us_rect.jpg 0.473858 0.427515 -0.530158 0.558231 -288.35 -15.139 -898.326
database/img_03367_c0_1303398767314229us_rect.jpg 0.473603 0.427382 -0.530307 0.558408 -288.408 -15.1145 -899.255
database/img_03368_c0_1303398767447604us_rect.jpg 0.472533 0.427817 -0.530012 0.559261 -288.053 -15.8057 -900.266
database/img_03370_c0_1303398767580980us_rect.jpg 0.471984 0.427823 -0.530302 0.559445 -287.787 -15.4088 -901.229
database/img_03371_c0_1303398767647605us_rect.jpg 0.471627 0.427783 -0.530325 0.559755 -287.447 -15.6161 -901.752
database/img_03372_c0_1303398767780981us_rect.jpg 0.471135 0.427805 -0.530936 0.559573 -287.224 -14.3807 -902.653
database/img_03374_c0_1303398767914231us_rect.jpg 0.471376 0.427313 -0.531301 0.559399 -287.372 -14.0762 -903.379
database/img_03375_c0_1303398768047608us_rect.jpg 0.47138 0.426558 -0.531169 0.560098 -286.72 -15.5088 -904.283
database/img_03376_c0_1303398768114258us_rect.jpg 0.471323 0.426392 -0.531491 0.559965 -286.59 -15.0002 -904.675
database/img_03378_c0_1303398768247607us_rect.jpg 0.471247 0.426402 -0.531742 0.559783 -286.949 -14.4136 -905.235
database/img_03379_c0_1303398768380984us_rect.jpg 0.470591 0.426599 -0.531652 0.560271 -286.654 -14.7194 -905.947
database/img_03381_c0_1303398768514235us_rect.jpg 0.470243 0.426628 -0.531885 0.56032 -286.539 -14.3057 -906.572
database/img_03382_c0_1303398768647637us_rect.jpg 0.470335 0.426526 -0.531846 0.560358 -286.931 -14.4943 -906.992
database/img_03385_c0_1303398768847611us_rect.jpg 0.470667 0.426055 -0.529804 0.562368 -287.468 -19.962 -907.452
database/img_03386_c0_1303398768980989us_rect.jpg 0.470356 0.426594 -0.525884 0.565888 -288.512 -28.8408 -907.341
database/img_03388_c0_1303398769182052us_rect.jpg 0.472483 0.428639 -0.521822 0.56633 -296.159 -34.4028 -905.362
database/img_03390_c0_1303398769314236us_rect.jpg 0.476803 0.430251 -0.519838 0.563303 -306.416 -34.2276 -902.384
database/img_03392_c0_1303398769514247us_rect.jpg 0.485895 0.436655 -0.511894 0.557856 -332.964 -38.1022 -893.431
database/img_03395_c0_1303398769780995us_rect.jpg 0.503534 0.452609 -0.494986 0.544599 -390.053 -42.1609 -870.73
database/img_03396_c0_1303398769847617us_rect.jpg 0.508251 0.458315 -0.489968 0.539964 -407.648 -41.8016 -862.882
database/img_03398_c0_1303398770047620us_rect.jpg 0.525054 0.476069 -0.472421 0.523923 -466.051 -41.8765 -833.497
database/img_03401_c0_1303398770247619us_rect.jpg 0.547182 0.495231 -0.45044 0.502437 -535.575 -41.5021 -791.402
database/img_03402_c0_1303398770381021us_rect.jpg 0.562575 0.509625 -0.433877 0.485327 -585.196 -39.3616 -756.114
database/img_03405_c0_1303398770647645us_rect.jpg 0.592455 0.542421 -0.392935 0.447636 -687.328 -39.0192 -665.951
database/img_03406_c0_1303398770714244us_rect.jpg 0.599544 0.550868 -0.381857 0.437351 -711.932 -38.7943 -639.935
database/img_03408_c0_1303398770914248us_rect.jpg 0.618167 0.577959 -0.347942 0.403446 -781.751 -34.7415 -553.967
database/img_03410_c0_1303398771047622us_rect.jpg 0.629009 0.596703 -0.324934 0.377772 -824.337 -28.8609 -489.656
database/img_03411_c0_1303398771180999us_rect.jpg 0.639655 0.613073 -0.302153 0.351691 -860.917 -22.8209 -423.502
database/img_03413_c0_1303398771314249us_rect.jpg 0.649394 0.628154 -0.279305 0.325113 -891.892 -16.6917 -355.298
database/img_03415_c0_1303398771514271us_rect.jpg 0.661495 0.648804 -0.244767 0.285598 -927.397 -9.38967 -251.472
database/img_03417_c0_1303398771647623us_rect.jpg 0.668273 0.659341 -0.222995 0.262591 -942.772 -7.67568 -188.26
database/img_03418_c0_1303398771781026us_rect.jpg 0.672922 0.669611 -0.200393 0.242155 -953.354 -11.3143 -127.393
database/img_03420_c0_1303398771914251us_rect.jpg 0.676115 0.678832 -0.179367 0.223343 -959.609 -15.5554 -71.1862
database/img_03421_c0_1303398772114255us_rect.jpg 0.692336 0.674435 -0.155269 0.204203 -962.905 -14.9693 -11.2757
database/img_03422_c0_1303398772247666us_rect.jpg 0.699313 0.672454 -0.136484 0.200345 -962.843 -30.8527 20.0794
database/img_03424_c0_1303398772447633us_rect.jpg 0.701129 0.675453 -0.117066 0.196153 -961.475 -50.3227 52.7564
database/img_03425_c0_1303398772514278us_rect.jpg 0.701493 0.676058 -0.117243 0.192634 -961.709 -45.4143 57.0894
database/img_03427_c0_1303398772647632us_rect.jpg 0.703535 0.674703 -0.123421 0.185961 -962.882 -27.2358 56.9119
database/img_03428_c0_1303398772781254us_rect.jpg 0.704857 0.672918 -0.127489 0.184674 -963.81 -19.1599 52.3002
database/img_03429_c0_1303398772847634us_rect.jpg 0.705901 0.671126 -0.129007 0.186145 -964.293 -18.1903 47.7705
database/img_03431_c0_1303398772981008us_rect.jpg 0.708538 0.666508 -0.132154 0.19046 -965.256 -17.4861 36.5762
database/img_03432_c0_1303398773114282us_rect.jpg 0.710298 0.662472 -0.136961 0.194547 -966.174 -15.0034 23.3292
database/img_03434_c0_1303398773247634us_rect.jpg 0.711438 0.659224 -0.14453 0.195933 -966.979 -5.85904 9.79354
database/img_03436_c0_1303398773447634us_rect.jpg 0.712294 0.655103 -0.155568 0.198179 -967.68 6.62067 -10.3157
database/img_03437_c0_1303398773514262us_rect.jpg 0.712448 0.65401 -0.158483 0.198929 -967.814 9.66545 -15.9001
database/img_03438_c0_1303398773647634us_rect.jpg 0.713759 0.650675 -0.16261 0.201811 -968.009 12.3248 -26.6501
database/img_03440_c0_1303398773847640us_rect.jpg 0.716012 0.646958 -0.16471 0.204066 -968.441 13.6507 -33.913
database/img_03441_c0_1303398773914262us_rect.jpg 0.716891 0.646139 -0.164841 0.203466 -968.649 15.1865 -33.6295
database/img_03442_c0_1303398774047638us_rect.jpg 0.719278 0.64424 -0.165147 0.2008 -969.066 20.6701 -31.2073
database/img_03444_c0_1303398774181014us_rect.jpg 0.721215 0.643233 -0.163833 0.198139 -969.561 23.7189 -26.3072
database/img_03445_c0_1303398774314292us_rect.jpg 0.721819 0.644341 -0.160025 0.195434 -970.187 22.6339 -17.3722
database/img_03447_c0_1303398774447640us_rect.jpg 0.722338 0.645601 -0.155615 0.192901 -970.739 20.4745 -7.75159
database/img_03449_c0_1303398774647665us_rect.jpg 0.725498 0.644898 -0.146061 0.190853 -971.403 12.7529 8.24069
database/img_03451_c0_1303398774848755us_rect.jpg 0.731193 0.643457 -0.135154 0.181809 -971.294 14.5822 35.3716
database/img_03453_c0_1303398774981019us_rect.jpg 0.734231 0.643482 -0.127344 0.174983 -970.673 15.8008 55.3915
database/img_03455_c0_1303398775181046us_rect.jpg 0.734668 0.647333 -0.112485 0.169024 -969.128 4.81713 84.9045
database/img_03456_c0_1303398775247645us_rect.jpg 0.734846 0.648634 -0.106983 0.166822 -968.281 0.788261 95.7889
database/img_03458_c0_1303398775447674us_rect.jpg 0.738407 0.649082 -0.095184 0.156165 -965.27 2.79957 126.258
database/img_03460_c0_1303398775581022us_rect.jpg 0.740954 0.648831 -0.089085 0.148559 -963.021 7.36372 144.466
database/img_03461_c0_1303398775714274us_rect.jpg 0.741759 0.65016 -0.081201 0.143148 -960.463 5.29918 162.59
database/img_03463_c0_1303398775847648us_rect.jpg 0.741526 0.652334 -0.073694 0.138449 -957.818 1.84038 179.306
database/img_03464_c0_1303398775981047us_rect.jpg 0.74107 0.65467 -0.066492 0.133422 -954.877 -1.00319 195.95
database/img_03467_c0_1303398776247652us_rect.jpg 0.741694 0.657033 -0.056068 0.122696 -949.38 0.704921 223.868
database/img_03468_c0_1303398776314276us_rect.jpg 0.7418 0.657361 -0.054357 0.121054 -948.51 0.841793 228.191
database/img_03469_c0_1303398776381025us_rect.jpg 0.741455 0.658036 -0.052989 0.120103 -947.946 0.0395964 231.2
database/img_03470_c0_1303398776514278us_rect.jpg 0.739586 0.660053 -0.051069 0.121387 -948.027 -5.93149 232.093
database/img_03472_c0_1303398776647652us_rect.jpg 0.737337 0.661988 -0.050752 0.124618 -949.228 -12.8368 228.19
database/img_03474_c0_1303398776847655us_rect.jpg 0.738554 0.659649 -0.055018 0.127964 -952.42 -10.6937 216.893
database/img_03475_c0_1303398776914280us_rect.jpg 0.739402 0.658219 -0.057335 0.129402 -953.865 -8.85337 211.347
database/img_03477_c0_1303398777114281us_rect.jpg 0.739166 0.656576 -0.064993 0.13534 -958.54 -7.34409 191.859
database/img_03478_c0_1303398777181032us_rect.jpg 0.738238 0.656937 -0.06776 0.137285 -960.041 -7.33039 185.186
database/img_03479_c0_1303398777247657us_rect.jpg 0.737671 0.656789 -0.070752 0.139516 -961.641 -7.04272 177.747
database/img_03480_c0_1303398777381033us_rect.jpg 0.737001 0.655614 -0.077039 0.145135 -965.025 -7.11604 160.755
database/img_03482_c0_1303398777514283us_rect.jpg 0.736137 0.65446 -0.082973 0.151329 -968.156 -8.53862 143.453
database/img_03483_c0_1303398777648414us_rect.jpg 0.734041 0.654298 -0.089555 0.158297 -971.216 -11.1851 124.236
database/img_03484_c0_1303398777714307us_rect.jpg 0.732864 0.654088 -0.093954 0.162025 -972.851 -11.4714 112.639
database/img_03486_c0_1303398777847660us_rect.jpg 0.731102 0.652336 -0.103571 0.170939 -976.018 -12.3083 86.0631
database/img_03487_c0_1303398777981035us_rect.jpg 0.728683 0.650815 -0.112452 0.181151 -978.472 -16.2293 58.7395
database/img_03488_c0_1303398778047661us_rect.jpg 0.727445 0.649903 -0.116989 0.18645 -979.431 -18.2935 44.6127
database/img_03489_c0_1303398778114287us_rect.jpg 0.726308 0.648761 -0.121653 0.191799 -980.202 -20.1528 30.1745
database/img_03490_c0_1303398778247662us_rect.jpg 0.723145 0.647332 -0.133381 0.200579 -981.236 -18.6605 0.305005
database/img_03491_c0_1303398778314289us_rect.jpg 0.721659 0.646393 -0.139238 0.204931 -981.425 -17.7255 -14.6296
database/img_03493_c0_1303398778514311us_rect.jpg 0.71859 0.642295 -0.153615 0.217916 -980.868 -17.9904 -54.8646
database/img_03494_c0_1303398778647662us_rect.jpg 0.718428 0.638826 -0.160466 0.223636 -980.267 -16.6881 -73.8034
database/img_03495_c0_1303398778714288us_rect.jpg 0.718278 0.637605 -0.16286 0.225859 -980.028 -16.6011 -80.8194
database/img_03497_c0_1303398778914314us_rect.jpg 0.718422 0.63504 -0.168967 0.228132 -979.87 -11.462 -94.2311
database/img_03499_c0_1303398779114291us_rect.jpg 0.719023 0.634282 -0.170308 0.227349 -980.7 -8.27853 -96.2134
database/img_03501_c0_1303398779247665us_rect.jpg 0.718981 0.635614 -0.168047 0.225435 -981.887 -8.71946 -90.6973
database/img_03502_c0_1303398779381045us_rect.jpg 0.721077 0.634806 -0.166459 0.222174 -983.118 -5.21175 -84.6446
database/img_03504_c0_1303398779582399us_rect.jpg 0.724794 0.634451 -0.160975 0.215017 -985.442 -0.580546 -67.7899
database/img_03505_c0_1303398779647693us_rect.jpg 0.725817 0.634673 -0.158528 0.212719 -986.194 -0.0821465 -61.3167
database/img_03507_c0_1303398779781046us_rect.jpg 0.726547 0.636662 -0.153637 0.207816 -987.591 0.569169 -47.7355
database/img_03508_c0_1303398779914321us_rect.jpg 0.727774 0.638016 -0.149477 0.20233 -988.797 3.31552 -34.5896
database/img_03509_c0_1303398780047673us_rect.jpg 0.727991 0.640078 -0.144052 0.198941 -989.831 0.856581 -22.2994
database/img_03510_c0_1303398780114297us_rect.jpg 0.728092 0.64116 -0.140399 0.197697 -990.303 -2.24925 -15.3505
database/img_03511_c0_1303398780181048us_rect.jpg 0.728894 0.641305 -0.13744 0.196346 -990.714 -3.81337 -9.43631
database/img_03512_c0_1303398780247673us_rect.jpg 0.729775 0.641412 -0.135397 0.194129 -991.102 -2.9098 -3.73619
database/img_03513_c0_1303398780381049us_rect.jpg 0.729964 0.642986 -0.132659 0.190058 -991.783 -0.864845 5.36278
database/img_03514_c0_1303398780447676us_rect.jpg 0.729522 0.644323 -0.131082 0.188318 -992.087 -0.896749 9.90156
database/img_03515_c0_1303398780514299us_rect.jpg 0.729189 0.645421 -0.129744 0.186766 -992.38 -0.794235 13.7934
database/img_03516_c0_1303398780647676us_rect.jpg 0.730393 0.644958 -0.128548 0.184475 -992.991 1.58303 17.902
database/img_03517_c0_1303398780714300us_rect.jpg 0.731234 0.644373 -0.128113 0.183487 -993.299 2.94626 19.4394
database/img_03518_c0_1303398780781050us_rect.jpg 0.731534 0.644401 -0.127219 0.182812 -993.599 2.89288 21.3335
database/img_03519_c0_1303398780915698us_rect.jpg 0.731463 0.645454 -0.124938 0.180945 -994.152 2.36162 26.7111
database/img_03521_c0_1303398781047677us_rect.jpg 0.733534 0.643757 -0.124526 0.178881 -994.76 6.12054 29.123
database/img_03522_c0_1303398781114302us_rect.jpg 0.734679 0.642599 -0.12511 0.177937 -995.09 9.01615 28.9679
database/img_03523_c0_1303398781247678us_rect.jpg 0.736154 0.641444 -0.124825 0.176199 -995.7 12.0925 30.8044
database/img_03524_c0_1303398781314303us_rect.jpg 0.736805 0.640995 -0.123573 0.175992 -996 11.19 32.5312
database/img_03526_c0_1303398781515726us_rect.jpg 0.739383 0.638699 -0.119604 0.176273 -996.932 7.43178 36.6709
database/img_03527_c0_1303398781581080us_rect.jpg 0.740239 0.637739 -0.118049 0.177199 -997.269 4.725 37.2625
database/img_03528_c0_1303398781647679us_rect.jpg 0.74077 0.637032 -0.11675 0.178381 -997.623 1.75919 37.1777
database/img_03529_c0_1303398781714304us_rect.jpg 0.740796 0.636937 -0.115696 0.179294 -997.965 -0.882181 37.1775
database/img_03531_c0_1303398781914308us_rect.jpg 0.736712 0.642399 -0.111241 0.179458 -998.689 -10.0086 43.391
database/img_03532_c0_1303398781981057us_rect.jpg 0.735693 0.643858 -0.110594 0.178806 -998.947 -10.722 45.0704
database/img_03533_c0_1303398782047682us_rect.jpg 0.735726 0.643973 -0.1108 0.178126 -999.289 -9.48962 45.3177
database/img_03534_c0_1303398782114307us_rect.jpg 0.735772 0.64399 -0.111787 0.177256 -999.681 -6.95267 44.6251
database/img_03535_c0_1303398782247686us_rect.jpg 0.7341 0.64635 -0.111337 0.175876 -1000.27 -6.89614 46.7458
database/img_03536_c0_1303398782314309us_rect.jpg 0.732837 0.648212 -0.109352 0.175534 -1000.42 -10.0088 50.0792
database/img_03537_c0_1303398782381058us_rect.jpg 0.732119 0.649474 -0.108225 0.174567 -1000.61 -10.7237 52.883
database/img_03538_c0_1303398782514331us_rect.jpg 0.733224 0.648815 -0.107415 0.172867 -1001.18 -8.64927 55.5832
database/img_03539_c0_1303398782581084us_rect.jpg 0.733693 0.648428 -0.10764 0.172189 -1001.52 -7.07523 55.7416
database/img_03541_c0_1303398782714311us_rect.jpg 0.733356 0.649076 -0.10716 0.171482 -1002.13 -7.02283 56.7643
database/img_03542_c0_1303398782847688us_rect.jpg 0.731434 0.651886 -0.106476 0.169446 -1002.61 -6.57862 60.1866
database/img_03543_c0_1303398782914316us_rect.jpg 0.731025 0.652705 -0.106717 0.167902 -1002.88 -4.44513 61.6598
database/img_03544_c0_1303398782981062us_rect.jpg 0.731521 0.652474 -0.107147 0.166356 -1003.16 -1.36996 62.7178
database/img_03545_c0_1303398783047687us_rect.jpg 0.732529 0.651513 -0.107397 0.165525 -1003.49 0.872951 62.973
database/img_03546_c0_1303398783181067us_rect.jpg 0.733333 0.6509 -0.106379 0.165032 -1004.07 0.795211 64.3441
database/img_03547_c0_1303398783247688us_rect.jpg 0.7333 0.651162 -0.105233 0.16488 -1004.31 -0.5611 65.9413
database/img_03548_c0_1303398783314314us_rect.jpg 0.733328 0.651338 -0.104186 0.164725 -1004.55 -1.7307 67.385
database/img_03549_c0_1303398783447715us_rect.jpg 0.733836 0.65101 -0.102736 0.164672 -1005.11 -3.21343 68.8563
database/img_03550_c0_1303398783514314us_rect.jpg 0.73412 0.650797 -0.102106 0.164637 -1005.41 -3.79449 69.4501
database/img_03551_c0_1303398783581065us_rect.jpg 0.734021 0.651037 -0.102112 0.164125 -1005.72 -3.15803 69.7975
database/img_03553_c0_1303398783781091us_rect.jpg 0.734072 0.651736 -0.10266 0.160749 -1006.55 2.28575 72.5416
database/img_03554_c0_1303398783847691us_rect.jpg 0.733837 0.652275 -0.101884 0.16013 -1006.77 1.91943 74.2625
database/img_03555_c0_1303398783914316us_rect.jpg 0.733873 0.652474 -0.100853 0.159803 -1006.98 1.01608 75.9175
database/img_03556_c0_1303398784047691us_rect.jpg 0.734596 0.651607 -0.100354 0.16033 -1007.72 0.163556 75.0788
database/img_03558_c0_1303398784181070us_rect.jpg 0.733545 0.652617 -0.098949 0.161903 -1008.42 -4.73511 74.4443
database/img_03559_c0_1303398784314323us_rect.jpg 0.731538 0.654903 -0.096876 0.162998 -1008.96 -10.5968 75.6176
database/img_03560_c0_1303398784381071us_rect.jpg 0.731273 0.655217 -0.097216 0.162724 -1009.34 -9.96736 75.1416
database/img_03561_c0_1303398784447697us_rect.jpg 0.731688 0.654748 -0.097668 0.162478 -1009.75 -8.7043 74.3596
database/img_03562_c0_1303398784514323us_rect.jpg 0.732094 0.654177 -0.09857 0.162403 -1010.23 -7.07941 72.6518
database/img_03563_c0_1303398784647723us_rect.jpg 0.732986 0.653031 -0.099505 0.162419 -1011.08 -5.17358 70.3123
database/img_03565_c0_1303398784781072us_rect.jpg 0.73314 0.652606 -0.099862 0.163215 -1011.93 -5.69747 67.8798
database/img_03566_c0_1303398784914350us_rect.jpg 0.732988 0.652431 -0.100102 0.164444 -1012.78 -7.21506 65.0605
database/img_03567_c0_1303398784981075us_rect.jpg 0.732854 0.652391 -0.101185 0.164537 -1013.27 -5.9915 62.9067
database/img_03568_c0_1303398785047700us_rect.jpg 0.732736 0.652265 -0.102566 0.164704 -1013.78 -4.44968 60.1933
database/img_03569_c0_1303398785181078us_rect.jpg 0.731674 0.652975 -0.104724 0.165255 -1014.74 -3.0944 55.5064
database/img_03570_c0_1303398785247700us_rect.jpg 0.731193 0.653341 -0.104424 0.166126 -1015.13 -5.07839 54.4413
database/img_03571_c0_1303398785314327us_rect.jpg 0.731409 0.652853 -0.104048 0.167327 -1015.54 -7.11576 52.9343
database/img_03572_c0_1303398785447703us_rect.jpg 0.733158 0.650253 -0.104994 0.169191 -1016.47 -7.19108 47.845
database/img_03573_c0_1303398785514324us_rect.jpg 0.7335 0.649612 -0.105745 0.169703 -1016.92 -6.65576 45.5409
database/img_03574_c0_1303398785581074us_rect.jpg 0.733066 0.649976 -0.106761 0.169553 -1017.34 -5.38645 43.8783
database/img_03575_c0_1303398785714327us_rect.jpg 0.731979 0.650993 -0.108282 0.169383 -1018.15 -3.86735 41.1913
database/img_03576_c0_1303398785781075us_rect.jpg 0.731966 0.650814 -0.108607 0.169919 -1018.55 -4.19573 39.5612
database/img_03577_c0_1303398785847700us_rect.jpg 0.732336 0.650146 -0.108812 0.170743 -1018.96 -4.82147 37.6538
database/img_03578_c0_1303398785981080us_rect.jpg 0.732956 0.648981 -0.108539 0.172681 -1019.75 -7.51301 34.5011
database/img_03579_c0_1303398786047702us_rect.jpg 0.732859 0.648889 -0.108744 0.173306 -1020.14 -8.19304 32.9454
database/img_03580_c0_1303398786181081us_rect.jpg 0.732543 0.649129 -0.110753 0.172471 -1020.94 -4.50744 30.3081
database/img_03582_c0_1303398786314330us_rect.jpg 0.731812 0.650023 -0.112011 0.171389 -1021.69 -1.76922 29.2537
database/img_03583_c0_1303398786447734us_rect.jpg 0.731858 0.649803 -0.112764 0.171533 -1022.45 -0.921616 27.1276
database/img_03584_c0_1303398786514332us_rect.jpg 0.731933 0.649611 -0.112938 0.171828 -1022.82 -1.05893 26.0503
database/img_03585_c0_1303398786581083us_rect.jpg 0.73212 0.649234 -0.112987 0.172425 -1023.21 -1.71888 24.7249
database/img_03586_c0_1303398786714355us_rect.jpg 0.732388 0.648902 -0.112632 0.172768 -1023.93 -2.52238 24.0055
database/img_03588_c0_1303398786847709us_rect.jpg 0.732898 0.648319 -0.11263 0.172795 -1024.66 -2.22504 23.1474
database/img_03589_c0_1303398786981111us_rect.jpg 0.734011 0.647006 -0.113741 0.172262 -1025.42 0.805385 21.2332
database/img_03590_c0_1303398787047709us_rect.jpg 0.734147 0.646927 -0.113514 0.17213 -1025.77 0.770838 21.3805
database/img_03591_c0_1303398787114336us_rect.jpg 0.733815 0.647443 -0.112698 0.172141 -1026.11 -0.593873 22.3273
database/img_03592_c0_1303398787181085us_rect.jpg 0.733398 0.648023 -0.112175 0.172077 -1026.45 -1.51054 22.932
database/img_03593_c0_1303398787314369us_rect.jpg 0.732574 0.649106 -0.112735 0.171137 -1027.16 0.0327623 22.7808
database/img_03594_c0_1303398787381086us_rect.jpg 0.732243 0.649467 -0.113218 0.170864 -1027.53 0.85845 22.0916
database/img_03595_c0_1303398787447712us_rect.jpg 0.7319 0.649835 -0.112626 0.171322 -1027.89 -0.848693 22.0412
database/img_03596_c0_1303398787581114us_rect.jpg 0.731185 0.650784 -0.109215 0.172976 -1028.5 -8.40754 24.3805
database/img_03597_c0_1303398787647737us_rect.jpg 0.731157 0.650876 -0.107911 0.173565 -1028.81 -11.071 25.21
database/img_03598_c0_1303398787714339us_rect.jpg 0.731377 0.650695 -0.107387 0.173642 -1029.15 -11.7607 25.5139
database/img_03599_c0_1303398787781088us_rect.jpg 0.731454 0.650637 -0.108344 0.172938 -1029.55 -9.39047 24.6336
database/img_03600_c0_1303398787914365us_rect.jpg 0.730996 0.651466 -0.112919 0.168781 -1030.36 2.55999 22.7314
database/img_03601_c0_1303398787981091us_rect.jpg 0.730819 0.652045 -0.113987 0.166578 -1030.67 7.07663 23.8771
database/img_03602_c0_1303398788047716us_rect.jpg 0.730894 0.65231 -0.113967 0.165218 -1030.97 9.05076 25.4773
database/img_03603_c0_1303398788181108us_rect.jpg 0.734442 0.6487 -0.111832 0.165156 -1031.64 8.59629 27.5574
database/img_03604_c0_1303398788314359us_rect.jpg 0.737897 0.644615 -0.109588 0.167239 -1032.39 4.84914 26.7579
database/img_03605_c0_1303398788447717us_rect.jpg 0.736837 0.645808 -0.107287 0.168797 -1033.08 -1.30433 27.6163
database/img_03606_c0_1303398788514342us_rect.jpg 0.735734 0.647168 -0.10701 0.168576 -1033.42 -2.12311 28.1835
database/img_03608_c0_1303398788714371us_rect.jpg 0.733901 0.64968 -0.10836 0.16602 -1034.46 2.16828 28.8882
database/img_03609_c0_1303398788781093us_rect.jpg 0.733661 0.650113 -0.109197 0.164836 -1034.8 4.86686 28.933
database/img_03610_c0_1303398788847719us_rect.jpg 0.733686 0.650209 -0.109963 0.163834 -1035.15 7.38902 28.7905
database/img_03611_c0_1303398788981122us_rect.jpg 0.734312 0.64967 -0.109546 0.163444 -1035.84 7.79504 29.1515
database/img_03612_c0_1303398789047718us_rect.jpg 0.734746 0.649209 -0.108699 0.163891 -1036.2 6.2644 29.3988
database/img_03613_c0_1303398789114343us_rect.jpg 0.735101 0.648837 -0.10788 0.164316 -1036.55 4.75022 29.651
database/img_03614_c0_1303398789247724us_rect.jpg 0.735316 0.648457 -0.107185 0.165303 -1037.29 2.4901 28.546
database/img_03615_c0_1303398789314345us_rect.jpg 0.735338 0.64837 -0.107278 0.165487 -1037.67 2.36195 27.7573
database/img_03616_c0_1303398789381097us_rect.jpg 0.73526 0.648433 -0.107521 0.165426 -1038.04 2.7303 27.1031
database/img_03617_c0_1303398789514347us_rect.jpg 0.735553 0.648097 -0.108402 0.164866 -1038.77 4.95247 25.7095
database/img_03618_c0_1303398789581096us_rect.jpg 0.735853 0.647751 -0.108787 0.164634 -1039.13 6.02161 25.0085
database/img_03619_c0_1303398789647723us_rect.jpg 0.736277 0.647252 -0.109178 0.164442 -1039.5 7.12261 24.2156
database/img_03620_c0_1303398789781099us_rect.jpg 0.737147 0.64618 -0.109797 0.164346 -1040.23 8.69184 22.4728
database/img_03622_c0_1303398789981126us_rect.jpg 0.736356 0.646909 -0.110171 0.164774 -1041.34 8.04065 20.2984
database/img_03623_c0_1303398790047726us_rect.jpg 0.735875 0.647439 -0.11017 0.16484 -1041.71 7.61967 19.9258
database/img_03624_c0_1303398790181130us_rect.jpg 0.735915 0.64718 -0.110614 0.165383 -1042.46 7.45705 17.6835
database/img_03625_c0_1303398790247728us_rect.jpg 0.736347 0.646574 -0.110555 0.165866 -1042.84 6.94741 16.6332
database/img_03626_c0_1303398790314352us_rect.jpg 0.736495 0.646359 -0.110502 0.166088 -1043.2 6.63891 16.0046
database/img_03627_c0_1303398790447731us_rect.jpg 0.736164 0.646791 -0.110639 0.165783 -1043.92 7.049 15.5445
database/img_03629_c0_1303398790581105us_rect.jpg 0.735577 0.647401 -0.111082 0.165706 -1044.65 7.38988 14.3166
database/img_03630_c0_1303398790714355us_rect.jpg 0.734595 0.64824 -0.111007 0.166828 -1045.4 4.98701 12.2409
database/img_03631_c0_1303398790781105us_rect.jpg 0.733916 0.648831 -0.111139 0.167436 -1045.77 3.83332 10.9001
database/img_03632_c0_1303398790847731us_rect.jpg 0.733324 0.649382 -0.111196 0.167855 -1046.13 2.91112 9.93582
database/img_03633_c0_1303398790981107us_rect.jpg 0.733493 0.648952 -0.111198 0.168774 -1046.85 1.66367 7.83416
database/img_03634_c0_1303398791047731us_rect.jpg 0.733768 0.648648 -0.110645 0.16911 -1047.2 0.565663 7.81881
database/img_03636_c0_1303398791247734us_rect.jpg 0.734826 0.64766 -0.111287 0.167876 -1048.25 3.9471 7.32225
database/img_03637_c0_1303398791314358us_rect.jpg 0.735226 0.647276 -0.111683 0.167342 -1048.59 5.54294 7.03339
database/img_03638_c0_1303398791447762us_rect.jpg 0.735334 0.647267 -0.111557 0.166984 -1049.28 5.95675 7.02144
database/img_03639_c0_1303398791514358us_rect.jpg 0.735115 0.647676 -0.110878 0.16682 -1049.62 5.10338 8.03357
database/img_03640_c0_1303398791581108us_rect.jpg 0.734753 0.648307 -0.11067 0.166099 -1049.95 5.64277 9.12265
database/img_03641_c0_1303398791714361us_rect.jpg 0.735022 0.648325 -0.111349 0.164372 -1050.61 9.31495 9.78839
database/img_03642_c0_1303398791781109us_rect.jpg 0.735332 0.648081 -0.111338 0.163956 -1050.93 10.1125 10.0032
database/img_03643_c0_1303398791847735us_rect.jpg 0.735983 0.647409 -0.110649 0.164156 -1051.27 9.26282 10.3487
database/img_03644_c0_1303398791914361us_rect.jpg 0.736552 0.646798 -0.109563 0.164738 -1051.62 7.23682 10.7961
database/img_03645_c0_1303398792047734us_rect.jpg 0.73726 0.646354 -0.106755 0.165157 -1052.27 3.12869 13.8819
database/img_03646_c0_1303398792181135us_rect.jpg 0.737113 0.647139 -0.105725 0.163395 -1052.88 4.20507 17.4329
database/img_03647_c0_1303398792247738us_rect.jpg 0.7368 0.64788 -0.105719 0.161868 -1053.16 6.26079 19.3744
database/img_03648_c0_1303398792381140us_rect.jpg 0.736765 0.648477 -0.106112 0.159359 -1053.74 10.5148 21.7111
database/img_03650_c0_1303398792514365us_rect.jpg 0.735885 0.650075 -0.104275 0.15812 -1054.3 9.18938 25.9471
database/img_03651_c0_1303398792647766us_rect.jpg 0.736062 0.650578 -0.102412 0.156436 -1054.81 9.18097 30.6865
database/img_03652_c0_1303398792714388us_rect.jpg 0.737095 0.649682 -0.102304 0.155365 -1055.07 11.3061 31.8923
database/img_03653_c0_1303398792781116us_rect.jpg 0.738475 0.648283 -0.101398 0.155248 -1055.35 11.128 32.9258
database/img_03359_c1_1303398766647647us_rect.jpg 0.013019 0.092739 0.712282 -0.695618 881.346 -45.1465 -320.143
database/img_03360_c1_1303398766714267us_rect.jpg 0.013651 0.092723 0.712357 -0.695531 882.085 -44.3012 -319.787
database/img_03361_c1_1303398766781017us_rect.jpg 0.014247 0.092666 0.712254 -0.695632 882.77 -43.6461 -319.522
database/img_03362_c1_1303398766914291us_rect.jpg 0.01522 0.092809 0.71242 -0.695423 884.133 -42.4875 -318.92
database/img_03363_c1_1303398766981019us_rect.jpg 0.015744 0.092821 0.712927 -0.69489 884.823 -41.3239 -318.626
database/img_03364_c1_1303398767047644us_rect.jpg 0.016123 0.092962 0.713408 -0.694368 885.477 -40.5114 -318.345
database/img_03365_c1_1303398767181049us_rect.jpg 0.016684 0.093527 0.71416 -0.693506 886.764 -39.6906 -317.667
database/img_03367_c1_1303398767314271us_rect.jpg 0.016869 0.093551 0.714256 -0.693399 887.572 -39.393 -318.129
database/img_03368_c1_1303398767447670us_rect.jpg 0.017635 0.093747 0.713262 -0.694375 888.653 -39.8196 -317.625
database/img_03370_c1_1303398767581021us_rect.jpg 0.018474 0.093915 0.712877 -0.694726 889.769 -39.4479 -317.016
database/img_03371_c1_1303398767647647us_rect.jpg 0.018776 0.094102 0.712624 -0.694953 890.293 -39.5914 -316.722
database/img_03372_c1_1303398767781048us_rect.jpg 0.01975 0.093784 0.712574 -0.69502 891.255 -38.1072 -316.494
database/img_03374_c1_1303398767914274us_rect.jpg 0.020104 0.093927 0.712821 -0.694737 892.069 -37.5813 -316.444
database/img_03375_c1_1303398768047674us_rect.jpg 0.020152 0.094815 0.712664 -0.694776 892.968 -38.7575 -315.827
database/img_03376_c1_1303398768114275us_rect.jpg 0.020496 0.094762 0.712714 -0.694722 893.38 -38.2276 -315.715
database/img_03378_c1_1303398768247650us_rect.jpg 0.021144 0.094499 0.712538 -0.694919 894.085 -37.3325 -315.726
database/img_03379_c1_1303398768381055us_rect.jpg 0.021601 0.09454 0.711922 -0.69553 894.755 -37.5163 -315.578
database/img_03381_c1_1303398768514277us_rect.jpg 0.022202 0.094492 0.711747 -0.695697 895.462 -36.932 -315.316
database/img_03382_c1_1303398768647654us_rect.jpg 0.022175 0.094516 0.71173 -0.695713 895.858 -37.01 -315.734
database/img_03385_c1_1303398768847653us_rect.jpg 0.020703 0.096088 0.710311 -0.696991 896.193 -42.2383 -316.245
database/img_03386_c1_1303398768981036us_rect.jpg 0.018275 0.098213 0.707227 -0.699893 895.916 -51.1272 -317.058
database/img_03388_c1_1303398769182073us_rect.jpg 0.014021 0.096919 0.705802 -0.701608 893.582 -56.3108 -324.664
database/img_03390_c1_1303398769314282us_rect.jpg 0.009698 0.093544 0.70726 -0.70067 890.331 -55.847 -334.801
database/img_03392_c1_1303398769514308us_rect.jpg 0.002307 -0.085033 -0.708024 0.701046 880.466 -59.0697 -361.178
database/img_03395_c1_1303398769781035us_rect.jpg 0.026865 -0.063792 -0.708759 0.702047 855.632 -61.2478 -418.389
database/img_03396_c1_1303398769847658us_rect.jpg 0.033659 -0.056266 -0.708491 0.702667 847.201 -60.2846 -435.861
database/img_03398_c1_1303398770047684us_rect.jpg 0.05779 -0.03186 -0.708232 0.702889 815.879 -58.0425 -493.7
database/img_03401_c1_1303398770247661us_rect.jpg 0.088713 -0.002873 -0.70812 0.700491 771.647 -55.6814 -561.88
database/img_03402_c1_1303398770381041us_rect.jpg 0.111022 0.019746 -0.706776 0.698392 734.775 -52.326 -610.452
database/img_03405_c1_1303398770647668us_rect.jpg 0.160117 0.069163 -0.69858 0.693949 642.726 -49.375 -708.491
database/img_03406_c1_1303398770714288us_rect.jpg 0.173123 0.082742 -0.69589 0.69204 615.451 -47.8794 -732.78
database/img_03408_c1_1303398770914313us_rect.jpg 0.209715 0.125735 -0.684893 0.686391 528.063 -41.577 -799.513
database/img_03410_c1_1303398771047665us_rect.jpg 0.233607 0.15745 -0.676298 0.68063 462.117 -33.6439 -840.412
database/img_03411_c1_1303398771181065us_rect.jpg 0.257027 0.187949 -0.667624 0.672971 394.391 -25.3308 -875.201
database/img_03413_c1_1303398771314291us_rect.jpg 0.279305 0.218086 -0.658346 0.664084 325.183 -16.2407 -904.071
database/img_03415_c1_1303398771514298us_rect.jpg 0.312152 0.260487 -0.642375 0.649663 220.162 -6.62914 -936.256
database/img_03417_c1_1303398771647669us_rect.jpg 0.331854 0.284515 -0.631833 0.640087 156.373 -2.5824 -949.612
database/img_03418_c1_1303398771781047us_rect.jpg 0.35076 0.306574 -0.619098 0.632216 94.7443 -4.23902 -958.295
database/img_03420_c1_1303398771914295us_rect.jpg 0.367628 0.326556 -0.606616 0.624682 38.0338 -6.53639 -962.758
database/img_03421_c1_1303398772114323us_rect.jpg 0.395531 0.337237 -0.600709 0.607433 -21.9964 -3.78519 -964.073
database/img_03422_c1_1303398772247694us_rect.jpg 0.413302 0.33884 -0.592104 0.603143 -53.5286 -18.6241 -963.167
database/img_03424_c1_1303398772447698us_rect.jpg 0.427885 0.344118 -0.579279 0.602439 -86.2918 -37.8575 -960.957
database/img_03425_c1_1303398772514298us_rect.jpg 0.427806 0.346966 -0.579616 0.600535 -90.1799 -33.0927 -961.015
database/img_03427_c1_1303398772647674us_rect.jpg 0.424822 0.350552 -0.585345 0.594988 -89.5206 -15.2663 -962.004
database/img_03428_c1_1303398772781285us_rect.jpg 0.422748 0.350093 -0.588962 0.593164 -84.4755 -7.86132 -963.014
database/img_03429_c1_1303398772847698us_rect.jpg 0.422568 0.347762 -0.590671 0.592963 -80.1478 -7.14654 -963.614
database/img_03431_c1_1303398772981050us_rect.jpg 0.422269 0.341304 -0.594549 0.593053 -68.8087 -7.16843 -964.936
database/img_03432_c1_1303398773114307us_rect.jpg 0.420166 0.335504 -0.599105 0.593272 -55.477 -5.11495 -966.253
database/img_03434_c1_1303398773247677us_rect.jpg 0.415785 0.332048 -0.605105 0.592212 -41.7974 3.2042 -967.402
database/img_03436_c1_1303398773447704us_rect.jpg 0.408676 0.327378 -0.613548 0.591072 -21.3371 15.1439 -968.641
database/img_03437_c1_1303398773514304us_rect.jpg 0.406776 0.32603 -0.615693 0.590897 -15.7091 17.963 -968.928
database/img_03438_c1_1303398773647702us_rect.jpg 0.404888 0.32163 -0.619366 0.590767 -5.05592 20.0948 -969.449
database/img_03440_c1_1303398773847708us_rect.jpg 0.405214 0.317501 -0.622211 0.589786 1.70867 21.0743 -970.114
database/img_03441_c1_1303398773914306us_rect.jpg 0.405658 0.317442 -0.622865 0.588822 1.40846 22.6567 -970.303
database/img_03442_c1_1303398774047705us_rect.jpg 0.406986 0.317996 -0.624653 0.585705 -0.818639 28.074 -970.605
database/img_03444_c1_1303398774181058us_rect.jpg 0.409292 0.318976 -0.62503 0.583157 -5.49657 30.9459 -970.931
database/img_03445_c1_1303398774314312us_rect.jpg 0.412298 0.321817 -0.62268 0.581992 -14.5825 30.0827 -971.276
database/img_03447_c1_1303398774447684us_rect.jpg 0.415631 0.324659 -0.619923 0.580984 -24.3099 28.3609 -971.52
database/img_03449_c1_1303398774647686us_rect.jpg 0.42453 0.325869 -0.615287 0.578796 -40.7911 21.3541 -971.705
database/img_03451_c1_1303398774848767us_rect.jpg 0.435897 0.331422 -0.611425 0.571237 -67.8359 23.9582 -970.693
database/img_03453_c1_1303398774981061us_rect.jpg 0.443376 0.336279 -0.608054 0.566219 -87.7025 25.8252 -969.414
database/img_03455_c1_1303398775181066us_rect.jpg 0.453709 0.343676 -0.597696 0.564618 -117.434 15.6709 -966.991
database/img_03456_c1_1303398775247688us_rect.jpg 0.45771 0.346293 -0.593915 0.56378 -128.609 12.0884 -965.791
database/img_03458_c1_1303398775447694us_rect.jpg 0.468177 0.354202 -0.58794 0.556487 -158.712 14.6201 -961.798
database/img_03460_c1_1303398775581064us_rect.jpg 0.474202 0.359406 -0.585223 0.550885 -176.889 19.2601 -958.891
database/img_03461_c1_1303398775714341us_rect.jpg 0.48019 0.364354 -0.580145 0.547809 -195.155 17.7225 -955.715
database/img_03463_c1_1303398775847691us_rect.jpg 0.485161 0.369311 -0.574745 0.545799 -211.819 14.9058 -952.55
database/img_03464_c1_1303398775981070us_rect.jpg 0.48974 0.374593 -0.569417 0.543691 -228.329 12.6742 -949.099
database/img_03467_c1_1303398776247719us_rect.jpg 0.497057 0.383847 -0.562451 0.537814 -255.534 14.71 -942.793
database/img_03468_c1_1303398776314320us_rect.jpg 0.498328 0.385332 -0.561235 0.536846 -260.012 14.8976 -941.733
database/img_03469_c1_1303398776381069us_rect.jpg 0.499133 0.386298 -0.560052 0.53664 -262.894 13.994 -941.111
database/img_03470_c1_1303398776514345us_rect.jpg 0.499194 0.386966 -0.557348 0.538911 -264.13 8.11508 -941.153
database/img_03472_c1_1303398776647695us_rect.jpg 0.497843 0.386237 -0.555304 0.54278 -260.642 0.670215 -942.478
database/img_03474_c1_1303398776847721us_rect.jpg 0.495862 0.382289 -0.558942 0.543654 -249.77 2.25505 -945.935
database/img_03475_c1_1303398776914322us_rect.jpg 0.494929 0.38019 -0.561229 0.54362 -244.259 4.1078 -947.543
database/img_03477_c1_1303398777114348us_rect.jpg 0.489545 0.374747 -0.566436 0.546864 -224.934 5.00657 -952.851
database/img_03478_c1_1303398777181073us_rect.jpg 0.486954 0.373683 -0.567813 0.548476 -218.35 5.07375 -954.564
database/img_03479_c1_1303398777247699us_rect.jpg 0.484477 0.371982 -0.569534 0.550039 -210.92 5.14365 -956.416
database/img_03480_c1_1303398777381102us_rect.jpg 0.479824 0.367168 -0.573603 0.553115 -194.296 4.99473 -960.321
database/img_03482_c1_1303398777514326us_rect.jpg 0.475216 0.362041 -0.577067 0.556857 -177.408 3.00611 -963.993
database/img_03483_c1_1303398777648434us_rect.jpg 0.469249 0.356879 -0.580173 0.561998 -158.246 -0.525122 -967.743
database/img_03484_c1_1303398777714331us_rect.jpg 0.465465 0.3541 -0.582517 0.564473 -146.861 -0.925342 -969.749
database/img_03486_c1_1303398777847703us_rect.jpg 0.457491 0.346366 -0.588162 0.569911 -119.966 -2.55068 -973.875
database/img_03487_c1_1303398777981102us_rect.jpg 0.44983 0.338091 -0.592732 0.576208 -93.0976 -7.08688 -977.241
database/img_03488_c1_1303398778047703us_rect.jpg 0.445825 0.333626 -0.595082 0.579493 -78.9046 -9.59552 -978.703
database/img_03489_c1_1303398778114328us_rect.jpg 0.441874 0.329011 -0.597571 0.582587 -64.5959 -11.848 -979.968
database/img_03490_c1_1303398778247730us_rect.jpg 0.431529 0.321729 -0.603581 0.588186 -34.7142 -11.4067 -981.99
database/img_03491_c1_1303398778314329us_rect.jpg 0.42634 0.317945 -0.60669 0.590823 -19.588 -10.9232 -982.673
database/img_03493_c1_1303398778514335us_rect.jpg 0.414359 0.305917 -0.61488 0.597197 20.3685 -11.6311 -983.472
database/img_03494_c1_1303398778647730us_rect.jpg 0.409371 0.299313 -0.619534 0.599171 39.6686 -11.0609 -983.481
database/img_03495_c1_1303398778714339us_rect.jpg 0.407592 0.296935 -0.621098 0.599946 46.625 -11.0904 -983.478
database/img_03497_c1_1303398778914334us_rect.jpg 0.403232 0.293518 -0.625327 0.600182 60.3757 -6.68044 -983.713
database/img_03499_c1_1303398779114345us_rect.jpg 0.402943 0.293342 -0.626603 0.59913 62.2274 -3.96855 -984.592
database/img_03501_c1_1303398779247711us_rect.jpg 0.404897 0.295549 -0.624778 0.598633 56.0837 -4.83907 -985.622
database/img_03502_c1_1303398779381112us_rect.jpg 0.407755 0.297065 -0.62503 0.595672 49.8456 -1.58673 -986.638
database/img_03504_c1_1303398779582411us_rect.jpg 0.414444 0.301504 -0.623635 0.590264 33.0062 2.81372 -988.368
database/img_03505_c1_1303398779647713us_rect.jpg 0.417086 0.303191 -0.622493 0.588743 26.2564 3.1048 -988.913
database/img_03507_c1_1303398779781088us_rect.jpg 0.421483 0.30815 -0.619364 0.586332 11.6746 3.88327 -989.881
database/img_03508_c1_1303398779914341us_rect.jpg 0.425641 0.312596 -0.617288 0.583154 -1.60233 6.52507 -990.619
database/img_03509_c1_1303398780047743us_rect.jpg 0.429731 0.316742 -0.613904 0.581488 -14.6159 5.58598 -991.211
database/img_03510_c1_1303398780114363us_rect.jpg 0.432214 0.318657 -0.611677 0.580947 -21.7471 3.73086 -991.438
database/img_03511_c1_1303398780181090us_rect.jpg 0.434794 0.319807 -0.609965 0.58019 -27.8049 2.04434 -991.639
database/img_03512_c1_1303398780247716us_rect.jpg 0.436648 0.32129 -0.609006 0.578984 -33.0048 2.51175 -991.827
database/img_03513_c1_1303398780381116us_rect.jpg 0.438433 0.325264 -0.607391 0.57711 -41.6439 5.12391 -992.184
database/img_03514_c1_1303398780447716us_rect.jpg 0.439026 0.327508 -0.606068 0.576781 -45.9604 5.45251 -992.341
database/img_03515_c1_1303398780514343us_rect.jpg 0.439786 0.329353 -0.604922 0.576354 -49.9293 5.67703 -992.493
database/img_03516_c1_1303398780647741us_rect.jpg 0.441557 0.330402 -0.604915 0.574404 -53.836 7.87379 -992.959
database/img_03517_c1_1303398780714342us_rect.jpg 0.442472 0.330654 -0.605146 0.57331 -55.3779 9.1596 -993.205
database/img_03518_c1_1303398780781093us_rect.jpg 0.443356 0.331016 -0.604792 0.572792 -57.1507 9.14801 -993.448
database/img_03519_c1_1303398780915709us_rect.jpg 0.445119 0.332902 -0.603131 0.572083 -62.6583 8.54488 -993.808
database/img_03521_c1_1303398781047719us_rect.jpg 0.446417 0.333223 -0.604203 0.569748 -64.4404 12.2074 -994.348
database/img_03522_c1_1303398781114345us_rect.jpg 0.446798 0.333039 -0.60543 0.568252 -64.2052 15.1458 -994.668
database/img_03523_c1_1303398781247745us_rect.jpg 0.448006 0.333345 -0.606197 0.566301 -65.8639 18.0191 -995.209
database/img_03524_c1_1303398781314346us_rect.jpg 0.449366 0.333284 -0.605734 0.565755 -67.8299 17.306 -995.436
database/img_03526_c1_1303398781515745us_rect.jpg 0.454059 0.331089 -0.604735 0.564364 -71.6495 13.3244 -996.268
database/img_03527_c1_1303398781581098us_rect.jpg 0.455664 0.329821 -0.604199 0.564387 -72.2378 10.6821 -996.603
database/img_03528_c1_1303398781647722us_rect.jpg 0.456865 0.328519 -0.603646 0.564766 -72.0982 7.7743 -996.981
database/img_03529_c1_1303398781714348us_rect.jpg 0.457553 0.327736 -0.602937 0.565421 -71.9002 5.05515 -997.353
database/img_03531_c1_1303398781914375us_rect.jpg 0.457682 0.331606 -0.596849 0.569505 -78.2303 -4.21798 -997.916
database/img_03532_c1_1303398781981100us_rect.jpg 0.457285 0.333224 -0.595655 0.57013 -79.8946 -4.88187 -998.131
database/img_03533_c1_1303398782047726us_rect.jpg 0.457074 0.333846 -0.595862 0.569719 -80.0756 -3.4957 -998.466
database/img_03534_c1_1303398782114350us_rect.jpg 0.456325 0.334448 -0.59658 0.569214 -79.1897 -1.08707 -998.882
database/img_03535_c1_1303398782247750us_rect.jpg 0.455236 0.33715 -0.595064 0.570078 -81.0405 -1.1667 -999.42
database/img_03536_c1_1303398782314351us_rect.jpg 0.455619 0.338962 -0.592695 0.571164 -84.6138 -4.12962 -999.459
database/img_03537_c1_1303398782381101us_rect.jpg 0.455633 0.34042 -0.591328 0.571703 -86.8008 -5.28688 -999.608
database/img_03538_c1_1303398782515050us_rect.jpg 0.456532 0.341073 -0.591192 0.570736 -88.6848 -4.25103 -1000.13
database/img_03539_c1_1303398782581103us_rect.jpg 0.456485 0.341173 -0.591458 0.570439 -88.3455 -3.46094 -1000.51
database/img_03541_c1_1303398782714353us_rect.jpg 0.456402 0.342594 -0.590125 0.571034 -89.9509 -4.64347 -1001.04
database/img_03542_c1_1303398782847754us_rect.jpg 0.455554 0.34607 -0.588528 0.571263 -93.4804 -3.57739 -1001.41
database/img_03543_c1_1303398782914379us_rect.jpg 0.454898 0.347668 -0.58839 0.570957 -94.5085 -1.69587 -1001.66
database/img_03544_c1_1303398782981105us_rect.jpg 0.454733 0.348457 -0.58885 0.570133 -95.0139 0.622373 -1001.95
database/img_03545_c1_1303398783047731us_rect.jpg 0.455313 0.348283 -0.58956 0.569041 -95.2584 2.36991 -1002.27
database/img_03546_c1_1303398783181131us_rect.jpg 0.456946 0.348024 -0.589401 0.568055 -97.005 2.22999 -1002.79
database/img_03547_c1_1303398783247733us_rect.jpg 0.457679 0.348358 -0.588495 0.568198 -98.6287 0.779558 -1002.96
database/img_03548_c1_1303398783314357us_rect.jpg 0.45849 0.348616 -0.587778 0.568129 -100.229 -0.279829 -1003.14
database/img_03549_c1_1303398783447735us_rect.jpg 0.46019 0.348468 -0.587111 0.567536 -102.381 -1.47171 -1003.61
database/img_03550_c1_1303398783514383us_rect.jpg 0.460759 0.348386 -0.586933 0.567308 -102.925 -1.80645 -1003.89
database/img_03551_c1_1303398783581109us_rect.jpg 0.460581 0.348964 -0.586991 0.567037 -103.149 -0.831005 -1004.2
database/img_03553_c1_1303398783781115us_rect.jpg 0.460443 0.351793 -0.587308 0.565069 -106.217 4.38978 -1004.9
database/img_03554_c1_1303398783847734us_rect.jpg 0.460798 0.352628 -0.586571 0.565025 -107.94 4.00387 -1005.07
database/img_03555_c1_1303398783914360us_rect.jpg 0.461499 0.352999 -0.585828 0.564993 -109.537 3.01946 -1005.24
database/img_03556_c1_1303398784047759us_rect.jpg 0.46246 0.352257 -0.585883 0.564612 -109.319 2.39014 -1005.94
database/img_03558_c1_1303398784181113us_rect.jpg 0.462611 0.352024 -0.583902 0.566682 -108.875 -2.95936 -1006.65
database/img_03559_c1_1303398784314391us_rect.jpg 0.462482 0.353105 -0.580839 0.569257 -110.214 -9.05267 -1007.14
database/img_03560_c1_1303398784381113us_rect.jpg 0.462086 0.353415 -0.580836 0.569389 -109.641 -8.75245 -1007.54
database/img_03561_c1_1303398784447739us_rect.jpg 0.461953 0.353067 -0.581409 0.569128 -108.38 -7.92997 -1008.02
database/img_03562_c1_1303398784514365us_rect.jpg 0.46162 0.352668 -0.582258 0.568778 -106.633 -6.58201 -1008.55
database/img_03563_c1_1303398784647743us_rect.jpg 0.46187 0.351673 -0.583386 0.568035 -104.558 -5.23697 -1009.47
database/img_03565_c1_1303398784781116us_rect.jpg 0.461674 0.350748 -0.583944 0.568192 -101.915 -5.41233 -1010.42
database/img_03566_c1_1303398784914370us_rect.jpg 0.461424 0.349755 -0.584039 0.56891 -99.1597 -6.89496 -1011.36
database/img_03567_c1_1303398784981118us_rect.jpg 0.46059 0.349672 -0.584553 0.569108 -97.0939 -6.10241 -1011.91
database/img_03568_c1_1303398785047742us_rect.jpg 0.459506 0.34942 -0.585506 0.56916 -94.2316 -4.57427 -1012.52
database/img_03569_c1_1303398785181143us_rect.jpg 0.457196 0.349583 -0.586229 0.570175 -89.5501 -3.4687 -1013.63
database/img_03570_c1_1303398785247744us_rect.jpg 0.457002 0.349093 -0.585765 0.571106 -88.1592 -5.50929 -1014.08
database/img_03571_c1_1303398785314368us_rect.jpg 0.457532 0.34791 -0.585615 0.571557 -86.8919 -7.57361 -1014.51
database/img_03572_c1_1303398785447771us_rect.jpg 0.458237 0.344773 -0.587365 0.571098 -82.1268 -7.9253 -1015.59
database/img_03573_c1_1303398785514369us_rect.jpg 0.458119 0.343937 -0.588017 0.571026 -80.1166 -7.68235 -1016.09
database/img_03574_c1_1303398785581120us_rect.jpg 0.45712 0.344195 -0.588395 0.571282 -78.325 -6.73089 -1016.58
database/img_03575_c1_1303398785714399us_rect.jpg 0.455308 0.345185 -0.588652 0.571866 -75.9228 -5.23215 -1017.45
database/img_03576_c1_1303398785781120us_rect.jpg 0.455024 0.344829 -0.58878 0.572175 -74.4753 -5.60037 -1017.9
database/img_03577_c1_1303398785847745us_rect.jpg 0.455217 0.343862 -0.589129 0.572244 -72.8629 -6.20613 -1018.35
database/img_03578_c1_1303398785981133us_rect.jpg 0.455717 0.341699 -0.589176 0.573093 -69.6073 -9.3868 -1019.24
database/img_03579_c1_1303398786047750us_rect.jpg 0.455569 0.341173 -0.58923 0.573468 -68.1481 -10.1632 -1019.68
database/img_03580_c1_1303398786181148us_rect.jpg 0.454015 0.341995 -0.590299 0.573111 -65.7656 -6.76958 -1020.56
database/img_03582_c1_1303398786314374us_rect.jpg 0.452625 0.343258 -0.590817 0.572923 -64.4852 -3.9776 -1021.36
database/img_03583_c1_1303398786447754us_rect.jpg 0.451981 0.343002 -0.591286 0.5731 -62.1315 -3.46623 -1022.2
database/img_03584_c1_1303398786514398us_rect.jpg 0.451984 0.342683 -0.59147 0.573099 -61.2353 -3.5275 -1022.61
database/img_03585_c1_1303398786581125us_rect.jpg 0.452141 0.342027 -0.591593 0.57324 -60.0897 -4.22815 -1023.02
database/img_03586_c1_1303398786714377us_rect.jpg 0.452528 0.341591 -0.591258 0.573539 -59.4323 -5.6558 -1023.76
database/img_03588_c1_1303398786847752us_rect.jpg 0.452865 0.341211 -0.591494 0.573256 -58.663 -5.57533 -1024.52
database/img_03589_c1_1303398786981132us_rect.jpg 0.452804 0.340655 -0.592936 0.572145 -56.6641 -2.88399 -1025.35
database/img_03590_c1_1303398787047752us_rect.jpg 0.453031 0.340662 -0.592812 0.572089 -56.743 -3.11187 -1025.7
database/img_03591_c1_1303398787114378us_rect.jpg 0.453236 0.340971 -0.59199 0.572594 -57.3981 -4.62276 -1026.02
database/img_03592_c1_1303398787181129us_rect.jpg 0.453175 0.341488 -0.591243 0.573105 -57.8987 -5.70294 -1026.33
database/img_03593_c1_1303398787314380us_rect.jpg 0.452116 0.34301 -0.591069 0.573212 -57.7469 -4.08296 -1027.06
database/img_03594_c1_1303398787381129us_rect.jpg 0.45149 0.343459 -0.591077 0.573429 -56.9834 -3.57023 -1027.46
database/img_03595_c1_1303398787447756us_rect.jpg 0.451668 0.343424 -0.590303 0.574106 -57.032 -5.52357 -1027.81
database/img_03596_c1_1303398787581134us_rect.jpg 0.453303 0.34303 -0.587306 0.576124 -59.1639 -13.145 -1028.32
database/img_03597_c1_1303398787647757us_rect.jpg 0.454093 0.342756 -0.586337 0.576651 -59.9634 -15.7503 -1028.59
database/img_03598_c1_1303398787714382us_rect.jpg 0.454489 0.342576 -0.586027 0.576761 -60.0813 -16.6922 -1028.93
database/img_03599_c1_1303398787781132us_rect.jpg 0.453833 0.343024 -0.586711 0.576317 -59.1236 -14.4997 -1029.37
database/img_03600_c1_1303398787914385us_rect.jpg 0.45029 0.346393 -0.589486 0.574245 -56.9429 -3.30809 -1030.32
database/img_03601_c1_1303398787981133us_rect.jpg 0.449441 0.348404 -0.589988 0.573177 -58.2224 0.934594 -1030.61
database/img_03602_c1_1303398788047758us_rect.jpg 0.449478 0.349567 -0.589971 0.572457 -59.815 2.7936 -1030.88
database/img_03603_c1_1303398788181136us_rect.jpg 0.453426 0.347078 -0.590769 0.570029 -61.9555 2.12282 -1031.47
database/img_03604_c1_1303398788314388us_rect.jpg 0.457531 0.34259 -0.591592 0.568609 -61.211 -1.6328 -1032.22
database/img_03605_c1_1303398788447784us_rect.jpg 0.458299 0.342462 -0.58912 0.570631 -62.1621 -7.85066 -1032.84
database/img_03606_c1_1303398788514386us_rect.jpg 0.457743 0.343638 -0.588118 0.571403 -62.8814 -8.68462 -1033.14
database/img_03608_c1_1303398788714389us_rect.jpg 0.455653 0.347388 -0.587385 0.571559 -64.2109 -5.19605 -1034.15
database/img_03609_c1_1303398788781137us_rect.jpg 0.454846 0.348424 -0.587687 0.571261 -64.0148 -3.03401 -1034.53
database/img_03610_c1_1303398788847762us_rect.jpg 0.454321 0.349074 -0.588138 0.570818 -63.6764 -1.02143 -1034.91
database/img_03611_c1_1303398788981141us_rect.jpg 0.455111 0.348959 -0.588019 0.570382 -64.2084 -1.24944 -1035.58
database/img_03612_c1_1303398789047764us_rect.jpg 0.456017 0.34834 -0.587652 0.570415 -64.5463 -2.88342 -1035.91
database/img_03613_c1_1303398789114390us_rect.jpg 0.456676 0.34786 -0.587291 0.570552 -64.6665 -4.35965 -1036.25
database/img_03614_c1_1303398789247791us_rect.jpg 0.457402 0.347088 -0.586979 0.570762 -64.0669 -6.18036 -1036.99
database/img_03615_c1_1303398789314390us_rect.jpg 0.457255 0.346845 -0.58708 0.570923 -63.0285 -6.39098 -1037.4
database/img_03616_c1_1303398789381141us_rect.jpg 0.457013 0.346881 -0.587274 0.570896 -62.2496 -5.94058 -1037.8
database/img_03617_c1_1303398789514413us_rect.jpg 0.456396 0.347007 -0.588151 0.570409 -60.4456 -3.75002 -1038.62
database/img_03618_c1_1303398789581141us_rect.jpg 0.456361 0.346831 -0.588626 0.570055 -59.6425 -2.85826 -1039.03
database/img_03619_c1_1303398789647768us_rect.jpg 0.456499 0.346588 -0.589133 0.569569 -59.0387 -1.93226 -1039.42
database/img_03620_c1_1303398789781168us_rect.jpg 0.456881 0.345933 -0.589842 0.568926 -57.8144 -1.09323 -1040.2
database/img_03622_c1_1303398789981146us_rect.jpg 0.455932 0.346221 -0.589381 0.569989 -55.5781 -2.16881 -1041.37
database/img_03623_c1_1303398790047770us_rect.jpg 0.455527 0.346534 -0.589147 0.570363 -55.0426 -2.39715 -1041.75
database/img_03624_c1_1303398790181149us_rect.jpg 0.455322 0.346019 -0.589495 0.570481 -53.0455 -2.46321 -1042.56
database/img_03625_c1_1303398790247770us_rect.jpg 0.455635 0.345158 -0.589849 0.570387 -51.7852 -2.89309 -1042.98
database/img_03626_c1_1303398790314396us_rect.jpg 0.455809 0.344798 -0.589927 0.570384 -51.1459 -3.24128 -1043.36
database/img_03627_c1_1303398790447797us_rect.jpg 0.455578 0.345389 -0.589602 0.570548 -51.034 -3.19257 -1044.08
database/img_03629_c1_1303398790581146us_rect.jpg 0.454929 0.345827 -0.589455 0.570952 -49.8836 -3.08625 -1044.85
database/img_03630_c1_1303398790714422us_rect.jpg 0.454173 0.345561 -0.588745 0.572446 -47.5012 -5.61586 -1045.66
database/img_03631_c1_1303398790781147us_rect.jpg 0.453657 0.345474 -0.588289 0.573374 -46.1573 -7.10049 -1046.06
database/img_03632_c1_1303398790847773us_rect.jpg 0.452974 0.34568 -0.587942 0.574147 -44.9604 -7.87679 -1046.45
database/img_03633_c1_1303398790981172us_rect.jpg 0.453089 0.344781 -0.58786 0.57468 -43.0152 -9.55808 -1047.22
database/img_03634_c1_1303398791047773us_rect.jpg 0.453643 0.344446 -0.587578 0.574732 -43.1831 -10.6565 -1047.55
database/img_03636_c1_1303398791247799us_rect.jpg 0.45374 0.344458 -0.588462 0.573743 -42.1625 -8.39454 -1048.66
database/img_03637_c1_1303398791314400us_rect.jpg 0.453597 0.344567 -0.58897 0.573269 -41.6323 -6.97917 -1049.04
database/img_03638_c1_1303398791447781us_rect.jpg 0.453448 0.344813 -0.588884 0.573327 -41.084 -6.85238 -1049.76
database/img_03639_c1_1303398791514424us_rect.jpg 0.45369 0.345215 -0.588175 0.573622 -41.9739 -7.9118 -1050.06
database/img_03640_c1_1303398791581153us_rect.jpg 0.453373 0.346144 -0.587705 0.573795 -42.661 -7.66649 -1050.38
database/img_03641_c1_1303398791714431us_rect.jpg 0.452804 0.347165 -0.588329 0.572988 -42.4895 -4.57523 -1051.09
database/img_03642_c1_1303398791781178us_rect.jpg 0.453083 0.34722 -0.588533 0.572523 -42.7099 -3.87941 -1051.42
database/img_03643_c1_1303398791847779us_rect.jpg 0.453909 0.346592 -0.588425 0.572361 -42.8646 -4.94656 -1051.75
database/img_03644_c1_1303398791914404us_rect.jpg 0.45493 0.345764 -0.587962 0.572526 -43.126 -7.18446 -1052.06
database/img_03645_c1_1303398792047780us_rect.jpg 0.45725 0.345165 -0.586284 0.57276 -46.0579 -11.6959 -1052.57
database/img_03646_c1_1303398792181158us_rect.jpg 0.457555 0.346803 -0.585511 0.572318 -48.7836 -10.8252 -1053.12
database/img_03647_c1_1303398792247781us_rect.jpg 0.457148 0.348363 -0.585316 0.571895 -50.3037 -8.84287 -1053.4
database/img_03648_c1_1303398792381159us_rect.jpg 0.456688 0.350441 -0.585566 0.570736 -52.1712 -4.87211 -1053.99
database/img_03650_c1_1303398792514407us_rect.jpg 0.456956 0.352237 -0.583468 0.571564 -55.382 -7.11889 -1054.46
database/img_03651_c1_1303398792647787us_rect.jpg 0.458027 0.353943 -0.582243 0.570901 -59.7697 -7.00719 -1054.86
database/img_03652_c1_1303398792714409us_rect.jpg 0.458745 0.353808 -0.58298 0.569656 -60.3972 -5.10951 -1055.16
database/img_03653_c1_1303398792781159us_rect.jpg 0.460259 0.352892 -0.583226 0.56875 -61.2978 -5.49803 -1055.42
