database/img_06652_c0_1303399061915879us_rect.jpg 0.689306 0.702652 -0.168879 0.051154 -1252.7 220.935 842.355
database/img_06653_c0_1303399061982621us_rect.jpg 0.690146 0.702438 -0.166991 0.048928 -1247.95 222.417 849.188
database/img_06654_c0_1303399062049226us_rect.jpg 0.690847 0.702165 -0.1656 0.047652 -1245.06 223.283 853.376
database/img_06655_c0_1303399062182628us_rect.jpg 0.691431 0.701992 -0.163997 0.047278 -1243.81 222.181 855.844
database/img_06656_c0_1303399062249228us_rect.jpg 0.690936 0.702452 -0.163981 0.047742 -1245.09 220.094 854.71
database/img_06657_c0_1303399062382605us_rect.jpg 0.689521 0.703591 -0.164661 0.049051 -1248.95 215.67 850.578
database/img_06658_c0_1303399062449228us_rect.jpg 0.689647 0.703091 -0.165942 0.05014 -1252.09 217.195 845.748
database/img_06659_c0_1303399062515854us_rect.jpg 0.690275 0.702015 -0.16738 0.051759 -1256 219.782 839.467
database/img_06660_c0_1303399062649280us_rect.jpg 0.691294 0.699906 -0.170612 0.055989 -1265.54 223.667 824.389
database/img_06661_c0_1303399062715857us_rect.jpg 0.691648 0.6989 -0.172561 0.058179 -1270.69 225.75 816.096
database/img_06662_c0_1303399062849256us_rect.jpg 0.691654 0.697175 -0.178036 0.062164 -1281.71 231.767 797.432
database/img_06663_c0_1303399062915856us_rect.jpg 0.691088 0.696892 -0.18055 0.064341 -1287.38 232.493 788.286
database/img_06664_c0_1303399062982609us_rect.jpg 0.690182 0.697029 -0.182569 0.066843 -1293.17 230.815 779.514
database/img_06665_c0_1303399063115885us_rect.jpg 0.688347 0.697193 -0.18678 0.072202 -1305.19 227.361 760.817
database/img_06666_c0_1303399063182609us_rect.jpg 0.687456 0.697035 -0.189413 0.075294 -1312.03 226.313 749.567
database/img_06667_c0_1303399063249237us_rect.jpg 0.68633 0.697036 -0.192108 0.078655 -1319.26 224.426 737.666
database/img_06668_c0_1303399063382612us_rect.jpg 0.682786 0.697937 -0.198436 0.085499 -1334.54 219.176 711.946
database/img_06670_c0_1303399063515862us_rect.jpg 0.678967 0.698737 -0.205543 0.092315 -1349.86 215.263 684.457
database/img_06671_c0_1303399063649237us_rect.jpg 0.675702 0.698445 -0.213587 0.09991 -1365.94 214.183 652.956
database/img_06672_c0_1303399063715863us_rect.jpg 0.674471 0.697558 -0.218198 0.104364 -1374.71 215.243 634.378
database/img_06673_c0_1303399063849263us_rect.jpg 0.672149 0.695136 -0.227969 0.114155 -1392.74 218.019 593.754
database/img_06674_c0_1303399063915887us_rect.jpg 0.67021 0.694544 -0.232685 0.119523 -1401.97 216.545 572.714
database/img_06675_c0_1303399063982613us_rect.jpg 0.667743 0.694286 -0.237512 0.125196 -1411.41 213.727 550.727
database/img_06676_c0_1303399064115891us_rect.jpg 0.662573 0.693094 -0.249025 0.136398 -1429.9 212.505 502.662
database/img_06677_c0_1303399064182615us_rect.jpg 0.660022 0.691857 -0.255839 0.142307 -1439.18 214.318 475.388
database/img_06678_c0_1303399064249241us_rect.jpg 0.65753 0.690331 -0.262764 0.148498 -1448.21 216.358 446.974
database/img_06679_c0_1303399064382618us_rect.jpg 0.652826 0.686927 -0.275701 0.161057 -1464.47 219.214 390.858
database/img_06680_c0_1303399064449241us_rect.jpg 0.65118 0.684493 -0.281896 0.167239 -1471.48 221.939 363.104
database/img_06681_c0_1303399064515867us_rect.jpg 0.649835 0.6814 -0.288688 0.1734 -1477.93 226.918 333.805
database/img_06682_c0_1303399064649267us_rect.jpg 0.647262 0.674653 -0.302757 0.185022 -1488.61 239.588 275.048
database/img_06683_c0_1303399064715867us_rect.jpg 0.645513 0.671776 -0.309117 0.190987 -1493.31 243.192 246.576
database/img_06684_c0_1303399064849245us_rect.jpg 0.641212 0.666444 -0.321592 0.20317 -1501.49 248.071 189.171
database/img_06685_c0_1303399064915868us_rect.jpg 0.638922 0.66381 -0.327707 0.20915 -1504.75 250.246 160.774
database/img_06686_c0_1303399064982617us_rect.jpg 0.636679 0.660938 -0.334085 0.214916 -1507.3 253.597 132.112
database/img_06687_c0_1303399065115894us_rect.jpg 0.632157 0.654748 -0.346849 0.226669 -1510.81 260.244 73.7137
database/img_06688_c0_1303399065182619us_rect.jpg 0.629819 0.651724 -0.352946 0.232408 -1511.78 263.04 45.2997
database/img_06689_c0_1303399065316052us_rect.jpg 0.625091 0.646137 -0.363894 0.243616 -1512.59 265.995 -8.3145
database/img_06690_c0_1303399065382645us_rect.jpg 0.623114 0.642782 -0.368921 0.249915 -1512.5 266.069 -36.1283
database/img_06692_c0_1303399065582649us_rect.jpg 0.617506 0.630075 -0.386342 0.269131 -1507.45 272.52 -126.885
database/img_06693_c0_1303399065649269us_rect.jpg 0.614631 0.626751 -0.391961 0.27528 -1504.97 272.978 -155.978
database/img_06695_c0_1303399065849273us_rect.jpg 0.603925 0.618828 -0.409152 0.291414 -1494.64 276.148 -237.962
database/img_06697_c0_1303399065982624us_rect.jpg 0.599047 0.610859 -0.420654 0.301735 -1484.31 282.872 -292.628
database/img_06698_c0_1303399066115878us_rect.jpg 0.593455 0.603407 -0.431393 0.312427 -1472.71 286.158 -346.454
database/img_06701_c0_1303399066382648us_rect.jpg 0.579378 0.592484 -0.449646 0.33332 -1448.24 282.019 -444.46
database/img_06702_c0_1303399066449251us_rect.jpg 0.576499 0.589299 -0.454046 0.337963 -1441.27 282.458 -467.26
database/img_06703_c0_1303399066582626us_rect.jpg 0.571158 0.583199 -0.461616 0.347228 -1427.68 280.746 -509.92
database/img_06705_c0_1303399066782629us_rect.jpg 0.563189 0.577055 -0.470969 0.35779 -1410.04 278.794 -559.971
database/img_06708_c0_1303399067049280us_rect.jpg 0.554615 0.569011 -0.480565 0.37106 -1387.87 272.578 -617.932
database/img_06710_c0_1303399067182630us_rect.jpg 0.551028 0.56465 -0.485258 0.376912 -1376.36 271.283 -644.677
database/img_06714_c0_1303399067582633us_rect.jpg 0.540515 0.557372 -0.496653 0.387963 -1349.74 272.225 -700.52
database/img_06717_c0_1303399067915882us_rect.jpg 0.53453 0.553374 -0.501255 0.395978 -1334.82 265.124 -732.299
database/img_06729_c0_1303399068982666us_rect.jpg 0.529009 0.543136 -0.499637 0.418947 -1311.93 215.817 -789.359
database/img_06734_c0_1303399069449295us_rect.jpg 0.521508 0.53689 -0.505332 0.42944 -1289 205.976 -829.933
database/img_06738_c0_1303399069782643us_rect.jpg 0.507914 0.530094 -0.515481 0.441931 -1253.55 200.226 -885.206
database/img_06741_c0_1303399070049271us_rect.jpg 0.496707 0.516952 -0.528072 0.455174 -1207.53 200.913 -948.161
database/img_06743_c0_1303399070249276us_rect.jpg 0.483169 0.510683 -0.537991 0.465099 -1170.06 200.712 -995.122
database/img_06746_c0_1303399070515899us_rect.jpg 0.463181 0.497824 -0.55423 0.480067 -1104.77 204.916 -1067.83
database/img_06748_c0_1303399070649273us_rect.jpg 0.454397 0.489119 -0.562483 0.487749 -1068.4 207.532 -1104.51
database/img_06750_c0_1303399070849299us_rect.jpg 0.437187 0.475685 -0.573676 0.503475 -1004.11 199.873 -1165.77
database/img_06752_c0_1303399070982650us_rect.jpg 0.422832 0.469151 -0.581154 0.513197 -960.157 196.773 -1203.54
database/img_06753_c0_1303399071115929us_rect.jpg 0.409571 0.460273 -0.589049 0.522897 -912.101 195.088 -1241.43
database/img_06755_c0_1303399071315900us_rect.jpg 0.39035 0.443018 -0.602337 0.53717 -830.394 196.56 -1298.49
database/img_06756_c0_1303399071382654us_rect.jpg 0.383781 0.437628 -0.606304 0.541839 -803.395 196.314 -1315.81
database/img_06757_c0_1303399071515926us_rect.jpg 0.370311 0.426154 -0.613984 0.551621 -746.53 194.423 -1349.97
database/img_06759_c0_1303399071649280us_rect.jpg 0.356854 0.411611 -0.621639 0.562847 -681.379 188.938 -1385.57
database/img_06760_c0_1303399071782654us_rect.jpg 0.342432 0.39949 -0.628448 0.572889 -619.77 184.911 -1415.53
database/img_06762_c0_1303399071982658us_rect.jpg 0.321194 0.382098 -0.63761 0.586761 -529.579 179.516 -1453.54
database/img_06763_c0_1303399072049279us_rect.jpg 0.314628 0.375582 -0.64064 0.591209 -498.663 177.669 -1465.05
database/img_06764_c0_1303399072183566us_rect.jpg 0.302037 0.361824 -0.64671 0.599686 -436.029 174.328 -1486.1
database/img_06765_c0_1303399072249283us_rect.jpg 0.295748 0.355356 -0.649717 0.603426 -405.764 173.762 -1495.11
database/img_06767_c0_1303399072449284us_rect.jpg 0.273395 0.339742 -0.657937 0.613962 -317.116 175.519 -1517.38
database/img_06768_c0_1303399072515909us_rect.jpg 0.265836 0.334915 -0.660124 0.617576 -288.329 175.119 -1523.57
database/img_06769_c0_1303399072582660us_rect.jpg 0.25917 0.329014 -0.661718 0.62186 -258.685 171.056 -1529.73
database/img_06770_c0_1303399072715915us_rect.jpg 0.248709 0.313993 -0.664432 0.630938 -197.397 157.297 -1541.08
database/img_06771_c0_1303399072782661us_rect.jpg 0.243972 0.306383 -0.665101 0.635805 -167.63 147.753 -1545.92
database/img_06773_c0_1303399072982665us_rect.jpg 0.231995 0.286455 -0.668349 0.64609 -91.3106 130.394 -1554.96
database/img_06775_c0_1303399073115914us_rect.jpg 0.225987 0.271691 -0.671155 0.651663 -41.4495 119.88 -1558.69
database/img_06776_c0_1303399073182665us_rect.jpg 0.22235 0.265354 -0.673394 0.653214 -17.9126 119.929 -1559.51
database/img_06777_c0_1303399073315915us_rect.jpg 0.211953 0.257794 -0.678708 0.654197 22.9809 132.049 -1559.22
database/img_06778_c0_1303399073382665us_rect.jpg 0.205546 0.255652 -0.681358 0.654328 41.8345 141.037 -1558.43
database/img_06779_c0_1303399073449290us_rect.jpg 0.198278 0.255552 -0.682695 0.655215 57.3678 148.043 -1557.66
database/img_06780_c0_1303399073582690us_rect.jpg 0.181228 0.253346 -0.680866 0.662867 99.0033 142.026 -1556.88
database/img_06781_c0_1303399073649291us_rect.jpg 0.174522 0.250446 -0.678633 0.668039 120.575 130.951 -1556.7
database/img_06782_c0_1303399073715916us_rect.jpg 0.168966 0.246381 -0.677621 0.671995 142.443 123.091 -1555.86
database/img_06783_c0_1303399073849295us_rect.jpg 0.162824 0.235755 -0.680652 0.674256 180.969 122.671 -1552.62
database/img_06784_c0_1303399073915918us_rect.jpg 0.161712 0.229841 -0.683454 0.673731 197.318 125.96 -1550.73
database/img_06785_c0_1303399073982669us_rect.jpg 0.160749 0.223417 -0.685115 0.674435 214.7 123.764 -1548.95
database/img_06786_c0_1303399074115948us_rect.jpg 0.155878 0.212261 -0.68537 0.678907 251.585 110.922 -1545.07
database/img_06787_c0_1303399074182670us_rect.jpg 0.151187 0.208822 -0.685006 0.681398 269.499 106.971 -1542.68
database/img_06789_c0_1303399074315920us_rect.jpg 0.140891 0.203824 -0.685071 0.685042 302.409 106.042 -1537.34
database/img_06790_c0_1303399074449295us_rect.jpg 0.131522 0.197252 -0.686034 0.687859 336.831 106.498 -1530.82
database/img_06791_c0_1303399074515922us_rect.jpg 0.127781 0.193449 -0.686567 0.689112 353.232 105.729 -1527.52
database/img_06792_c0_1303399074582671us_rect.jpg 0.124606 0.189512 -0.68694 0.690414 368.747 103.818 -1524.32
database/img_06793_c0_1303399074715919us_rect.jpg 0.11898 0.181412 -0.686985 0.69353 398.741 96.5692 -1517.88
database/img_06794_c0_1303399074782670us_rect.jpg 0.116484 0.177175 -0.686898 0.695135 413.461 92.0947 -1514.54
database/img_06795_c0_1303399074982708us_rect.jpg 0.107198 0.166071 -0.688029 0.698244 456.964 88.2037 -1503.18
database/img_06796_c0_1303399075182712us_rect.jpg 0.097184 0.157812 -0.690479 0.699206 494.667 94.6473 -1491.74
database/img_06798_c0_1303399075382700us_rect.jpg 0.089899 0.149295 -0.692964 0.699593 527.124 98.8047 -1481.23
database/img_06799_c0_1303399075449303us_rect.jpg 0.087879 0.146447 -0.693399 0.700021 537.137 98.3358 -1477.96
database/img_06800_c0_1303399075515927us_rect.jpg 0.085953 0.143587 -0.69336 0.70089 547.019 95.9646 -1474.79
database/img_06801_c0_1303399075649303us_rect.jpg 0.082061 0.138424 -0.692261 0.703477 565.621 88.2143 -1468.82
database/img_06802_c0_1303399075715927us_rect.jpg 0.0804 0.136802 -0.692266 0.70398 572.081 87.5811 -1466.64
database/img_06803_c0_1303399075782678us_rect.jpg 0.078995 0.134967 -0.692815 0.703954 578.445 88.4789 -1464.38
database/img_06804_c0_1303399075915971us_rect.jpg 0.077013 0.130815 -0.69383 0.703958 590.616 88.4868 -1460.1
database/img_06805_c0_1303399075982702us_rect.jpg 0.07577 0.128755 -0.69367 0.70463 597.209 86.2351 -1457.83
database/img_06806_c0_1303399076049305us_rect.jpg 0.074161 0.127115 -0.692988 0.705769 603.611 82.9743 -1455.67
database/img_06807_c0_1303399076115930us_rect.jpg 0.072492 0.126158 -0.692474 0.706618 608.575 81.3876 -1453.97
database/img_06808_c0_1303399076249329us_rect.jpg 0.069608 0.124334 -0.692083 0.707613 617.322 80.3362 -1450.9
database/img_06809_c0_1303399076315931us_rect.jpg 0.06862 0.122557 -0.691598 0.708494 622.764 77.0567 -1449.03
database/img_06810_c0_1303399076449329us_rect.jpg 0.067494 0.118205 -0.690937 0.709985 633.68 69.6958 -1445.22
database/img_06811_c0_1303399076515930us_rect.jpg 0.066554 0.116411 -0.690548 0.710747 639.002 66.7426 -1443.29
database/img_06812_c0_1303399076582681us_rect.jpg 0.065384 0.115129 -0.689947 0.711649 643.662 63.9534 -1441.62
database/img_06813_c0_1303399076715962us_rect.jpg 0.063421 0.111971 -0.688516 0.713713 653.541 56.3333 -1438.04
database/img_06814_c0_1303399076782683us_rect.jpg 0.062566 0.110567 -0.687955 0.714547 657.815 53.2306 -1436.48
database/img_06815_c0_1303399076849309us_rect.jpg 0.061884 0.108985 -0.687716 0.71508 662.103 50.8992 -1434.86
database/img_06816_c0_1303399076982689us_rect.jpg 0.060188 0.105428 -0.687208 0.716246 672.131 45.9731 -1430.91
database/img_06817_c0_1303399077049308us_rect.jpg 0.058936 0.104467 -0.687211 0.716488 676.118 46.0491 -1429.3
database/img_06818_c0_1303399077115934us_rect.jpg 0.057191 0.10396 -0.686788 0.717108 680.11 45.7283 -1427.68
database/img_06819_c0_1303399077249325us_rect.jpg 0.052161 0.104454 -0.684539 0.719566 687.948 43.7652 -1424.54
database/img_06820_c0_1303399077315935us_rect.jpg 0.048998 0.104768 -0.682975 0.721227 693.003 42.0771 -1422.41
database/img_06821_c0_1303399077382686us_rect.jpg 0.046001 0.105083 -0.682154 0.722155 697.632 43.0009 -1420.39
database/img_06822_c0_1303399077515948us_rect.jpg 0.041218 0.104596 -0.683118 0.721602 706.572 51.597 -1416.23
database/img_06823_c0_1303399077582711us_rect.jpg 0.039695 0.103805 -0.684274 0.720707 710.464 56.6104 -1414.36
database/img_06824_c0_1303399077715965us_rect.jpg 0.03736 0.100962 -0.685976 0.719617 719.691 61.8562 -1410
database/img_06825_c0_1303399077782689us_rect.jpg 0.036165 0.099357 -0.686529 0.719373 724.779 63.1768 -1407.6
database/img_06826_c0_1303399077849315us_rect.jpg 0.034622 0.098309 -0.687017 0.719128 729.321 65.4414 -1405.41
database/img_06827_c0_1303399077982717us_rect.jpg 0.03064 0.097061 -0.687107 0.719392 738.332 69.0133 -1401.05
database/img_06828_c0_1303399078049315us_rect.jpg 0.028434 0.096496 -0.687208 0.719462 743.075 71.3873 -1398.67
database/img_06829_c0_1303399078115951us_rect.jpg 0.026333 0.095397 -0.687409 0.719496 748.738 73.2945 -1395.81
database/img_06830_c0_1303399078182691us_rect.jpg 0.024514 0.093981 -0.688251 0.718942 754.447 76.7809 -1392.81
database/img_06831_c0_1303399078315951us_rect.jpg 0.021403 0.090608 -0.689853 0.717938 766.017 82.0794 -1386.67
database/img_06832_c0_1303399078382693us_rect.jpg 0.019764 0.089119 -0.69019 0.717847 771.583 83.4259 -1383.75
database/img_06833_c0_1303399078449318us_rect.jpg 0.018146 0.087442 -0.689932 0.718344 777.595 82.3219 -1380.69
database/img_06834_c0_1303399078582694us_rect.jpg 0.014827 0.0842 -0.688326 0.720345 789.658 76.4681 -1374.64
database/img_06835_c0_1303399078649319us_rect.jpg 0.013131 0.082733 -0.687794 0.721057 795.364 74.8172 -1371.67
database/img_06836_c0_1303399078715951us_rect.jpg 0.011171 0.081322 -0.687313 0.721709 801.395 73.8105 -1368.44
database/img_06837_c0_1303399078849347us_rect.jpg 0.006839 0.078933 -0.686582 0.722722 813.189 73.854 -1361.91
database/img_06838_c0_1303399078915955us_rect.jpg 0.004233 0.077757 -0.686227 0.723208 819.801 74.5822 -1358.13
database/img_06839_c0_1303399078982696us_rect.jpg 0.00189 0.076562 -0.68609 0.723475 825.921 75.7455 -1354.58
database/img_06840_c0_1303399079115972us_rect.jpg 0.002187 -0.073685 0.686906 -0.722998 837.852 80.5599 -1347.38
database/img_06841_c0_1303399079182696us_rect.jpg 0.003697 -0.072003 0.687402 -0.72269 843.358 82.2337 -1344.05
database/img_06842_c0_1303399079249321us_rect.jpg 0.005249 -0.070002 0.687336 -0.72294 849.682 81.5357 -1340.3
database/img_06843_c0_1303399079315950us_rect.jpg 0.006983 -0.067941 0.686953 -0.723485 856.477 79.9043 -1336.27
database/img_06844_c0_1303399079449325us_rect.jpg 0.010921 -0.065262 0.685911 -0.724671 867.894 78.3194 -1329.36
database/img_06845_c0_1303399079515950us_rect.jpg 0.013218 -0.064068 0.685118 -0.725489 873.894 77.2737 -1325.69
database/img_06846_c0_1303399079582701us_rect.jpg 0.015182 -0.062629 0.684489 -0.72617 879.78 76.0291 -1322.06
database/img_06847_c0_1303399079716084us_rect.jpg 0.018111 -0.058971 0.683886 -0.726976 891.255 73.4185 -1314.86
database/img_06848_c0_1303399079782698us_rect.jpg 0.01935 -0.057268 0.68402 -0.726954 896.25 73.4975 -1311.63
database/img_06849_c0_1303399079849323us_rect.jpg 0.020666 -0.055601 0.684043 -0.727026 901.315 73.353 -1308.35
database/img_06850_c0_1303399079982703us_rect.jpg 0.023656 -0.052707 0.684144 -0.727055 911.099 74.4154 -1301.83
database/img_06851_c0_1303399080049324us_rect.jpg 0.025336 -0.051262 0.683996 -0.727241 916.311 74.5486 -1298.33
database/img_06852_c0_1303399080115953us_rect.jpg 0.026936 -0.049932 0.683786 -0.727473 921.152 74.5124 -1295.06
database/img_06853_c0_1303399080249351us_rect.jpg 0.03003 -0.047164 0.683132 -0.728152 930.886 73.3514 -1288.47
database/img_06854_c0_1303399080315951us_rect.jpg 0.031242 -0.045717 0.682832 -0.728474 935.297 72.2898 -1285.49
database/img_06855_c0_1303399080449325us_rect.jpg 0.032929 -0.042307 0.682683 -0.728745 943.798 69.9377 -1279.68
database/img_06856_c0_1303399080582706us_rect.jpg 0.03459 -0.039119 0.683145 -0.728414 951.66 69.9734 -1274.13
database/img_06857_c0_1303399080649330us_rect.jpg 0.036058 -0.037806 0.683138 -0.728418 956.107 70.5402 -1270.9
database/img_06858_c0_1303399080715954us_rect.jpg 0.037682 -0.036727 0.683266 -0.728271 960.319 72.1336 -1267.77
database/img_06859_c0_1303399080849331us_rect.jpg 0.041435 -0.034744 0.683657 -0.727798 969.154 76.8653 -1261.03
database/img_06860_c0_1303399080915972us_rect.jpg 0.043072 -0.033821 0.684109 -0.727321 972.98 79.847 -1258.02
database/img_06861_c0_1303399080982707us_rect.jpg 0.044329 -0.0326 0.684586 -0.726853 976.761 81.9152 -1255.09
database/img_06862_c0_1303399081115960us_rect.jpg 0.046907 -0.03003 0.685013 -0.726399 984.731 84.1936 -1248.94
database/img_06863_c0_1303399081182730us_rect.jpg 0.048553 -0.028681 0.684663 -0.726675 989.497 83.8964 -1245.32
database/img_06864_c0_1303399081249332us_rect.jpg 0.050178 -0.027703 0.684109 -0.727125 993.539 83.3557 -1242.25
database/img_06865_c0_1303399081382729us_rect.jpg 0.053767 -0.026892 0.683159 -0.727791 999.892 84.9244 -1237.27
database/img_06866_c0_1303399081449331us_rect.jpg 0.055571 -0.026486 0.682486 -0.728301 1003.11 85.071 -1234.76
database/img_06867_c0_1303399081515958us_rect.jpg 0.057075 -0.025639 0.681829 -0.728831 1006.7 84.2177 -1232.01
database/img_06868_c0_1303399081649336us_rect.jpg 0.058743 -0.022839 0.681426 -0.729169 1013.7 82.0059 -1226.62
database/img_06869_c0_1303399081715960us_rect.jpg 0.059354 -0.021727 0.681718 -0.72888 1016.18 82.5906 -1224.62
database/img_06870_c0_1303399081849454us_rect.jpg 0.061447 -0.019993 0.682305 -0.728206 1021.55 85.8755 -1220.11
database/img_06871_c0_1303399081915960us_rect.jpg 0.062498 -0.019228 0.68251 -0.727946 1024.07 87.3541 -1217.99
database/img_06872_c0_1303399082049364us_rect.jpg 0.06479 -0.017279 0.682715 -0.727602 1030.19 89.4091 -1212.86
database/img_06873_c0_1303399082115966us_rect.jpg 0.065952 -0.016488 0.682863 -0.727376 1032.91 90.8672 -1210.53
database/img_06874_c0_1303399082182711us_rect.jpg 0.067216 -0.015811 0.68276 -0.727373 1035.62 91.7883 -1208.23
database/img_06875_c0_1303399082315966us_rect.jpg 0.068932 -0.014059 0.682888 -0.727128 1040.46 92.8921 -1204.16
database/img_06876_c0_1303399082382712us_rect.jpg 0.069512 -0.012736 0.682757 -0.72722 1043.34 91.7338 -1201.84
database/img_06877_c0_1303399082515965us_rect.jpg 0.070591 -0.01051 0.682406 -0.727481 1048.18 89.5273 -1197.93
database/img_06878_c0_1303399082582715us_rect.jpg 0.071334 -0.009783 0.682169 -0.727641 1050.19 89.0648 -1196.28
database/img_06879_c0_1303399082717040us_rect.jpg 0.072533 -0.008406 0.682022 -0.727678 1053.57 88.8528 -1193.47
database/img_06880_c0_1303399082782715us_rect.jpg 0.073163 -0.007828 0.68196 -0.727679 1055.09 88.9865 -1192.19
database/img_06881_c0_1303399082849342us_rect.jpg 0.073708 -0.00718 0.68183 -0.727752 1056.62 88.6552 -1190.92
database/img_06882_c0_1303399082982737us_rect.jpg 0.075139 -0.005687 0.681673 -0.727766 1060.54 88.689 -1187.56
database/img_06883_c0_1303399083049342us_rect.jpg 0.075536 -0.00497 0.681914 -0.727505 1061.9 89.2665 -1186.36
database/img_06884_c0_1303399083182718us_rect.jpg 0.076372 -0.00344 0.68204 -0.727308 1064.92 89.184 -1183.78
database/img_06885_c0_1303399083249343us_rect.jpg 0.076632 -0.002402 0.681771 -0.727537 1066.77 87.3953 -1182.31
database/img_06886_c0_1303399083315978us_rect.jpg 0.076943 -0.001343 0.681161 -0.728078 1068.78 84.5191 -1180.76
database/img_06887_c0_1303399083449370us_rect.jpg 0.077709 0.000212 0.679788 -0.72928 1072.01 79.2315 -1178.31
database/img_06888_c0_1303399083515969us_rect.jpg 0.077926 0.001032 0.679204 -0.7298 1073.43 76.5975 -1177.24
database/img_06889_c0_1303399083582720us_rect.jpg 0.078083 0.001859 0.678613 -0.730332 1074.77 73.824 -1176.25
database/img_06890_c0_1303399083715994us_rect.jpg 0.07872 0.004102 0.676618 -0.732103 1079.14 65.3937 -1172.85
database/img_06891_c0_1303399083782721us_rect.jpg 0.078912 0.005012 0.67601 -0.732638 1080.66 62.5377 -1171.65
database/img_06892_c0_1303399083849346us_rect.jpg 0.079299 0.005879 0.675693 -0.732882 1082.35 61.059 -1170.22
database/img_06893_c0_1303399083982723us_rect.jpg 0.07924 0.00776 0.676092 -0.732503 1084.54 59.8994 -1168.35
database/img_06894_c0_1303399084049348us_rect.jpg 0.079794 0.008732 0.676202 -0.73233 1086.58 60.0118 -1166.5
database/img_06895_c0_1303399084115973us_rect.jpg 0.080531 0.009217 0.676498 -0.73197 1087.98 61.6799 -1165.16
database/img_06896_c0_1303399084249380us_rect.jpg 0.083341 0.009661 0.676849 -0.731325 1091.86 67.243 -1161.31
database/img_06897_c0_1303399084315974us_rect.jpg 0.084853 0.009782 0.677134 -0.730886 1093.75 70.719 -1159.38
database/img_06898_c0_1303399084449376us_rect.jpg 0.08776 0.010511 0.677155 -0.730513 1098.29 75.0463 -1154.9
database/img_06899_c0_1303399084515974us_rect.jpg 0.088455 0.011494 0.67702 -0.730539 1100.58 74.5985 -1152.78
database/img_06900_c0_1303399084582725us_rect.jpg 0.0888 0.01292 0.67649 -0.730965 1103.22 71.6506 -1150.48
database/img_06901_c0_1303399084715973us_rect.jpg 0.089739 0.015493 0.675128 -0.732058 1108.39 65.5727 -1145.93
database/img_06902_c0_1303399084782724us_rect.jpg 0.090672 0.016514 0.674333 -0.732654 1111.19 63.3286 -1143.37
database/img_06903_c0_1303399084916619us_rect.jpg 0.09315 0.018159 0.673497 -0.733072 1116.82 62.9805 -1137.95
database/img_06904_c0_1303399084982749us_rect.jpg 0.09507 0.019217 0.673186 -0.733085 1121 64.1161 -1133.81
database/img_06905_c0_1303399085049352us_rect.jpg 0.097105 0.019868 0.673142 -0.732841 1124.56 66.8762 -1130.13
database/img_06906_c0_1303399085115975us_rect.jpg 0.099113 0.020551 0.673263 -0.732442 1128.09 70.1076 -1126.43
database/img_06907_c0_1303399085249378us_rect.jpg 0.102976 0.022656 0.673497 -0.731631 1136.16 75.3798 -1117.98
database/img_06908_c0_1303399085315978us_rect.jpg 0.104835 0.024019 0.673527 -0.731296 1140.62 77.2318 -1113.32
database/img_06909_c0_1303399085382729us_rect.jpg 0.106725 0.02556 0.673291 -0.731188 1145.46 78.0575 -1108.29
database/img_06910_c0_1303399085516005us_rect.jpg 0.1104 0.029009 0.673199 -0.730598 1155.48 80.3592 -1097.67
database/img_06911_c0_1303399085582730us_rect.jpg 0.112316 0.030542 0.673499 -0.729967 1160.15 83.0481 -1092.52
database/img_06912_c0_1303399085649356us_rect.jpg 0.114126 0.031935 0.673763 -0.729383 1164.43 85.5981 -1087.75
database/img_06913_c0_1303399085782735us_rect.jpg 0.118216 0.035253 0.673697 -0.728639 1174.56 89.0416 -1076.48
database/img_06914_c0_1303399085849357us_rect.jpg 0.120129 0.037133 0.67374 -0.728193 1179.77 90.5074 -1070.62
database/img_06915_c0_1303399085915983us_rect.jpg 0.122266 0.039023 0.673667 -0.727806 1185.28 92.0309 -1064.35
database/img_06916_c0_1303399086049360us_rect.jpg 0.126527 0.042491 0.673856 -0.726708 1195.59 96.5767 -1052.27
database/img_06917_c0_1303399086116005us_rect.jpg 0.128833 0.044274 0.673795 -0.726252 1201.03 98.6606 -1045.81
database/img_06918_c0_1303399086182734us_rect.jpg 0.131061 0.045942 0.673864 -0.725686 1206.11 101.17 -1039.64
database/img_06919_c0_1303399086249359us_rect.jpg 0.13334 0.047741 0.673756 -0.725254 1211.48 103.072 -1033.13
database/img_06920_c0_1303399086382757us_rect.jpg 0.138463 0.051529 0.67314 -0.724607 1223.2 106.542 -1018.73
database/img_06921_c0_1303399086449360us_rect.jpg 0.14089 0.053495 0.67277 -0.72434 1228.96 107.765 -1011.57
database/img_06922_c0_1303399086582737us_rect.jpg 0.145474 0.057244 0.672462 -0.723433 1239.63 111.345 -997.894
database/img_06923_c0_1303399086649385us_rect.jpg 0.147487 0.059255 0.672219 -0.723089 1244.81 112.152 -991.228
database/img_06924_c0_1303399086715987us_rect.jpg 0.149372 0.061632 0.671991 -0.722716 1250.38 112.308 -984.065
database/img_06925_c0_1303399086849363us_rect.jpg 0.153313 0.066393 0.672104 -0.721362 1261.47 114.797 -969.281
database/img_06926_c0_1303399086916009us_rect.jpg 0.155641 0.068652 0.672151 -0.720608 1267.18 116.916 -961.427
database/img_06927_c0_1303399086982737us_rect.jpg 0.158181 0.070531 0.672242 -0.719788 1272.48 120.1 -953.873
database/img_06928_c0_1303399087116154us_rect.jpg 0.163057 0.074591 0.672057 -0.718463 1283.26 124.582 -938.458
database/img_06652_c1_1303399061915898us_rect.jpg 0.378495 0.465588 -0.605783 0.52249 -876.147 238.293 -1228.19
database/img_06653_c1_1303399061982646us_rect.jpg 0.380149 0.46716 -0.604771 0.521057 -882.747 238.658 -1223.53
database/img_06654_c1_1303399062049271us_rect.jpg 0.381736 0.467929 -0.604174 0.519898 -887.257 239.428 -1220.26
database/img_06655_c1_1303399062182648us_rect.jpg 0.383076 0.468192 -0.603287 0.519706 -889.621 237.634 -1219.14
database/img_06656_c1_1303399062249271us_rect.jpg 0.382687 0.468136 -0.602857 0.520541 -888.302 235.022 -1220.74
database/img_06657_c1_1303399062382648us_rect.jpg 0.381201 0.467897 -0.60244 0.522327 -883.959 230.653 -1224.98
database/img_06658_c1_1303399062449272us_rect.jpg 0.3804 0.466734 -0.603374 0.522871 -879.106 231.775 -1228.38
database/img_06659_c1_1303399062515898us_rect.jpg 0.379849 0.464969 -0.604742 0.523264 -873.258 234.145 -1232.24
database/img_06660_c1_1303399062649304us_rect.jpg 0.378791 0.459952 -0.608195 0.524461 -857.959 239.588 -1242.18
database/img_06661_c1_1303399062715899us_rect.jpg 0.37778 0.457521 -0.609854 0.52539 -849.534 241.518 -1247.73
database/img_06662_c1_1303399062849279us_rect.jpg 0.374088 0.453192 -0.613817 0.527166 -830.614 247.236 -1259.59
database/img_06663_c1_1303399062915901us_rect.jpg 0.371984 0.451449 -0.615274 0.528451 -821.678 248.172 -1265.41
database/img_06664_c1_1303399062982651us_rect.jpg 0.369853 0.449817 -0.616004 0.530484 -812.978 245.977 -1271.6
database/img_06665_c1_1303399063115903us_rect.jpg 0.365821 0.44585 -0.618066 0.534216 -794.208 243.543 -1284.2
database/img_06666_c1_1303399063182652us_rect.jpg 0.363307 0.443573 -0.619284 0.536412 -783.063 242.152 -1291.46
database/img_06667_c1_1303399063249276us_rect.jpg 0.360511 0.441254 -0.620357 0.538965 -771.222 239.775 -1299.17
database/img_06668_c1_1303399063382679us_rect.jpg 0.353485 0.437049 -0.622374 0.54469 -745.628 233.91 -1315.44
database/img_06670_c1_1303399063515904us_rect.jpg 0.345976 0.432606 -0.624955 0.550076 -718.313 230.213 -1331.56
database/img_06671_c1_1303399063649303us_rect.jpg 0.338085 0.427118 -0.628264 0.555475 -687.444 228.22 -1348.49
database/img_06672_c1_1303399063715905us_rect.jpg 0.334241 0.423305 -0.630822 0.557817 -669.456 229.798 -1357.45
database/img_06673_c1_1303399063849286us_rect.jpg 0.325835 0.414893 -0.63598 0.563228 -629.858 231.659 -1376.37
database/img_06674_c1_1303399063915910us_rect.jpg 0.321391 0.410606 -0.637979 0.566652 -609.275 229.91 -1386.12
database/img_06675_c1_1303399063982656us_rect.jpg 0.316458 0.406441 -0.639705 0.570471 -587.939 226.981 -1396
database/img_06676_c1_1303399064115912us_rect.jpg 0.305034 0.397738 -0.64419 0.577735 -540.966 224.816 -1415.67
database/img_06677_c1_1303399064182657us_rect.jpg 0.298711 0.392617 -0.64713 0.581246 -514.182 225.656 -1425.73
database/img_06678_c1_1303399064249283us_rect.jpg 0.292245 0.387158 -0.650212 0.584745 -486.196 226.842 -1435.57
database/img_06679_c1_1303399064382683us_rect.jpg 0.280246 0.375846 -0.655976 0.591521 -431.047 228.265 -1453.37
database/img_06680_c1_1303399064449283us_rect.jpg 0.274903 0.369633 -0.659166 0.59439 -403.392 230.148 -1461.26
database/img_06681_c1_1303399064515909us_rect.jpg 0.269434 0.363052 -0.663011 0.59667 -374.554 234.521 -1468.49
database/img_06682_c1_1303399064649291us_rect.jpg 0.258086 0.349914 -0.671003 0.600589 -316.126 245.243 -1481
database/img_06683_c1_1303399064715910us_rect.jpg 0.252554 0.343711 -0.674222 0.602913 -288.139 248.168 -1486.5
database/img_06684_c1_1303399064849311us_rect.jpg 0.241074 0.331376 -0.679913 0.608105 -231.513 251.494 -1496.4
database/img_06685_c1_1303399064915912us_rect.jpg 0.235338 0.325306 -0.682639 0.610571 -203.513 253.161 -1500.48
database/img_06686_c1_1303399064982662us_rect.jpg 0.229462 0.31908 -0.685584 0.612789 -174.884 255.771 -1503.95
database/img_06687_c1_1303399065115916us_rect.jpg 0.217655 0.306268 -0.691321 0.617172 -116.742 260.493 -1509.38
database/img_06688_c1_1303399065182663us_rect.jpg 0.2118 0.300134 -0.693934 0.619287 -88.5662 262.529 -1511.26
database/img_06689_c1_1303399065316074us_rect.jpg 0.200787 0.287958 -0.698324 0.623786 -34.031 263.746 -1513.88
database/img_06690_c1_1303399065382664us_rect.jpg 0.196054 0.281055 -0.70053 0.625962 -6.34269 263.32 -1514.63
database/img_06692_c1_1303399065582668us_rect.jpg 0.179703 0.258396 -0.708898 0.631191 85.3195 267.988 -1512.36
database/img_06693_c1_1303399065649291us_rect.jpg 0.173866 0.251636 -0.710898 0.633304 114.422 267.912 -1510.75
database/img_06695_c1_1303399065849294us_rect.jpg 0.153997 0.234616 -0.715264 0.64003 197.439 268.143 -1503.04
database/img_06697_c1_1303399065982667us_rect.jpg 0.142341 0.221436 -0.719915 0.642206 253.398 273.282 -1494.31
database/img_06698_c1_1303399066115919us_rect.jpg 0.130877 0.20838 -0.723652 0.644808 308.134 275.476 -1484.19
database/img_06701_c1_1303399066382670us_rect.jpg 0.10807 0.185797 -0.726828 0.65232 407.215 269.844 -1462.32
database/img_06702_c1_1303399066449295us_rect.jpg 0.102933 0.180149 -0.727965 0.653466 430.518 269.879 -1455.91
database/img_06703_c1_1303399066582694us_rect.jpg 0.093961 0.169056 -0.729614 0.655938 473.884 267.12 -1443.43
database/img_06705_c1_1303399066782697us_rect.jpg 0.08171 0.157232 -0.7307 0.659302 524.558 264.421 -1427.08
database/img_06708_c1_1303399067049302us_rect.jpg 0.068705 0.142226 -0.731519 0.663273 583.301 257.618 -1406.29
database/img_06710_c1_1303399067182674us_rect.jpg 0.062858 0.13483 -0.732403 0.664421 610.759 255.928 -1395.32
database/img_06714_c1_1303399067582682us_rect.jpg 0.047086 0.121824 -0.733273 0.667273 668.013 256.682 -1369.74
database/img_06717_c1_1303399067915957us_rect.jpg 0.039623 0.113326 -0.732345 0.670267 700.142 249.036 -1355.59
database/img_06729_c1_1303399068982686us_rect.jpg 0.0348 0.093 -0.727779 0.678585 753.843 207.945 -1334.4
database/img_06734_c1_1303399069449317us_rect.jpg 0.025417 0.082076 -0.726489 0.681786 793.208 198.652 -1313.49
database/img_06738_c1_1303399069782690us_rect.jpg 0.008609 0.068769 -0.724129 0.686174 848.908 192.338 -1279.99
database/img_06741_c1_1303399070049315us_rect.jpg 0.008103 -0.050108 0.724915 -0.686966 913.081 191.023 -1236.11
database/img_06743_c1_1303399070249344us_rect.jpg 0.024612 -0.038687 0.722516 -0.689832 961.019 190.098 -1200.16
database/img_06746_c1_1303399070515966us_rect.jpg 0.050151 -0.019074 0.720119 -0.691773 1035.47 193.361 -1137.25
database/img_06748_c1_1303399070649317us_rect.jpg 0.062045 -0.007611 0.719781 -0.691381 1072.8 195.259 -1102.45
database/img_06750_c1_1303399070849324us_rect.jpg 0.082378 0.012747 0.715475 -0.693648 1135.82 186.84 -1040.14
database/img_06752_c1_1303399070982695us_rect.jpg 0.097683 0.024302 0.71074 -0.696216 1174.85 182.738 -997.475
database/img_06753_c1_1303399071115957us_rect.jpg 0.1125 0.037487 0.707006 -0.697195 1214.07 179.919 -950.797
database/img_06755_c1_1303399071315969us_rect.jpg 0.135631 0.059726 0.702604 -0.695977 1273.67 179.792 -870.969
database/img_06756_c1_1303399071382696us_rect.jpg 0.143082 0.066889 0.700635 -0.695819 1291.89 178.673 -844.515
database/img_06757_c1_1303399071515951us_rect.jpg 0.158009 0.081811 0.696368 -0.695278 1327.58 175.562 -789.162
database/img_06759_c1_1303399071649323us_rect.jpg 0.173166 0.099769 0.692335 -0.693349 1364.88 170.381 -725.371
database/img_06760_c1_1303399071782723us_rect.jpg 0.188259 0.115068 0.6872 -0.692152 1396.22 166.955 -665.43
database/img_06762_c1_1303399071982725us_rect.jpg 0.210674 0.135853 0.679173 -0.689844 1436 165.757 -577.596
database/img_06763_c1_1303399072049325us_rect.jpg 0.217463 0.143564 0.676608 -0.688695 1448.44 163.52 -547.289
database/img_06764_c1_1303399072183576us_rect.jpg 0.2305 0.15929 0.671904 -0.685596 1471.36 159.06 -486.013
database/img_06765_c1_1303399072249348us_rect.jpg 0.236991 0.166509 0.669551 -0.683967 1481.3 157.978 -456.4
database/img_06767_c1_1303399072449351us_rect.jpg 0.25884 0.185009 0.659546 -0.681009 1506.57 159.313 -368.438
database/img_06768_c1_1303399072515953us_rect.jpg 0.265783 0.190933 0.655673 -0.680439 1513.69 158.641 -340.004
database/img_06769_c1_1303399072582703us_rect.jpg 0.271677 0.197919 0.652252 -0.679402 1520.62 155.158 -311.08
database/img_06770_c1_1303399072715961us_rect.jpg 0.28114 0.214917 0.646809 -0.67558 1533.83 141.643 -250.274
database/img_06771_c1_1303399072782703us_rect.jpg 0.285003 0.223404 0.644151 -0.673746 1539.36 133.055 -221.518
database/img_06773_c1_1303399072982731us_rect.jpg 0.295591 0.246483 0.639609 -0.665412 1551.15 115.746 -142.015
database/img_06775_c1_1303399073115955us_rect.jpg 0.301666 0.261117 0.637378 -0.659215 1556.4 104.433 -92.4144
database/img_06776_c1_1303399073182706us_rect.jpg 0.305754 0.266664 0.636398 -0.656051 1557.97 104.304 -69.3575
database/img_06777_c1_1303399073315984us_rect.jpg 0.316764 0.272581 0.632883 -0.651781 1559.12 116.157 -29.3799
database/img_06778_c1_1303399073382707us_rect.jpg 0.323139 0.274283 0.630312 -0.650428 1559.06 124.826 -10.4903
database/img_06779_c1_1303399073449333us_rect.jpg 0.329209 0.274895 0.626225 -0.651073 1558.89 131.76 4.72993
database/img_06780_c1_1303399073582711us_rect.jpg 0.339714 0.281282 0.613658 -0.654903 1559.43 126.446 44.205
database/img_06781_c1_1303399073649334us_rect.jpg 0.342894 0.286822 0.607615 -0.656476 1559.87 115.773 65.3169
database/img_06782_c1_1303399073715960us_rect.jpg 0.346087 0.292376 0.60309 -0.656523 1559.73 107.964 86.7259
database/img_06783_c1_1303399073849362us_rect.jpg 0.352436 0.301541 0.600992 -0.6509 1557.92 107.153 124.755
database/img_06784_c1_1303399073915960us_rect.jpg 0.355276 0.305375 0.602135 -0.646497 1556.62 110.613 141.158
database/img_06785_c1_1303399073982710us_rect.jpg 0.357303 0.310277 0.602499 -0.642696 1555.42 108.96 158.423
database/img_06786_c1_1303399074115963us_rect.jpg 0.360837 0.321271 0.599552 -0.638058 1552.8 96.4036 194.71
database/img_06787_c1_1303399074182735us_rect.jpg 0.363717 0.325501 0.596211 -0.63741 1551.11 92.0789 212.216
database/img_06789_c1_1303399074315962us_rect.jpg 0.370519 0.331646 0.589167 -0.636874 1547.28 89.5185 243.849
database/img_06790_c1_1303399074449366us_rect.jpg 0.378099 0.338097 0.583321 -0.634404 1542.05 90.7414 278.316
database/img_06791_c1_1303399074515963us_rect.jpg 0.381135 0.341726 0.581133 -0.632648 1539.35 89.9289 294.824
database/img_06792_c1_1303399074582714us_rect.jpg 0.383739 0.345435 0.579136 -0.630889 1536.69 88.15 310.519
database/img_06793_c1_1303399074715989us_rect.jpg 0.387934 0.353221 0.575071 -0.627723 1531.35 81.301 340.466
database/img_06794_c1_1303399074782715us_rect.jpg 0.389607 0.357464 0.573185 -0.626007 1528.52 76.4375 355.357
database/img_06795_c1_1303399074982753us_rect.jpg 0.397528 0.36719 0.567511 -0.620543 1518.67 74.431 399.227
database/img_06796_c1_1303399075182740us_rect.jpg 0.40406 0.376628 0.562251 -0.615435 1508.77 69.9673 439.028
database/img_06798_c1_1303399075382722us_rect.jpg 0.411462 0.382951 0.558563 -0.609962 1499.21 74.9042 472.677
database/img_06799_c1_1303399075449343us_rect.jpg 0.413131 0.385478 0.557367 -0.608336 1496.25 73.7914 483.059
database/img_06800_c1_1303399075515969us_rect.jpg 0.414393 0.388204 0.555955 -0.607034 1493.43 71.0179 492.985
database/img_06801_c1_1303399075649369us_rect.jpg 0.416428 0.393715 0.552357 -0.605375 1488 63.1785 511.813
database/img_06802_c1_1303399075715970us_rect.jpg 0.417631 0.395384 0.551199 -0.604513 1485.91 62.3077 518.779
database/img_06803_c1_1303399075782720us_rect.jpg 0.41915 0.39664 0.550614 -0.60317 1483.8 63.6197 525.392
database/img_06804_c1_1303399075915997us_rect.jpg 0.421107 0.399791 0.549816 -0.600449 1480 62.7348 537.665
database/img_06805_c1_1303399075982723us_rect.jpg 0.421723 0.402028 0.54884 -0.599415 1477.85 59.5827 544.694
database/img_06806_c1_1303399076049347us_rect.jpg 0.422514 0.403923 0.547131 -0.599146 1475.8 56.6326 551.261
database/img_06807_c1_1303399076115973us_rect.jpg 0.423069 0.405329 0.545633 -0.599171 1474.41 54.1119 555.939
database/img_06808_c1_1303399076249352us_rect.jpg 0.424998 0.407408 0.543237 -0.598572 1471.42 53.1685 565.349
database/img_06809_c1_1303399076315974us_rect.jpg 0.425298 0.409391 0.542075 -0.598059 1469.66 49.4148 570.933
database/img_06810_c1_1303399076449353us_rect.jpg 0.425536 0.413447 0.5407 -0.596342 1466.32 41.8346 581.394
database/img_06811_c1_1303399076515974us_rect.jpg 0.426021 0.415179 0.539756 -0.595647 1464.53 39.2381 586.747
database/img_06812_c1_1303399076582725us_rect.jpg 0.426367 0.41676 0.538609 -0.595335 1463.02 36.3029 591.366
database/img_06813_c1_1303399076715981us_rect.jpg 0.426971 0.420031 0.536238 -0.594742 1459.89 29.9509 600.697
database/img_06814_c1_1303399076782725us_rect.jpg 0.427287 0.421728 0.535369 -0.594097 1458.22 27.0711 605.535
database/img_06815_c1_1303399076849351us_rect.jpg 0.427544 0.423285 0.534677 -0.593428 1456.74 24.4379 609.84
database/img_06816_c1_1303399076982742us_rect.jpg 0.428564 0.426478 0.533149 -0.591778 1453.08 20.2557 619.9
database/img_06817_c1_1303399077049352us_rect.jpg 0.429357 0.427301 0.532408 -0.591277 1451.77 20.2345 623.578
database/img_06818_c1_1303399077115978us_rect.jpg 0.430354 0.428144 0.530776 -0.591409 1450.18 19.8177 627.879
database/img_06819_c1_1303399077249355us_rect.jpg 0.432656 0.429409 0.525672 -0.593368 1447.05 18.693 636.345
database/img_06820_c1_1303399077315979us_rect.jpg 0.43399 0.430213 0.522205 -0.594871 1445 17.4715 641.603
database/img_06821_c1_1303399077382730us_rect.jpg 0.43557 0.430773 0.519563 -0.595624 1442.98 18.1924 646.736
database/img_06822_c1_1303399077515984us_rect.jpg 0.439876 0.430746 0.516958 -0.594744 1439.02 27.3304 656.35
database/img_06823_c1_1303399077582732us_rect.jpg 0.44155 0.430886 0.51665 -0.593669 1437.4 31.3376 660.271
database/img_06824_c1_1303399077715984us_rect.jpg 0.444363 0.432255 0.516304 -0.590871 1433.44 36.3637 669.696
database/img_06825_c1_1303399077782731us_rect.jpg 0.445677 0.433235 0.515837 -0.589569 1431.17 37.8551 675.011
database/img_06826_c1_1303399077849358us_rect.jpg 0.447231 0.433854 0.515073 -0.588604 1429 40.3129 679.976
database/img_06827_c1_1303399077982735us_rect.jpg 0.450794 0.434604 0.512394 -0.58767 1424.61 46.2014 689.83
database/img_06828_c1_1303399078049381us_rect.jpg 0.452323 0.435119 0.510912 -0.587404 1422.5 48.1166 694.537
database/img_06829_c1_1303399078115983us_rect.jpg 0.453994 0.435848 0.509629 -0.58669 1419.95 50.2592 700.124
database/img_06830_c1_1303399078182734us_rect.jpg 0.455708 0.436609 0.509075 -0.585275 1417.27 53.1516 705.82
database/img_06831_c1_1303399078316010us_rect.jpg 0.45918 0.438327 0.507854 -0.582329 1411.48 58.6178 717.846
database/img_06832_c1_1303399078382734us_rect.jpg 0.460699 0.439291 0.506907 -0.581228 1408.69 60.2833 723.652
database/img_06833_c1_1303399078449359us_rect.jpg 0.461691 0.440815 0.505651 -0.580381 1405.83 59.3176 729.717
database/img_06834_c1_1303399078582760us_rect.jpg 0.463267 0.444283 0.502136 -0.579531 1399.98 54.7219 742.084
database/img_06835_c1_1303399078649361us_rect.jpg 0.464055 0.445859 0.500628 -0.578994 1397.22 52.9303 747.824
database/img_06836_c1_1303399078715987us_rect.jpg 0.465357 0.447325 0.498863 -0.578342 1393.85 52.511 754.529
database/img_06837_c1_1303399078849367us_rect.jpg 0.468242 0.449694 0.495246 -0.577283 1387.37 53.3759 767.125
database/img_06838_c1_1303399078915987us_rect.jpg 0.469938 0.4508 0.493165 -0.576824 1383.81 54.4346 773.848
database/img_06839_c1_1303399078982739us_rect.jpg 0.47158 0.451861 0.491396 -0.576162 1380.36 55.7012 780.28
database/img_06840_c1_1303399079115992us_rect.jpg 0.475333 0.453461 0.489009 -0.573849 1373.45 61.3554 792.7
database/img_06841_c1_1303399079182764us_rect.jpg 0.476895 0.454289 0.48836 -0.572449 1370.36 63.7186 798.169
database/img_06842_c1_1303399079249364us_rect.jpg 0.477991 0.455867 0.487242 -0.571231 1366.82 63.1832 804.585
database/img_06843_c1_1303399079315989us_rect.jpg 0.479363 0.457587 0.485635 -0.570074 1362.6 62.7841 812.091
database/img_06844_c1_1303399079449391us_rect.jpg 0.481739 0.460096 0.48205 -0.569093 1355.96 62.3192 823.78
database/img_06845_c1_1303399079515991us_rect.jpg 0.482781 0.46168 0.479837 -0.568797 1352.28 60.8506 830.218
database/img_06846_c1_1303399079582740us_rect.jpg 0.483707 0.463277 0.477998 -0.568261 1348.74 59.3331 836.361
database/img_06847_c1_1303399079715994us_rect.jpg 0.485365 0.466587 0.475506 -0.566226 1341.72 56.473 848.337
database/img_06848_c1_1303399079782743us_rect.jpg 0.486359 0.467822 0.474771 -0.564968 1338.59 56.5779 853.518
database/img_06849_c1_1303399079849369us_rect.jpg 0.487631 0.468875 0.473787 -0.563825 1335.28 57.5709 858.909
database/img_06850_c1_1303399079982770us_rect.jpg 0.48976 0.471006 0.471665 -0.56198 1329.17 58.2856 868.787
database/img_06851_c1_1303399080049369us_rect.jpg 0.491148 0.47205 0.470424 -0.56093 1325.56 59.4592 874.446
database/img_06852_c1_1303399080115995us_rect.jpg 0.492251 0.473098 0.469074 -0.560212 1322.39 59.7639 879.463
database/img_06853_c1_1303399080249378us_rect.jpg 0.49449 0.475067 0.466595 -0.558641 1316.11 60.8752 889.207
database/img_06854_c1_1303399080315995us_rect.jpg 0.49482 0.476608 0.465584 -0.55788 1313.36 58.4777 893.659
database/img_06855_c1_1303399080449371us_rect.jpg 0.496349 0.478844 0.464433 -0.555561 1307.78 58.0784 902.235
database/img_06856_c1_1303399080582770us_rect.jpg 0.497912 0.481163 0.463337 -0.553068 1301.93 57.6562 911.083
database/img_06857_c1_1303399080649396us_rect.jpg 0.498861 0.482104 0.462225 -0.552324 1299.01 57.913 915.394
database/img_06858_c1_1303399080715998us_rect.jpg 0.500367 0.482581 0.461198 -0.551402 1295.93 60.5527 919.771
database/img_06859_c1_1303399080849401us_rect.jpg 0.5032 0.483722 0.458863 -0.549771 1289.66 64.8745 928.633
database/img_06860_c1_1303399080916003us_rect.jpg 0.504557 0.483989 0.458052 -0.548967 1287.16 67.6216 932.072
database/img_06861_c1_1303399080982748us_rect.jpg 0.50584 0.484558 0.45742 -0.54781 1284.25 69.7495 936.098
database/img_06862_c1_1303399081116022us_rect.jpg 0.507845 0.486394 0.455604 -0.545838 1278.07 70.9429 944.764
database/img_06863_c1_1303399081182751us_rect.jpg 0.50885 0.487412 0.454187 -0.545175 1274.72 71.0837 949.438
database/img_06864_c1_1303399081249375us_rect.jpg 0.50961 0.48844 0.452601 -0.544864 1271.77 70.4549 953.589
database/img_06865_c1_1303399081383657us_rect.jpg 0.511768 0.489341 0.449484 -0.544613 1266.78 73.0024 960.302
database/img_06866_c1_1303399081449399us_rect.jpg 0.51248 0.4901 0.447829 -0.544624 1264.37 72.7143 963.644
database/img_06867_c1_1303399081516001us_rect.jpg 0.513112 0.491033 0.446401 -0.544361 1261.78 72.0351 967.23
database/img_06868_c1_1303399081649404us_rect.jpg 0.514258 0.493004 0.445097 -0.542563 1256.69 71.0261 974.169
database/img_06869_c1_1303399081716001us_rect.jpg 0.515 0.493588 0.44496 -0.541439 1254.62 71.9558 976.89
database/img_06870_c1_1303399081849379us_rect.jpg 0.516718 0.494589 0.443847 -0.5398 1250.24 74.2971 982.553
database/img_06871_c1_1303399081916004us_rect.jpg 0.51786 0.494825 0.443268 -0.538964 1248 76.6916 985.335
database/img_06872_c1_1303399082049383us_rect.jpg 0.519803 0.495759 0.441838 -0.537407 1243.21 79.5909 991.37
database/img_06873_c1_1303399082116004us_rect.jpg 0.520664 0.496268 0.44117 -0.536653 1240.94 80.6975 994.241
database/img_06874_c1_1303399082182755us_rect.jpg 0.521495 0.496764 0.440303 -0.536098 1238.72 81.6494 997.032
database/img_06875_c1_1303399082316030us_rect.jpg 0.523036 0.497882 0.439198 -0.534464 1234.29 83.3085 1002.58
database/img_06876_c1_1303399082382756us_rect.jpg 0.523359 0.498861 0.438773 -0.533583 1232.13 82.2524 1005.41
database/img_06877_c1_1303399082516031us_rect.jpg 0.523686 0.500917 0.437692 -0.532223 1228.22 78.9848 1010.64
database/img_06878_c1_1303399082582787us_rect.jpg 0.52403 0.50158 0.437021 -0.531811 1226.61 78.4189 1012.73
database/img_06879_c1_1303399082717050us_rect.jpg 0.524967 0.502443 0.436124 -0.530807 1223.83 78.9927 1016.19
database/img_06880_c1_1303399082782782us_rect.jpg 0.52525 0.502923 0.435681 -0.530437 1222.73 78.6953 1017.63
database/img_06881_c1_1303399082849384us_rect.jpg 0.52562 0.503304 0.435254 -0.530059 1221.64 78.8112 1019
database/img_06882_c1_1303399082982765us_rect.jpg 0.526307 0.504458 0.434265 -0.529091 1218.74 78.1585 1022.67
database/img_06883_c1_1303399083049384us_rect.jpg 0.526808 0.504734 0.434229 -0.528357 1217.62 79.0058 1024.01
database/img_06884_c1_1303399083182786us_rect.jpg 0.527667 0.50563 0.433725 -0.527056 1214.92 79.4981 1027.33
database/img_06885_c1_1303399083249386us_rect.jpg 0.52759 0.506522 0.433282 -0.526641 1213.68 77.4974 1029.02
database/img_06886_c1_1303399083316037us_rect.jpg 0.527402 0.507526 0.432667 -0.526368 1212.41 74.9189 1030.76
database/img_06887_c1_1303399083449392us_rect.jpg 0.52714 0.509549 0.431002 -0.526041 1209.53 69.8501 1034.62
database/img_06888_c1_1303399083516013us_rect.jpg 0.526877 0.510402 0.43053 -0.525864 1208.73 67.4053 1035.78
database/img_06889_c1_1303399083582763us_rect.jpg 0.526667 0.511245 0.430111 -0.525599 1207.83 65.1435 1037.02
database/img_06890_c1_1303399083716020us_rect.jpg 0.52572 0.514121 0.427925 -0.525527 1204.42 56.4868 1041.61
database/img_06891_c1_1303399083782764us_rect.jpg 0.525628 0.51508 0.427306 -0.525184 1202.98 54.2564 1043.45
database/img_06892_c1_1303399083849389us_rect.jpg 0.525747 0.51582 0.426903 -0.524665 1201.58 53.0834 1045.17
database/img_06893_c1_1303399083982792us_rect.jpg 0.5263 0.516839 0.427131 -0.52292 1199.26 52.8624 1047.96
database/img_06894_c1_1303399084049413us_rect.jpg 0.526716 0.517531 0.426766 -0.522114 1197.34 52.5982 1050.23
database/img_06895_c1_1303399084116016us_rect.jpg 0.527532 0.517661 0.426358 -0.521495 1195.8 54.3825 1051.95
database/img_06896_c1_1303399084249428us_rect.jpg 0.529988 0.517514 0.424509 -0.520658 1191.7 60.455 1056.37
database/img_06897_c1_1303399084316016us_rect.jpg 0.53152 0.517131 0.423621 -0.520199 1189.66 64.8836 1058.45
database/img_06898_c1_1303399084449397us_rect.jpg 0.533472 0.517588 0.421475 -0.519489 1185.21 68.4273 1063.32
database/img_06899_c1_1303399084516017us_rect.jpg 0.533835 0.518329 0.420816 -0.518912 1183.2 67.8118 1065.63
database/img_06900_c1_1303399084582768us_rect.jpg 0.533799 0.519671 0.420199 -0.518106 1180.72 65.0731 1068.59
database/img_06901_c1_1303399084716041us_rect.jpg 0.533521 0.522416 0.418425 -0.517066 1175.94 58.7099 1074.28
database/img_06902_c1_1303399084782770us_rect.jpg 0.53383 0.523492 0.417197 -0.516651 1173.17 57.1313 1077.42
database/img_06903_c1_1303399084916631us_rect.jpg 0.535162 0.524985 0.414773 -0.515709 1167.52 57.1073 1083.59
database/img_06904_c1_1303399084982772us_rect.jpg 0.536363 0.525787 0.413225 -0.514886 1163.32 58.3274 1088.07
database/img_06905_c1_1303399085049397us_rect.jpg 0.537801 0.526139 0.411785 -0.514179 1159.61 61.0384 1091.91
database/img_06906_c1_1303399085116021us_rect.jpg 0.539321 0.526475 0.410425 -0.51333 1155.75 64.0394 1095.85
database/img_06907_c1_1303399085249398us_rect.jpg 0.542355 0.527315 0.407916 -0.511266 1147.55 69.8244 1104.11
database/img_06908_c1_1303399085316022us_rect.jpg 0.54385 0.528088 0.406583 -0.509941 1142.62 72.0079 1109.09
database/img_06909_c1_1303399085382773us_rect.jpg 0.545178 0.529092 0.405057 -0.508696 1137.46 73.2652 1114.31
database/img_06910_c1_1303399085516027us_rect.jpg 0.547922 0.530961 0.402246 -0.506024 1127.14 76.367 1124.53
database/img_06911_c1_1303399085582774us_rect.jpg 0.549479 0.531711 0.401064 -0.504483 1121.96 78.8303 1129.53
database/img_06912_c1_1303399085649399us_rect.jpg 0.551198 0.532236 0.399848 -0.503019 1116.89 82.1208 1134.3
database/img_06913_c1_1303399085782799us_rect.jpg 0.554343 0.533948 0.396869 -0.500098 1105.61 86.5621 1144.92
database/img_06914_c1_1303399085849400us_rect.jpg 0.555847 0.534889 0.395462 -0.498536 1099.86 88.4765 1150.28
database/img_06915_c1_1303399085916026us_rect.jpg 0.557464 0.536016 0.393871 -0.496776 1093.28 90.3105 1156.36
database/img_06916_c1_1303399086049427us_rect.jpg 0.560777 0.537643 0.39098 -0.493562 1081.38 95.4165 1167.02
database/img_06917_c1_1303399086116028us_rect.jpg 0.562498 0.538605 0.38929 -0.491888 1074.77 97.8157 1172.87
database/img_06918_c1_1303399086182777us_rect.jpg 0.564252 0.539405 0.387586 -0.490346 1068.42 100.602 1178.38
database/img_06919_c1_1303399086249403us_rect.jpg 0.565778 0.540457 0.38588 -0.488772 1061.95 102.329 1184.01
database/img_06920_c1_1303399086382783us_rect.jpg 0.569139 0.542709 0.381687 -0.485657 1047.51 106.185 1196.34
database/img_06921_c1_1303399086449404us_rect.jpg 0.570745 0.543926 0.379604 -0.484041 1040.14 107.769 1202.55
database/img_06922_c1_1303399086582785us_rect.jpg 0.573852 0.545993 0.376076 -0.480782 1026.56 111.481 1213.68
database/img_06923_c1_1303399086649407us_rect.jpg 0.575165 0.547297 0.374519 -0.478943 1019.62 112.242 1219.37
database/img_06924_c1_1303399086716030us_rect.jpg 0.576354 0.548771 0.372942 -0.477054 1012.49 112.358 1225.2
database/img_06925_c1_1303399086849434us_rect.jpg 0.579481 0.55119 0.370106 -0.472666 997.439 115.576 1237.01
database/img_06926_c1_1303399086916032us_rect.jpg 0.581294 0.552252 0.368419 -0.470512 989.459 118.076 1243.07
database/img_06927_c1_1303399086982781us_rect.jpg 0.583208 0.553112 0.366557 -0.468584 981.664 121.203 1248.84
database/img_06928_c1_1303399087116166us_rect.jpg 0.586672 0.555251 0.362729 -0.464694 965.684 125.719 1260.59
