database/img_06401_c0_1303399039115750us_rect.jpg 0.5206 0.478987 -0.516874 0.482066 -1048.86 130.358 -793.393
database/img_06402_c0_1303399039249106us_rect.jpg 0.51955 0.476145 -0.518743 0.484003 -1043.34 130.412 -802.461
database/img_06403_c0_1303399039315727us_rect.jpg 0.519123 0.474339 -0.519467 0.485456 -1040.17 129.245 -807.663
database/img_06405_c0_1303399039515757us_rect.jpg 0.517021 0.469851 -0.521567 0.489793 -1030.88 125.156 -822.835
database/img_06406_c0_1303399039582479us_rect.jpg 0.516077 0.46859 -0.522298 0.491215 -1027.77 123.771 -827.826
database/img_06408_c0_1303399039782481us_rect.jpg 0.513061 0.46353 -0.525732 0.495494 -1015.72 121.989 -845.533
database/img_06409_c0_1303399039849103us_rect.jpg 0.511395 0.462315 -0.527039 0.49696 -1011.4 121.355 -851.679
database/img_06411_c0_1303399040049131us_rect.jpg 0.506103 0.458743 -0.530694 0.501775 -998.074 118.106 -870.383
database/img_06412_c0_1303399040115731us_rect.jpg 0.504252 0.457226 -0.532142 0.503487 -992.858 117.276 -877.328
database/img_06414_c0_1303399040315759us_rect.jpg 0.499217 0.451371 -0.53726 0.508329 -975.472 117.052 -899.299
database/img_06415_c0_1303399040382482us_rect.jpg 0.497306 0.449401 -0.539081 0.510017 -969.19 116.992 -906.952
database/img_06416_c0_1303399040449107us_rect.jpg 0.49522 0.447399 -0.540966 0.511808 -962.528 116.822 -914.915
database/img_06417_c0_1303399040582508us_rect.jpg 0.490832 0.442934 -0.54447 0.516184 -948.037 114.474 -931.941
database/img_06418_c0_1303399040649110us_rect.jpg 0.488052 0.440921 -0.546473 0.518422 -940.1 113.539 -940.921
database/img_06419_c0_1303399040715737us_rect.jpg 0.485017 0.439042 -0.548582 0.520633 -931.908 112.81 -949.978
database/img_06420_c0_1303399040849137us_rect.jpg 0.479389 0.43453 -0.553345 0.524575 -914.633 113.44 -968.241
database/img_06421_c0_1303399040915738us_rect.jpg 0.476696 0.431826 -0.55615 0.526293 -905.217 115.077 -977.699
database/img_06422_c0_1303399040982487us_rect.jpg 0.473965 0.428893 -0.558972 0.528165 -895.267 116.455 -987.486
database/img_06423_c0_1303399041115738us_rect.jpg 0.468908 0.422929 -0.56429 0.531821 -875.768 118.816 -1006.18
database/img_06425_c0_1303399041315737us_rect.jpg 0.461293 0.413712 -0.571064 0.538459 -845.859 117.822 -1033.97
database/img_06426_c0_1303399041382490us_rect.jpg 0.458715 0.41034 -0.573084 0.541088 -835.223 116.214 -1043.56
database/img_06427_c0_1303399041449116us_rect.jpg 0.455987 0.406937 -0.575257 0.543652 -824.172 114.982 -1053.23
database/img_06428_c0_1303399041582490us_rect.jpg 0.450078 0.400972 -0.579945 0.54801 -802.575 114.62 -1071.36
database/img_06429_c0_1303399041649115us_rect.jpg 0.447264 0.397978 -0.582383 0.549907 -791.896 115.161 -1079.99
database/img_06430_c0_1303399041715742us_rect.jpg 0.444344 0.394772 -0.585107 0.551691 -780.505 116.426 -1088.88
database/img_06431_c0_1303399041849141us_rect.jpg 0.437996 0.388081 -0.591 0.555222 -756.01 119.799 -1107.17
database/img_06433_c0_1303399041982493us_rect.jpg 0.430751 0.3811 -0.595844 0.560523 -729.386 117.749 -1126.57
database/img_06434_c0_1303399042115745us_rect.jpg 0.423335 0.374716 -0.600025 0.56599 -703.511 114.238 -1144.7
database/img_06435_c0_1303399042182494us_rect.jpg 0.419783 0.371304 -0.602192 0.568578 -690.322 112.876 -1153.55
database/img_06436_c0_1303399042249121us_rect.jpg 0.416267 0.367535 -0.604564 0.571089 -676.397 111.987 -1162.56
database/img_06437_c0_1303399042382497us_rect.jpg 0.409165 0.360085 -0.609036 0.576193 -648.478 109.541 -1179.97
database/img_06438_c0_1303399042449120us_rect.jpg 0.405316 0.356583 -0.611099 0.5789 -634.363 107.76 -1188.46
database/img_06439_c0_1303399042515745us_rect.jpg 0.401284 0.353263 -0.613316 0.581395 -620.174 106.741 -1196.69
database/img_06440_c0_1303399042649148us_rect.jpg 0.393449 0.346643 -0.617872 0.585894 -592.09 105.893 -1212.23
database/img_06442_c0_1303399042782497us_rect.jpg 0.385999 0.339592 -0.622577 0.589982 -563.664 106.003 -1227
database/img_06443_c0_1303399042849123us_rect.jpg 0.382034 0.336189 -0.624977 0.591972 -549.163 106.324 -1234.17
database/img_06444_c0_1303399042982497us_rect.jpg 0.374076 0.329567 -0.629346 0.596135 -520.462 105.898 -1247.84
database/img_06446_c0_1303399043115750us_rect.jpg 0.367283 0.321819 -0.633567 0.600107 -491.591 105.024 -1260.8
database/img_06447_c0_1303399043249124us_rect.jpg 0.362443 0.313768 -0.636845 0.603832 -465.956 102.293 -1271.91
database/img_06448_c0_1303399043315749us_rect.jpg 0.360946 0.309998 -0.638072 0.605379 -455.512 100.601 -1276.42
database/img_06449_c0_1303399043382501us_rect.jpg 0.359697 0.306699 -0.639058 0.606761 -446.558 98.8614 -1280.3
database/img_06450_c0_1303399043515754us_rect.jpg 0.357152 0.300995 -0.640968 0.609102 -430.376 96.3517 -1287.18
database/img_06451_c0_1303399043582502us_rect.jpg 0.3555 0.298612 -0.642035 0.610116 -422.466 95.8501 -1290.4
database/img_06452_c0_1303399043649127us_rect.jpg 0.353811 0.296664 -0.642924 0.611111 -415.4 95.2219 -1293.3
database/img_06453_c0_1303399043782533us_rect.jpg 0.350358 0.293705 -0.644545 0.61282 -403.055 94.6087 -1298.38
database/img_06455_c0_1303399043915754us_rect.jpg 0.347544 0.292301 -0.645369 0.614225 -395.307 93.5775 -1301.95
database/img_06456_c0_1303399044050162us_rect.jpg 0.346578 0.289544 -0.645575 0.615858 -388.542 89.925 -1305.34
database/img_06457_c0_1303399044115778us_rect.jpg 0.346567 0.288171 -0.645837 0.616234 -386.059 89.1158 -1306.68
database/img_06459_c0_1303399044249131us_rect.jpg 0.347028 0.286534 -0.646007 0.616559 -384.405 87.9954 -1308.33
database/img_06460_c0_1303399044382531us_rect.jpg 0.347694 0.285399 -0.645832 0.616893 -384.265 86.3701 -1309.57
database/img_06461_c0_1303399044449132us_rect.jpg 0.348031 0.285484 -0.645576 0.616932 -385.579 85.7643 -1309.77
database/img_06462_c0_1303399044515757us_rect.jpg 0.348318 0.285816 -0.645297 0.616908 -387.304 85.3548 -1309.83
database/img_06463_c0_1303399044649134us_rect.jpg 0.349465 0.286607 -0.645245 0.615947 -392.02 87.1586 -1309.39
database/img_06464_c0_1303399044715755us_rect.jpg 0.350717 0.286973 -0.644931 0.615393 -395.732 87.4879 -1308.79
database/img_06465_c0_1303399044849139us_rect.jpg 0.354293 0.287451 -0.643143 0.614992 -405.043 84.2604 -1307.23
database/img_06467_c0_1303399044982507us_rect.jpg 0.359588 0.289036 -0.641013 0.613397 -420.111 82.8285 -1303.64
database/img_06468_c0_1303399045115761us_rect.jpg 0.367253 0.290635 -0.638831 0.61037 -439.91 83.6931 -1298.12
database/img_06469_c0_1303399045182509us_rect.jpg 0.371031 0.292297 -0.637448 0.608735 -451.52 84.2387 -1294.65
database/img_06470_c0_1303399045249135us_rect.jpg 0.374543 0.294619 -0.635563 0.607434 -464.067 83.5358 -1290.79
database/img_06471_c0_1303399045382511us_rect.jpg 0.38181 0.299764 -0.630773 0.605383 -490.905 79.3294 -1282.2
database/img_06472_c0_1303399045449134us_rect.jpg 0.385133 0.303029 -0.628229 0.604296 -505.12 77.3902 -1277.34
database/img_06473_c0_1303399045515760us_rect.jpg 0.38855 0.306304 -0.625829 0.602947 -519.473 76.2193 -1272.21
database/img_06474_c0_1303399045649141us_rect.jpg 0.39576 0.312548 -0.621288 0.59974 -548.169 75.2375 -1261.3
database/img_06475_c0_1303399045715762us_rect.jpg 0.399763 0.315705 -0.618884 0.597915 -563.364 74.9139 -1255.19
database/img_06476_c0_1303399045849143us_rect.jpg 0.407925 0.322303 -0.613242 0.594686 -594.773 71.987 -1241.94
database/img_06477_c0_1303399045915794us_rect.jpg 0.412573 0.325603 -0.610668 0.592326 -611.454 72.4529 -1234.38
database/img_06478_c0_1303399046049139us_rect.jpg 0.422396 0.332265 -0.60577 0.586707 -645.731 75.7597 -1217.79
database/img_06479_c0_1303399046115763us_rect.jpg 0.427282 0.335552 -0.603237 0.583901 -662.673 77.3077 -1209.17
database/img_06480_c0_1303399046182514us_rect.jpg 0.431849 0.339294 -0.600523 0.58117 -679.878 78.5139 -1200.12
database/img_06481_c0_1303399046315767us_rect.jpg 0.439563 0.348489 -0.594887 0.575717 -714.738 80.9117 -1180.79
database/img_06483_c0_1303399046515794us_rect.jpg 0.451667 0.361728 -0.586941 0.56626 -766.246 87.8095 -1149.49
database/img_06484_c0_1303399046582518us_rect.jpg 0.456198 0.365654 -0.584032 0.563105 -783.332 89.5667 -1138.45
database/img_06485_c0_1303399046649143us_rect.jpg 0.460559 0.369105 -0.581109 0.56032 -799.131 90.4912 -1128.01
database/img_06486_c0_1303399046782542us_rect.jpg 0.46858 0.377102 -0.575431 0.554172 -831.169 93.9261 -1105.74
database/img_06487_c0_1303399046915778us_rect.jpg 0.47612 0.385048 -0.569723 0.548146 -861.892 96.9793 -1083.12
database/img_06488_c0_1303399046982518us_rect.jpg 0.479381 0.388728 -0.56718 0.545336 -875.579 98.5809 -1072.66
database/img_06489_c0_1303399047049144us_rect.jpg 0.48259 0.392529 -0.564272 0.542794 -889.438 98.9403 -1061.9
database/img_06490_c0_1303399047182522us_rect.jpg 0.48878 0.399475 -0.558687 0.537943 -915.274 99.5152 -1041.16
database/img_06491_c0_1303399047249146us_rect.jpg 0.491673 0.402959 -0.555759 0.535736 -927.8 99.0495 -1030.82
database/img_06492_c0_1303399047315771us_rect.jpg 0.494755 0.406141 -0.552972 0.533375 -939.996 99.1878 -1020.47
database/img_06493_c0_1303399047449173us_rect.jpg 0.501485 0.411422 -0.547609 0.528554 -963.17 100.212 -1000.12
database/img_06495_c0_1303399047582524us_rect.jpg 0.507706 0.417336 -0.541885 0.523856 -986.413 100.22 -978.836
database/img_06496_c0_1303399047715777us_rect.jpg 0.513801 0.423248 -0.536029 0.519175 -1009.18 99.9158 -957.059
database/img_06497_c0_1303399047782548us_rect.jpg 0.516936 0.426009 -0.533313 0.516596 -1020.19 100.687 -946.094
database/img_06498_c0_1303399047849151us_rect.jpg 0.51988 0.428859 -0.53071 0.513957 -1030.92 101.739 -935.14
database/img_06499_c0_1303399047982554us_rect.jpg 0.525224 0.435051 -0.525997 0.508131 -1051.93 105.659 -912.793
database/img_06500_c0_1303399048049172us_rect.jpg 0.527879 0.438296 -0.523413 0.505251 -1062.59 107.085 -901.089
database/img_06501_c0_1303399048115776us_rect.jpg 0.530562 0.441438 -0.520739 0.502462 -1073.08 108.165 -889.361
database/img_06502_c0_1303399048182528us_rect.jpg 0.533159 0.444583 -0.518111 0.499649 -1083.34 109.34 -877.621
database/img_06503_c0_1303399048315802us_rect.jpg 0.538314 0.450797 -0.512714 0.494089 -1103.46 111.25 -853.864
database/img_06505_c0_1303399048449153us_rect.jpg 0.543675 0.45652 -0.507029 0.488803 -1122.86 112.184 -830.046
database/img_06506_c0_1303399048582530us_rect.jpg 0.548947 0.461913 -0.501635 0.483379 -1141.18 113.968 -806.484
database/img_06507_c0_1303399048649154us_rect.jpg 0.551795 0.464384 -0.49885 0.480644 -1150.2 114.877 -794.486
database/img_06508_c0_1303399048715780us_rect.jpg 0.554586 0.467086 -0.495891 0.477867 -1159.44 115.477 -781.908
database/img_06509_c0_1303399048782530us_rect.jpg 0.557574 0.469472 -0.492722 0.475323 -1168.47 115.376 -769.443
database/img_06510_c0_1303399048915806us_rect.jpg 0.563432 0.473674 -0.486467 0.470668 -1185.24 114.597 -745.694
database/img_06511_c0_1303399048982533us_rect.jpg 0.565818 0.476124 -0.483231 0.468661 -1193.3 113.034 -734.087
database/img_06512_c0_1303399049049158us_rect.jpg 0.567829 0.47875 -0.480003 0.466869 -1201.04 110.819 -722.853
database/img_06513_c0_1303399049182535us_rect.jpg 0.571091 0.484623 -0.474098 0.462846 -1215.95 107.707 -700.342
database/img_06514_c0_1303399049249159us_rect.jpg 0.572458 0.487575 -0.471491 0.460716 -1222.86 106.866 -689.535
database/img_06515_c0_1303399049382535us_rect.jpg 0.575348 0.492294 -0.467028 0.456625 -1234.88 106.658 -670.288
database/img_06516_c0_1303399049449159us_rect.jpg 0.576843 0.494158 -0.464879 0.454915 -1240.21 106.212 -661.716
database/img_06518_c0_1303399049649157us_rect.jpg 0.582322 0.497746 -0.459311 0.449648 -1254.29 108.034 -638.261
database/img_06519_c0_1303399049715783us_rect.jpg 0.583592 0.499028 -0.45786 0.448058 -1258.25 108.741 -631.635
database/img_06520_c0_1303399049782533us_rect.jpg 0.584503 0.500112 -0.457001 0.446536 -1261.33 110.294 -626.521
database/img_06521_c0_1303399049915788us_rect.jpg 0.585174 0.502365 -0.456207 0.443932 -1265.97 113.549 -619.243
database/img_06522_c0_1303399049982538us_rect.jpg 0.585126 0.503248 -0.45588 0.443332 -1267.54 113.775 -617.358
database/img_06523_c0_1303399050049163us_rect.jpg 0.585314 0.503678 -0.455414 0.443073 -1268.86 113.361 -616.074
database/img_06524_c0_1303399050182567us_rect.jpg 0.585747 0.504327 -0.454179 0.44303 -1271.43 111.118 -613.949
database/img_06526_c0_1303399050315789us_rect.jpg 0.586795 0.504248 -0.453423 0.442508 -1273.63 111.362 -612.094
database/img_06527_c0_1303399050382540us_rect.jpg 0.587186 0.504252 -0.453257 0.442154 -1274.57 111.978 -611.409
database/img_06528_c0_1303399050515792us_rect.jpg 0.587402 0.504286 -0.453231 0.441856 -1275.75 112.634 -611.611
database/img_06529_c0_1303399050582540us_rect.jpg 0.586937 0.504932 -0.452973 0.441999 -1276.55 111.348 -611.576
database/img_06530_c0_1303399050649165us_rect.jpg 0.586409 0.505365 -0.452842 0.44234 -1276.97 109.943 -612.333
database/img_06531_c0_1303399050782568us_rect.jpg 0.585166 0.506688 -0.45248 0.442843 -1278.2 107.029 -613.085
database/img_06532_c0_1303399050982575us_rect.jpg 0.584711 0.507745 -0.452383 0.442332 -1280.35 107.189 -612.771
database/img_06533_c0_1303399051249163us_rect.jpg 0.585469 0.507657 -0.453363 0.440423 -1282.59 113.343 -612.64
database/img_06534_c0_1303399051315792us_rect.jpg 0.585108 0.508311 -0.453232 0.440283 -1283.48 112.91 -612.274
database/img_06535_c0_1303399051449168us_rect.jpg 0.584552 0.5091 -0.453188 0.440155 -1284.74 112.452 -612.548
database/img_06536_c0_1303399051515794us_rect.jpg 0.584528 0.509261 -0.453351 0.439833 -1285.31 113.326 -612.604
database/img_06537_c0_1303399051649195us_rect.jpg 0.584459 0.509237 -0.453672 0.439622 -1286 114.322 -613.793
database/img_06538_c0_1303399051715796us_rect.jpg 0.584561 0.509148 -0.45382 0.439437 -1286.41 115.068 -614.208
database/img_06539_c0_1303399051782545us_rect.jpg 0.584918 0.508711 -0.454051 0.43923 -1286.65 116.297 -614.877
database/img_06540_c0_1303399051915799us_rect.jpg 0.585844 0.507567 -0.454622 0.438726 -1287.01 119.374 -616.37
database/img_06541_c0_1303399051982548us_rect.jpg 0.585905 0.507459 -0.454757 0.438631 -1287.35 119.896 -616.959
database/img_06542_c0_1303399052049173us_rect.jpg 0.58607 0.507137 -0.454867 0.438669 -1287.56 120.246 -617.866
database/img_06543_c0_1303399052182573us_rect.jpg 0.586306 0.506655 -0.455416 0.438341 -1287.96 122.273 -619.468
database/img_06544_c0_1303399052249174us_rect.jpg 0.586175 0.506678 -0.455531 0.438369 -1288.26 122.349 -620.243
database/img_06545_c0_1303399052315798us_rect.jpg 0.586124 0.506624 -0.455682 0.438343 -1288.54 122.679 -621.006
database/img_06546_c0_1303399052449178us_rect.jpg 0.586646 0.505915 -0.455905 0.438232 -1289.08 123.893 -622.443
database/img_06548_c0_1303399052582550us_rect.jpg 0.587508 0.504677 -0.456595 0.437786 -1289.2 127.075 -624.384
database/img_06549_c0_1303399052715799us_rect.jpg 0.58753 0.504704 -0.456602 0.437719 -1290.16 127.217 -625.174
database/img_06550_c0_1303399052782551us_rect.jpg 0.587314 0.505127 -0.456608 0.437514 -1290.89 127.362 -625.036
database/img_06551_c0_1303399052915830us_rect.jpg 0.587261 0.505016 -0.456612 0.437708 -1291.6 126.979 -626.447
database/img_06552_c0_1303399052982554us_rect.jpg 0.587288 0.504671 -0.456514 0.438173 -1291.7 125.989 -627.849
database/img_06553_c0_1303399053049178us_rect.jpg 0.587195 0.504511 -0.456467 0.43853 -1291.87 125.176 -629.054
database/img_06554_c0_1303399053182578us_rect.jpg 0.587723 0.50442 -0.456596 0.437792 -1293.21 127.258 -628.673
database/img_06555_c0_1303399053249179us_rect.jpg 0.588266 0.5044 -0.456577 0.437106 -1294.25 128.942 -627.582
database/img_06556_c0_1303399053315805us_rect.jpg 0.589039 0.504156 -0.456345 0.436588 -1295.35 130.095 -626.472
database/img_06557_c0_1303399053449224us_rect.jpg 0.590209 0.504041 -0.455458 0.436065 -1297.73 130.184 -624.305
database/img_06558_c0_1303399053515830us_rect.jpg 0.590463 0.504724 -0.454765 0.435656 -1299.54 129.576 -622.054
database/img_06559_c0_1303399053582556us_rect.jpg 0.59057 0.505885 -0.453713 0.43526 -1301.89 127.986 -618.841
database/img_06560_c0_1303399053649193us_rect.jpg 0.590619 0.506999 -0.45262 0.435036 -1304.13 125.943 -615.931
database/img_06561_c0_1303399053782582us_rect.jpg 0.590347 0.509828 -0.450448 0.434353 -1308.89 121.893 -609.407
database/img_06562_c0_1303399053849184us_rect.jpg 0.590399 0.511015 -0.449153 0.434228 -1311.26 119.216 -606.238
database/img_06564_c0_1303399054049225us_rect.jpg 0.592381 0.513404 -0.444982 0.433003 -1319 113.904 -594.602
database/img_06565_c0_1303399054115808us_rect.jpg 0.593722 0.51367 -0.443917 0.431943 -1321.56 114.721 -590.189
database/img_06566_c0_1303399054182559us_rect.jpg 0.595122 0.514184 -0.442855 0.430494 -1324.45 116.28 -584.823
database/img_06567_c0_1303399054315810us_rect.jpg 0.598057 0.514999 -0.440508 0.427851 -1330.16 118.649 -574.226
database/img_06568_c0_1303399054382560us_rect.jpg 0.599426 0.515596 -0.439298 0.426458 -1333.1 119.78 -568.604
database/img_06569_c0_1303399054449196us_rect.jpg 0.600654 0.516368 -0.437848 0.425285 -1336.16 119.845 -562.859
database/img_06570_c0_1303399054582586us_rect.jpg 0.602976 0.518224 -0.435116 0.422537 -1342.37 120.905 -550.725
database/img_06571_c0_1303399054649189us_rect.jpg 0.603674 0.519598 -0.43393 0.42107 -1345.4 121.48 -544.681
database/img_06572_c0_1303399054715812us_rect.jpg 0.604293 0.520946 -0.432661 0.419821 -1348.34 121.404 -538.939
database/img_06573_c0_1303399054849236us_rect.jpg 0.605485 0.523422 -0.429453 0.418315 -1354.1 117.989 -528.227
database/img_06574_c0_1303399054915811us_rect.jpg 0.605737 0.524958 -0.427737 0.417782 -1356.97 115.248 -522.989
database/img_06575_c0_1303399054982563us_rect.jpg 0.606063 0.526306 -0.426296 0.417086 -1359.6 113.495 -518.082
database/img_06576_c0_1303399055115813us_rect.jpg 0.607137 0.528256 -0.423827 0.415573 -1364.31 111.64 -509.212
database/img_06577_c0_1303399055182564us_rect.jpg 0.607884 0.528763 -0.422786 0.414896 -1366.29 111.286 -505.564
database/img_06578_c0_1303399055249191us_rect.jpg 0.608883 0.528987 -0.421999 0.413945 -1368.13 112.285 -501.981
database/img_06579_c0_1303399055382569us_rect.jpg 0.610842 0.529518 -0.420378 0.412026 -1371.84 114.174 -494.637
database/img_06580_c0_1303399055449200us_rect.jpg 0.611978 0.529511 -0.419653 0.411087 -1373.52 115.488 -491.307
database/img_06581_c0_1303399055515817us_rect.jpg 0.613286 0.529418 -0.41897 0.409952 -1375.24 117.449 -487.667
database/img_06582_c0_1303399055649224us_rect.jpg 0.616102 0.528648 -0.418002 0.407706 -1378.12 122.527 -481.594
database/img_06583_c0_1303399055715818us_rect.jpg 0.617429 0.528386 -0.41774 0.406304 -1379.51 125.956 -478.402
database/img_06584_c0_1303399055782568us_rect.jpg 0.61835 0.528903 -0.417769 0.404195 -1381.18 130.726 -473.984
database/img_06585_c0_1303399055915848us_rect.jpg 0.619494 0.530807 -0.418011 0.399673 -1384.62 140.303 -464.514
database/img_06586_c0_1303399055982569us_rect.jpg 0.619832 0.531968 -0.417879 0.397738 -1386.42 143.667 -459.827
database/img_06588_c0_1303399056182572us_rect.jpg 0.620751 0.534252 -0.415368 0.395869 -1391.43 142.175 -450.266
database/img_06589_c0_1303399056249197us_rect.jpg 0.621019 0.535126 -0.413772 0.39594 -1393.44 138.721 -446.845
database/img_06590_c0_1303399056315821us_rect.jpg 0.621657 0.535812 -0.411982 0.395878 -1395.63 135.531 -442.754
database/img_06591_c0_1303399056449825us_rect.jpg 0.624772 0.53543 -0.409778 0.393772 -1399.26 138.101 -433.988
database/img_06592_c0_1303399056515844us_rect.jpg 0.626599 0.535719 -0.408787 0.3915 -1401.6 142.057 -426.932
database/img_06593_c0_1303399056582571us_rect.jpg 0.628444 0.535965 -0.407631 0.389405 -1403.93 145.389 -419.911
database/img_06594_c0_1303399056649205us_rect.jpg 0.630612 0.535811 -0.406515 0.387274 -1406.1 149.341 -413.082
database/img_06595_c0_1303399056782572us_rect.jpg 0.634523 0.536533 -0.404106 0.382376 -1410.91 157.384 -397.176
database/img_06597_c0_1303399056915822us_rect.jpg 0.636176 0.541394 -0.399824 0.377245 -1418.06 158.356 -374.578
database/img_06598_c0_1303399057049200us_rect.jpg 0.637902 0.545663 -0.39392 0.37438 -1425.2 151.951 -353.584
database/img_06599_c0_1303399057115823us_rect.jpg 0.638894 0.547535 -0.390869 0.373151 -1428.58 148.384 -343.428
database/img_06600_c0_1303399057182574us_rect.jpg 0.639419 0.550237 -0.387898 0.371373 -1432.16 145.204 -331.869
database/img_06601_c0_1303399057315826us_rect.jpg 0.640449 0.556185 -0.38247 0.366333 -1439.14 142.375 -306.39
database/img_06602_c0_1303399057382576us_rect.jpg 0.641121 0.558987 -0.380116 0.363331 -1442.3 142.788 -293.474
database/img_06603_c0_1303399057449203us_rect.jpg 0.642062 0.561511 -0.377682 0.360302 -1445.33 143.466 -280.433
database/img_06604_c0_1303399057582580us_rect.jpg 0.644789 0.56589 -0.372463 0.35396 -1451.12 145.79 -253.184
database/img_06605_c0_1303399057649204us_rect.jpg 0.646364 0.56811 -0.369562 0.350554 -1454 147.008 -238.351
database/img_06607_c0_1303399057849239us_rect.jpg 0.652384 0.573782 -0.359916 0.340044 -1461.92 151.197 -191.504
database/img_06608_c0_1303399057915831us_rect.jpg 0.654197 0.576038 -0.356118 0.336729 -1464.53 150.698 -174.848
database/img_06609_c0_1303399057982581us_rect.jpg 0.655993 0.57834 -0.352162 0.333433 -1467.01 149.811 -157.868
database/img_06610_c0_1303399058115856us_rect.jpg 0.659078 0.583547 -0.344575 0.326126 -1471.34 149.103 -122.861
database/img_06611_c0_1303399058182581us_rect.jpg 0.660522 0.586101 -0.340685 0.322692 -1473.23 148.052 -105.682
database/img_06612_c0_1303399058249207us_rect.jpg 0.662058 0.588407 -0.33688 0.319325 -1474.85 147.283 -88.97
database/img_06613_c0_1303399058383734us_rect.jpg 0.664781 0.593928 -0.329035 0.311531 -1477.57 146.272 -52.369
database/img_06615_c0_1303399058515834us_rect.jpg 0.668571 0.598411 -0.320769 0.303355 -1479.2 147.014 -14.5137
database/img_06616_c0_1303399058582584us_rect.jpg 0.67088 0.600267 -0.316561 0.298981 -1479.53 148.527 5.00882
database/img_06617_c0_1303399058715832us_rect.jpg 0.675509 0.603959 -0.307731 0.290211 -1479.43 150.904 44.864
database/img_06618_c0_1303399058782585us_rect.jpg 0.677433 0.606249 -0.30337 0.285503 -1478.94 152.029 65.483
database/img_06619_c0_1303399058915838us_rect.jpg 0.68099 0.610926 -0.294342 0.276377 -1477.25 152.727 106.62
database/img_06620_c0_1303399058982609us_rect.jpg 0.682594 0.613147 -0.290062 0.271992 -1476.05 153.056 126.142
database/img_06622_c0_1303399059115839us_rect.jpg 0.685812 0.617787 -0.28045 0.263342 -1472.88 151.382 167.138
database/img_06623_c0_1303399059249218us_rect.jpg 0.689588 0.621599 -0.270563 0.254714 -1468.46 150.562 208.068
database/img_06624_c0_1303399059315838us_rect.jpg 0.691241 0.623679 -0.265652 0.250278 -1465.79 150.011 228.672
database/img_06625_c0_1303399059382590us_rect.jpg 0.692748 0.625705 -0.260858 0.246063 -1463 149.135 248.454
database/img_06626_c0_1303399059515840us_rect.jpg 0.695035 0.6301 -0.251562 0.237945 -1456.97 146.092 286.619
database/img_06627_c0_1303399059582590us_rect.jpg 0.695586 0.632668 -0.246992 0.23428 -1453.93 142.872 304.737
database/img_06629_c0_1303399059782616us_rect.jpg 0.697111 0.639986 -0.233496 0.223459 -1443.66 133.319 357.641
database/img_06630_c0_1303399059849214us_rect.jpg 0.69807 0.641757 -0.229224 0.219779 -1439.8 131.872 374.547
database/img_06631_c0_1303399059915839us_rect.jpg 0.699505 0.642908 -0.22508 0.216105 -1435.74 131.887 390.874
database/img_06632_c0_1303399060049223us_rect.jpg 0.702849 0.644779 -0.217009 0.207776 -1426.37 135.153 424.696
database/img_06633_c0_1303399060115839us_rect.jpg 0.704549 0.645588 -0.213141 0.203465 -1421.34 137.531 441.388
database/img_06635_c0_1303399060315847us_rect.jpg 0.708233 0.649407 -0.201653 0.189768 -1404.65 142.829 492.747
database/img_06636_c0_1303399060382591us_rect.jpg 0.709092 0.650852 -0.197688 0.18574 -1399.12 142.721 508.966
database/img_06637_c0_1303399060449218us_rect.jpg 0.709627 0.652595 -0.193575 0.181871 -1393.49 141.305 525.204
database/img_06638_c0_1303399060582620us_rect.jpg 0.711077 0.655537 -0.184951 0.174452 -1381.71 138.352 557.386
database/img_06639_c0_1303399060649218us_rect.jpg 0.712101 0.656621 -0.180539 0.17078 -1375.49 137.506 573.328
database/img_06641_c0_1303399060849243us_rect.jpg 0.714694 0.660528 -0.167358 0.157821 -1353.79 136.951 624.435
database/img_06642_c0_1303399060915847us_rect.jpg 0.716039 0.661177 -0.163417 0.15306 -1345.98 139.706 640.953
database/img_06643_c0_1303399060982598us_rect.jpg 0.717599 0.661365 -0.159803 0.148696 -1338.64 143.193 655.811
database/img_06644_c0_1303399061115874us_rect.jpg 0.720387 0.66209 -0.151466 0.140489 -1323.17 146.668 686.521
database/img_06646_c0_1303399061249224us_rect.jpg 0.722655 0.663158 -0.14293 0.132524 -1307.15 148.32 716.879
database/img_06647_c0_1303399061382600us_rect.jpg 0.724592 0.664494 -0.134603 0.123681 -1289.58 150.979 748.095
database/img_06648_c0_1303399061449224us_rect.jpg 0.725569 0.665055 -0.13064 0.119095 -1280.5 153.048 763.403
database/img_06649_c0_1303399061515849us_rect.jpg 0.726815 0.665252 -0.126867 0.114388 -1271.24 156.476 778.31
database/img_06650_c0_1303399061649299us_rect.jpg 0.729413 0.665004 -0.120551 0.105803 -1254.48 164.898 803.829
database/img_06651_c0_1303399061782627us_rect.jpg 0.731488 0.665031 -0.114388 0.097847 -1238.23 171.412 827.734
database/img_06652_c0_1303399061915879us_rect.jpg 0.732691 0.665577 -0.108997 0.091054 -1224 175.214 848.219
database/img_06401_c1_1303399039115770us_rect.jpg 0.023071 -2e-05 -0.736631 0.675901 760.303 121.478 -1074.45
database/img_06402_c1_1303399039249154us_rect.jpg 0.02099 -0.003227 -0.737015 0.675542 769.262 120.943 -1069.47
database/img_06403_c1_1303399039315771us_rect.jpg 0.020177 -0.00559 -0.737202 0.675348 774.635 119.547 -1066.41
database/img_06405_c1_1303399039515774us_rect.jpg 0.017004 -0.011575 -0.73682 0.675776 789.869 114.451 -1057.83
database/img_06406_c1_1303399039582524us_rect.jpg 0.016069 -0.013817 -0.736865 0.675708 795.152 112.89 -1054.73
database/img_06408_c1_1303399039782549us_rect.jpg 0.011482 -0.020151 -0.737117 0.675367 812.786 110.869 -1043.57
database/img_06409_c1_1303399039849150us_rect.jpg 0.009573 -0.022074 -0.737003 0.675461 818.846 110.219 -1039.62
database/img_06411_c1_1303399040049157us_rect.jpg 0.002964 -0.02746 -0.735631 0.676819 837.459 106.584 -1027.3
database/img_06412_c1_1303399040115777us_rect.jpg 0.000851 -0.02994 -0.735616 0.676736 844.58 105.884 -1022.27
database/img_06414_c1_1303399040315781us_rect.jpg 0.006482 0.037393 0.73572 -0.676222 867.121 105.417 -1005.6
database/img_06415_c1_1303399040382527us_rect.jpg 0.009332 0.039919 0.735547 -0.676232 875.15 105.085 -999.427
database/img_06416_c1_1303399040449153us_rect.jpg 0.012073 0.042994 0.73565 -0.675888 883.833 104.856 -992.565
database/img_06417_c1_1303399040582533us_rect.jpg 0.017863 0.049303 0.734894 -0.676152 901.619 101.738 -978.372
database/img_06418_c1_1303399040649152us_rect.jpg 0.021499 0.052223 0.73421 -0.67657 911.025 100.47 -970.561
database/img_06419_c1_1303399040715779us_rect.jpg 0.025229 0.055165 0.733551 -0.676922 920.514 99.4328 -962.495
database/img_06420_c1_1303399040849158us_rect.jpg 0.032631 0.061301 0.732937 -0.676743 939.595 99.2792 -945.578
database/img_06421_c1_1303399040915779us_rect.jpg 0.036575 0.064552 0.733028 -0.67614 949.598 100.554 -936.243
database/img_06422_c1_1303399040982531us_rect.jpg 0.040379 0.068174 0.733262 -0.675314 959.867 101.688 -926.448
database/img_06423_c1_1303399041115804us_rect.jpg 0.047669 0.075248 0.733416 -0.673919 979.48 102.966 -907.312
database/img_06425_c1_1303399041315789us_rect.jpg 0.057779 0.086681 0.733014 -0.672189 1008.32 101.311 -878.088
database/img_06426_c1_1303399041382532us_rect.jpg 0.06119 0.090787 0.732415 -0.671998 1018.17 99.1992 -867.818
database/img_06427_c1_1303399041449158us_rect.jpg 0.065027 0.09505 0.731838 -0.671677 1028.61 97.5916 -856.537
database/img_06428_c1_1303399041582533us_rect.jpg 0.07277 0.102145 0.730714 -0.671064 1047.34 96.4606 -835.579
database/img_06429_c1_1303399041649159us_rect.jpg 0.076733 0.105507 0.730262 -0.670595 1056.43 96.6492 -825.024
database/img_06430_c1_1303399041715785us_rect.jpg 0.080675 0.109109 0.730099 -0.669733 1065.69 97.3968 -813.923
database/img_06431_c1_1303399041849164us_rect.jpg 0.089212 0.116258 0.729718 -0.66786 1084.48 99.9025 -790.431
database/img_06433_c1_1303399041982536us_rect.jpg 0.097962 0.124789 0.727907 -0.66707 1104.62 97.3593 -764.451
database/img_06434_c1_1303399042115810us_rect.jpg 0.106346 0.133063 0.72549 -0.66682 1123.49 93.2551 -739.125
database/img_06435_c1_1303399042182536us_rect.jpg 0.110396 0.137252 0.724488 -0.666402 1132.63 91.6072 -726.341
database/img_06436_c1_1303399042249162us_rect.jpg 0.114547 0.141757 0.723636 -0.665684 1142.08 90.2051 -712.681
database/img_06437_c1_1303399042382564us_rect.jpg 0.12261 0.150634 0.721665 -0.664437 1160.13 86.6873 -685.662
database/img_06438_c1_1303399042449163us_rect.jpg 0.126829 0.154856 0.720309 -0.664145 1168.85 84.6189 -672.111
database/img_06439_c1_1303399042515791us_rect.jpg 0.131108 0.158886 0.719001 -0.66378 1177.27 83.0873 -658.632
database/img_06440_c1_1303399042649169us_rect.jpg 0.139958 0.166189 0.716346 -0.663054 1193.14 81.5878 -632.087
database/img_06442_c1_1303399042782541us_rect.jpg 0.148459 0.1736 0.714532 -0.661262 1208.24 81.8697 -605.244
database/img_06443_c1_1303399042849166us_rect.jpg 0.152984 0.177324 0.713533 -0.660321 1215.8 82.3189 -591.139
database/img_06444_c1_1303399042982565us_rect.jpg 0.162375 0.184305 0.710853 -0.659055 1230.28 82.9093 -562.996
database/img_06446_c1_1303399043115792us_rect.jpg 0.169842 0.192548 0.709136 -0.656662 1243.85 81.327 -535.404
database/img_06447_c1_1303399043249192us_rect.jpg 0.17522 0.200928 0.707947 -0.654016 1255.51 77.3814 -510.948
database/img_06448_c1_1303399043315794us_rect.jpg 0.177441 0.204543 0.707581 -0.652691 1260.39 75.8799 -500.502
database/img_06449_c1_1303399043382544us_rect.jpg 0.179192 0.207935 0.707333 -0.651409 1264.69 74.1212 -491.288
database/img_06450_c1_1303399043515819us_rect.jpg 0.181689 0.214267 0.706731 -0.649315 1272.11 69.1422 -475.587
database/img_06451_c1_1303399043582544us_rect.jpg 0.183523 0.216871 0.706306 -0.648397 1275.68 68.0958 -467.643
database/img_06452_c1_1303399043649169us_rect.jpg 0.185759 0.21865 0.705653 -0.647873 1278.82 68.267 -460.515
database/img_06453_c1_1303399043782546us_rect.jpg 0.189084 0.222476 0.704139 -0.647256 1284.51 65.781 -448.003
database/img_06455_c1_1303399043915796us_rect.jpg 0.192118 0.22435 0.702591 -0.647398 1288.51 65.1999 -439.745
database/img_06456_c1_1303399044050173us_rect.jpg 0.193246 0.227285 0.701741 -0.64696 1292.08 61.5185 -432.965
database/img_06457_c1_1303399044115797us_rect.jpg 0.193555 0.228227 0.701821 -0.646449 1293.33 61.0661 -430.931
database/img_06459_c1_1303399044249173us_rect.jpg 0.193138 0.229868 0.702137 -0.645648 1295.05 58.9667 -429.344
database/img_06460_c1_1303399044382550us_rect.jpg 0.192519 0.231279 0.702177 -0.645286 1296.49 56.1375 -428.695
database/img_06461_c1_1303399044449174us_rect.jpg 0.192229 0.23123 0.702162 -0.645406 1296.69 55.6312 -429.797
database/img_06462_c1_1303399044515800us_rect.jpg 0.192405 0.230968 0.702059 -0.64556 1297.02 56.0238 -430.408
database/img_06463_c1_1303399044649176us_rect.jpg 0.191991 0.229724 0.702706 -0.645423 1296.73 58.3518 -434.298
database/img_06464_c1_1303399044715801us_rect.jpg 0.191066 0.229123 0.703253 -0.645315 1296.16 58.7256 -437.569
database/img_06465_c1_1303399044849178us_rect.jpg 0.187147 0.22858 0.704416 -0.645387 1294.22 55.1118 -446.931
database/img_06467_c1_1303399044982553us_rect.jpg 0.181852 0.226865 0.706366 -0.645376 1290.49 52.4972 -460.992
database/img_06468_c1_1303399045115830us_rect.jpg 0.175571 0.223349 0.7097 -0.644683 1284.64 53.9248 -479.934
database/img_06469_c1_1303399045182554us_rect.jpg 0.172084 0.221062 0.711358 -0.644584 1280.97 54.7794 -491.031
database/img_06470_c1_1303399045249179us_rect.jpg 0.168208 0.218647 0.712525 -0.645141 1276.82 53.9808 -503.245
database/img_06471_c1_1303399045382579us_rect.jpg 0.159958 0.213282 0.714241 -0.647135 1267.38 50.8503 -529.654
database/img_06472_c1_1303399045449180us_rect.jpg 0.155868 0.210373 0.714865 -0.648395 1262.29 49.1293 -543.179
database/img_06473_c1_1303399045515805us_rect.jpg 0.151868 0.206986 0.715519 -0.649711 1256.73 48.2886 -557.32
database/img_06474_c1_1303399045649182us_rect.jpg 0.143688 0.200449 0.717604 -0.651321 1245.28 48.17 -584.986
database/img_06475_c1_1303399045715807us_rect.jpg 0.139131 0.196681 0.718792 -0.652148 1238.51 48.4562 -600.421
database/img_06476_c1_1303399045849216us_rect.jpg 0.129644 0.189453 0.720444 -0.654416 1224.35 46.3854 -631.33
database/img_06477_c1_1303399045915845us_rect.jpg 0.124861 0.185559 0.72162 -0.655166 1216.72 46.6936 -647.053
database/img_06478_c1_1303399046049213us_rect.jpg 0.114788 0.176736 0.724845 -0.655887 1199.45 50.4746 -680.52
database/img_06479_c1_1303399046115809us_rect.jpg 0.109259 0.172587 0.726613 -0.65598 1190.3 51.9023 -697.401
database/img_06480_c1_1303399046182559us_rect.jpg 0.103643 0.168309 0.728071 -0.656386 1180.68 52.6646 -714.587
database/img_06481_c1_1303399046315838us_rect.jpg 0.093595 0.157845 0.729531 -0.65887 1159.74 54.6503 -750.01
database/img_06483_c1_1303399046515813us_rect.jpg 0.077816 0.141488 0.733339 -0.660409 1125.12 62.8339 -803.352
database/img_06484_c1_1303399046582584us_rect.jpg 0.072653 0.136505 0.7344 -0.660866 1113.75 64.7794 -819.877
database/img_06485_c1_1303399046649186us_rect.jpg 0.067755 0.131822 0.735341 -0.661291 1102.82 66.4889 -835.341
database/img_06486_c1_1303399046782563us_rect.jpg 0.05784 0.12138 0.737036 -0.662343 1078.83 70.8583 -867.623
database/img_06487_c1_1303399046915992us_rect.jpg 0.049253 0.111039 0.737935 -0.66385 1055.67 74.8879 -897.127
database/img_06488_c1_1303399046982564us_rect.jpg 0.045022 0.106565 0.738645 -0.664093 1044.86 77.0387 -910.4
database/img_06489_c1_1303399047049197us_rect.jpg 0.040734 0.10218 0.739129 -0.664521 1033.92 78.3981 -923.567
database/img_06490_c1_1303399047182589us_rect.jpg 0.032321 0.093651 0.739526 -0.665798 1012.08 79.4992 -949.077
database/img_06491_c1_1303399047249199us_rect.jpg 0.028056 0.089406 0.739557 -0.66654 1000.87 79.5418 -961.733
database/img_06492_c1_1303399047315815us_rect.jpg 0.023479 0.085471 0.739829 -0.666931 989.577 79.6466 -974.185
database/img_06493_c1_1303399047449194us_rect.jpg 0.014673 0.078388 0.740874 -0.666893 968.272 81.1506 -996.889
database/img_06495_c1_1303399047582566us_rect.jpg 0.005932 0.071041 0.741436 -0.667226 946.127 81.8916 -1019.49
database/img_06496_c1_1303399047715842us_rect.jpg 0.001905 -0.062732 -0.740866 0.668714 923.18 81.4954 -1041.95
database/img_06497_c1_1303399047782573us_rect.jpg 0.005887 -0.05894 -0.741047 0.668835 912.059 82.3786 -1052.43
database/img_06498_c1_1303399047849200us_rect.jpg 0.009814 -0.055048 -0.741294 0.668847 900.764 83.7319 -1062.8
database/img_06499_c1_1303399047982573us_rect.jpg 0.016961 -0.04619 -0.741517 0.669128 877.164 87.8184 -1083.59
database/img_06500_c1_1303399048049202us_rect.jpg 0.020514 -0.042128 -0.741696 0.669097 865.819 89.7531 -1093.28
database/img_06501_c1_1303399048115819us_rect.jpg 0.024084 -0.038113 -0.741708 0.669206 854.407 91.1146 -1102.88
database/img_06502_c1_1303399048182570us_rect.jpg 0.027879 -0.033691 -0.741426 0.669608 841.84 91.833 -1113.2
database/img_06503_c1_1303399048315824us_rect.jpg 0.035 -0.025491 -0.741207 0.669879 818.22 94.2663 -1131.98
database/img_06505_c1_1303399048449198us_rect.jpg 0.042383 -0.017296 -0.740622 0.67036 793.748 95.4418 -1150.65
database/img_06506_c1_1303399048582597us_rect.jpg 0.049916 -0.009329 -0.740411 0.670234 769.092 97.706 -1168.57
database/img_06507_c1_1303399048649199us_rect.jpg 0.053986 -0.005557 -0.740525 0.669834 756.526 99.172 -1177.34
database/img_06508_c1_1303399048715823us_rect.jpg 0.057821 -0.00149 -0.740209 0.669885 743.67 99.8035 -1186.18
database/img_06509_c1_1303399048782573us_rect.jpg 0.062169 0.001886 -0.740122 0.66959 731.118 100.02 -1194.65
database/img_06510_c1_1303399048915824us_rect.jpg 0.070358 0.008469 -0.7398 0.669085 706.865 100.398 -1210.54
database/img_06511_c1_1303399048982574us_rect.jpg 0.074223 0.011311 -0.73933 0.669144 695.743 99.258 -1217.75
database/img_06512_c1_1303399049049200us_rect.jpg 0.077407 0.014681 -0.738249 0.669911 684.655 97.2082 -1224.87
database/img_06513_c1_1303399049182600us_rect.jpg 0.084399 0.021845 -0.736381 0.670927 660.503 94.319 -1239.67
database/img_06514_c1_1303399049249200us_rect.jpg 0.087108 0.025498 -0.735522 0.671394 649.555 93.8603 -1246.15
database/img_06515_c1_1303399049382601us_rect.jpg 0.092899 0.031444 -0.734865 0.671085 629.503 94.8422 -1257.68
database/img_06516_c1_1303399049449201us_rect.jpg 0.095399 0.033504 -0.73458 0.670946 621.778 94.6858 -1262.19
database/img_06518_c1_1303399049649247us_rect.jpg 0.104661 0.039662 -0.734719 0.669075 595.544 96.7935 -1276.66
database/img_06519_c1_1303399049715828us_rect.jpg 0.106373 0.041593 -0.734621 0.668795 589.36 97.7807 -1280.11
database/img_06520_c1_1303399049782579us_rect.jpg 0.107435 0.043592 -0.734466 0.668669 584.172 99.052 -1283.05
database/img_06521_c1_1303399049915855us_rect.jpg 0.108943 0.046651 -0.734986 0.667645 576.753 103.83 -1287.36
database/img_06522_c1_1303399049982579us_rect.jpg 0.109107 0.047449 -0.73488 0.667679 575.389 104.338 -1288.59
database/img_06523_c1_1303399050049205us_rect.jpg 0.109325 0.047797 -0.734577 0.667952 574.738 103.537 -1289.6
database/img_06524_c1_1303399050182582us_rect.jpg 0.110169 0.048272 -0.733722 0.668718 573.076 100.509 -1291.89
database/img_06526_c1_1303399050315831us_rect.jpg 0.110946 0.048646 -0.733575 0.668724 571.849 99.9519 -1293.79
database/img_06527_c1_1303399050382582us_rect.jpg 0.111374 0.048765 -0.733722 0.668483 571.33 100.366 -1294.65
database/img_06528_c1_1303399050515857us_rect.jpg 0.111614 0.048845 -0.734018 0.668112 571.692 101.377 -1295.72
database/img_06529_c1_1303399050582583us_rect.jpg 0.111698 0.049001 -0.733626 0.668517 571.616 100.092 -1296.51
database/img_06530_c1_1303399050649208us_rect.jpg 0.111638 0.049025 -0.73327 0.668917 572.058 98.8542 -1297.06
database/img_06531_c1_1303399050782588us_rect.jpg 0.112347 0.049126 -0.732794 0.669311 571.393 96.8168 -1298.83
database/img_06532_c1_1303399050982589us_rect.jpg 0.112095 0.050149 -0.732517 0.669581 571.2 97.2212 -1300.86
database/img_06533_c1_1303399051249246us_rect.jpg 0.112436 0.051345 -0.734136 0.667658 570.41 104.384 -1303.32
database/img_06534_c1_1303399051315837us_rect.jpg 0.112205 0.051967 -0.733675 0.668154 570.006 103.623 -1304.23
database/img_06535_c1_1303399051449212us_rect.jpg 0.111525 0.052461 -0.733258 0.668687 571.118 103.116 -1305.12
database/img_06536_c1_1303399051515838us_rect.jpg 0.111125 0.052856 -0.733201 0.668786 571.525 103.637 -1305.56
database/img_06537_c1_1303399051649227us_rect.jpg 0.110908 0.053145 -0.733362 0.668621 572.283 104.708 -1306.47
database/img_06538_c1_1303399051715840us_rect.jpg 0.110868 0.053232 -0.733698 0.668253 572.694 106.056 -1306.85
database/img_06539_c1_1303399051782589us_rect.jpg 0.111224 0.052963 -0.734034 0.667846 573.069 106.713 -1307.29
database/img_06540_c1_1303399051915864us_rect.jpg 0.110734 0.052972 -0.734453 0.667466 574.906 108.53 -1307.66
database/img_06541_c1_1303399051982590us_rect.jpg 0.110742 0.052834 -0.734615 0.667298 575.635 108.929 -1307.97
database/img_06542_c1_1303399052049216us_rect.jpg 0.110796 0.052472 -0.734885 0.66702 576.725 109.412 -1308.12
database/img_06543_c1_1303399052182595us_rect.jpg 0.11012 0.052266 -0.735663 0.666289 579.371 112.395 -1308.03
database/img_06544_c1_1303399052249216us_rect.jpg 0.110244 0.052396 -0.73562 0.666306 579.338 112.316 -1308.72
database/img_06545_c1_1303399052315841us_rect.jpg 0.109771 0.052756 -0.735269 0.666743 579.885 111.766 -1309.19
database/img_06546_c1_1303399052449220us_rect.jpg 0.109979 0.052367 -0.736088 0.665835 581.301 114.127 -1309.69
database/img_06548_c1_1303399052582593us_rect.jpg 0.11046 0.051934 -0.736689 0.665125 582.272 115.452 -1310.49
database/img_06549_c1_1303399052715845us_rect.jpg 0.110585 0.05171 -0.737089 0.664678 583.448 116.543 -1311.21
database/img_06550_c1_1303399052782594us_rect.jpg 0.110393 0.052082 -0.736958 0.664827 583.505 116.645 -1311.84
database/img_06551_c1_1303399052915851us_rect.jpg 0.110224 0.051901 -0.737056 0.66476 585.073 116.862 -1312.45
database/img_06552_c1_1303399052982596us_rect.jpg 0.110333 0.051052 -0.73715 0.664703 586.977 116.034 -1312.34
database/img_06553_c1_1303399053049221us_rect.jpg 0.110221 0.050713 -0.737022 0.66489 588.258 115.179 -1312.51
database/img_06554_c1_1303399053182602us_rect.jpg 0.111021 0.050911 -0.737434 0.664284 587.404 116.443 -1314.12
database/img_06555_c1_1303399053249223us_rect.jpg 0.111664 0.051175 -0.738166 0.663343 586.318 119.089 -1315.04
database/img_06556_c1_1303399053315847us_rect.jpg 0.112354 0.051427 -0.7384 0.662946 585.075 119.854 -1316.19
database/img_06557_c1_1303399053449259us_rect.jpg 0.113379 0.052057 -0.738325 0.662806 582.885 119.755 -1318.5
database/img_06558_c1_1303399053515852us_rect.jpg 0.113763 0.053243 -0.737812 0.663217 580.246 119.156 -1320.38
database/img_06559_c1_1303399053582599us_rect.jpg 0.114348 0.054597 -0.73692 0.663997 576.841 117.25 -1322.69
database/img_06560_c1_1303399053649224us_rect.jpg 0.115209 0.055437 -0.736268 0.664502 573.973 115.399 -1324.76
database/img_06561_c1_1303399053782604us_rect.jpg 0.116571 0.057807 -0.734473 0.666047 567.446 110.994 -1329.25
database/img_06562_c1_1303399053849237us_rect.jpg 0.118252 0.058065 -0.733891 0.66637 564.2 108.17 -1331.51
database/img_06564_c1_1303399054049242us_rect.jpg 0.122494 0.060667 -0.732811 0.666561 552.453 105.081 -1338.61
database/img_06565_c1_1303399054115852us_rect.jpg 0.124237 0.061378 -0.732936 0.666035 548.308 105.487 -1340.94
database/img_06566_c1_1303399054182603us_rect.jpg 0.125737 0.06272 -0.73302 0.665536 543.363 106.717 -1343.5
database/img_06567_c1_1303399054315878us_rect.jpg 0.129901 0.06459 -0.733417 0.664119 532.908 108.406 -1348.82
database/img_06568_c1_1303399054382604us_rect.jpg 0.1319 0.065588 -0.733602 0.663422 527.69 109.37 -1351.42
database/img_06569_c1_1303399054449230us_rect.jpg 0.133897 0.066691 -0.733428 0.663104 522.181 109.143 -1354.21
database/img_06570_c1_1303399054582610us_rect.jpg 0.13725 0.069744 -0.733133 0.662431 510.671 110.378 -1359.74
database/img_06571_c1_1303399054649231us_rect.jpg 0.138579 0.0713 -0.7332 0.661914 505.536 112.041 -1362.15
database/img_06572_c1_1303399054715856us_rect.jpg 0.139726 0.073189 -0.732654 0.662072 499.942 111.911 -1364.84
database/img_06573_c1_1303399054849250us_rect.jpg 0.142812 0.075775 -0.731219 0.662708 489.516 108.431 -1370.12
database/img_06574_c1_1303399054915857us_rect.jpg 0.144513 0.076945 -0.730302 0.663215 484.183 105.714 -1372.83
database/img_06575_c1_1303399054982608us_rect.jpg 0.145801 0.078194 -0.729581 0.66358 479.511 104.04 -1375.2
database/img_06576_c1_1303399055115886us_rect.jpg 0.148156 0.080836 -0.72852 0.663908 470.36 102.444 -1379.69
database/img_06577_c1_1303399055182609us_rect.jpg 0.149532 0.081511 -0.728336 0.663719 466.758 102.036 -1381.54
database/img_06578_c1_1303399055249235us_rect.jpg 0.150708 0.082438 -0.72846 0.663202 463.093 103.234 -1383.27
database/img_06579_c1_1303399055382634us_rect.jpg 0.153135 0.084167 -0.72866 0.662208 455.843 105.282 -1386.71
database/img_06580_c1_1303399055449235us_rect.jpg 0.154382 0.084816 -0.728962 0.661503 452.625 106.794 -1388.24
database/img_06581_c1_1303399055515860us_rect.jpg 0.155755 0.085407 -0.729456 0.660561 449.324 108.927 -1389.74
database/img_06582_c1_1303399055649246us_rect.jpg 0.158328 0.086293 -0.730716 0.658438 443.702 113.972 -1392.32
database/img_06583_c1_1303399055715860us_rect.jpg 0.159439 0.087105 -0.731435 0.657264 440.502 117.419 -1393.64
database/img_06584_c1_1303399055782611us_rect.jpg 0.159901 0.08901 -0.732142 0.656108 436.328 122.54 -1395.1
database/img_06585_c1_1303399055915864us_rect.jpg 0.160442 0.093671 -0.73302 0.654344 426.801 132.025 -1398.35
database/img_06586_c1_1303399055982613us_rect.jpg 0.160764 0.095801 -0.733212 0.65374 422.263 135.535 -1399.96
database/img_06588_c1_1303399056182639us_rect.jpg 0.162905 0.0988 -0.731778 0.654371 412.892 133.224 -1404.69
database/img_06589_c1_1303399056249237us_rect.jpg 0.164331 0.099343 -0.730844 0.654976 409.215 129.817 -1406.65
database/img_06590_c1_1303399056315863us_rect.jpg 0.165984 0.100237 -0.729955 0.655414 404.368 126.995 -1408.87
database/img_06591_c1_1303399056449835us_rect.jpg 0.17006 0.101523 -0.730445 0.653622 394.69 129.352 -1412.54
database/img_06592_c1_1303399056515869us_rect.jpg 0.17204 0.103362 -0.731042 0.652147 387.557 133.601 -1414.69
database/img_06593_c1_1303399056582616us_rect.jpg 0.174091 0.105138 -0.731682 0.6506 380.415 137.955 -1416.77
database/img_06594_c1_1303399056649241us_rect.jpg 0.176474 0.106555 -0.732461 0.648848 373.389 142.331 -1418.77
database/img_06595_c1_1303399056782641us_rect.jpg 0.181108 0.110354 -0.733509 0.645745 357.424 150.565 -1423.14
database/img_06597_c1_1303399056915869us_rect.jpg 0.184962 0.117636 -0.731257 0.645921 334.741 150.75 -1429.73
database/img_06598_c1_1303399057049248us_rect.jpg 0.190394 0.122986 -0.728325 0.646659 312.728 145.338 -1436.34
database/img_06599_c1_1303399057115869us_rect.jpg 0.193123 0.12526 -0.726826 0.647099 302.495 141.995 -1439.4
database/img_06600_c1_1303399057182621us_rect.jpg 0.195463 0.128624 -0.725097 0.647676 290.636 139.327 -1442.63
database/img_06601_c1_1303399057315893us_rect.jpg 0.199992 0.13637 -0.721978 0.648193 265.028 136.853 -1448.84
database/img_06602_c1_1303399057382620us_rect.jpg 0.201971 0.140599 -0.720753 0.648039 252.063 137.525 -1451.62
database/img_06603_c1_1303399057449246us_rect.jpg 0.204405 0.144522 -0.719723 0.647558 238.842 138.535 -1454.27
database/img_06604_c1_1303399057582650us_rect.jpg 0.209884 0.152125 -0.717929 0.646053 211.625 141.361 -1459.24
database/img_06605_c1_1303399057649246us_rect.jpg 0.213044 0.156057 -0.717018 0.645091 196.808 142.955 -1461.65
database/img_06607_c1_1303399057849253us_rect.jpg 0.223968 0.16743 -0.714001 0.641879 150.005 146.389 -1468.34
database/img_06608_c1_1303399057915873us_rect.jpg 0.227828 0.171564 -0.712553 0.641037 133.004 146.39 -1470.46
database/img_06609_c1_1303399057982623us_rect.jpg 0.23157 0.175699 -0.710954 0.640351 116.161 145.853 -1472.42
database/img_06610_c1_1303399058115877us_rect.jpg 0.239018 0.184525 -0.70762 0.638823 81.1455 145.256 -1475.77
database/img_06611_c1_1303399058182624us_rect.jpg 0.24273 0.188832 -0.705908 0.638059 63.8206 144.75 -1477.14
database/img_06612_c1_1303399058249250us_rect.jpg 0.246355 0.192895 -0.704325 0.637202 47.2095 144.512 -1478.24
database/img_06613_c1_1303399058383754us_rect.jpg 0.253894 0.202278 -0.700509 0.635539 10.2995 143.425 -1479.96
database/img_06615_c1_1303399058515876us_rect.jpg 0.262603 0.211263 -0.697216 0.632691 -28.2344 144.648 -1480.49
database/img_06616_c1_1303399058582627us_rect.jpg 0.267032 0.215848 -0.695798 0.630848 -47.8733 146.568 -1480.22
database/img_06617_c1_1303399058715900us_rect.jpg 0.276311 0.224619 -0.693037 0.626816 -87.224 150.74 -1478.85
database/img_06618_c1_1303399058782628us_rect.jpg 0.280837 0.229702 -0.691401 0.624766 -108.357 152.954 -1477.64
database/img_06619_c1_1303399058915907us_rect.jpg 0.289578 0.239596 -0.687412 0.621452 -149.615 154.274 -1474.71
database/img_06620_c1_1303399058982629us_rect.jpg 0.293881 0.244311 -0.685507 0.619699 -169.59 155.152 -1472.84
database/img_06622_c1_1303399059115879us_rect.jpg 0.303117 0.253944 -0.680955 0.616387 -211.596 154.823 -1468.21
database/img_06623_c1_1303399059249277us_rect.jpg 0.312795 0.262815 -0.676512 0.612715 -252.843 154.745 -1462.42
database/img_06624_c1_1303399059315880us_rect.jpg 0.317262 0.267486 -0.674145 0.611002 -273.267 154.459 -1459.14
database/img_06625_c1_1303399059382631us_rect.jpg 0.321759 0.27189 -0.671807 0.60928 -293.144 154.067 -1455.67
database/img_06626_c1_1303399059515907us_rect.jpg 0.329701 0.280946 -0.666831 0.606385 -331.306 152.052 -1448.37
database/img_06627_c1_1303399059582632us_rect.jpg 0.333239 0.285339 -0.664044 0.605457 -349.227 149.407 -1444.76
database/img_06629_c1_1303399059782636us_rect.jpg 0.344057 0.298659 -0.654901 0.602937 -403.912 139.104 -1432.44
database/img_06630_c1_1303399059849259us_rect.jpg 0.347529 0.302671 -0.652381 0.601675 -420.728 137.396 -1428.07
database/img_06631_c1_1303399059915885us_rect.jpg 0.351323 0.306125 -0.650392 0.599875 -436.823 137.518 -1423.52
database/img_06632_c1_1303399060049286us_rect.jpg 0.359258 0.31376 -0.646638 0.595271 -471.33 140.564 -1412.77
database/img_06633_c1_1303399060115886us_rect.jpg 0.363215 0.317328 -0.645296 0.592428 -487.832 144.224 -1407.08
database/img_06635_c1_1303399060315909us_rect.jpg 0.374109 0.328469 -0.639476 0.585852 -536.578 147.865 -1389.68
database/img_06636_c1_1303399060382637us_rect.jpg 0.37741 0.332493 -0.637112 0.584036 -552.9 147.607 -1383.57
database/img_06637_c1_1303399060449262us_rect.jpg 0.380733 0.336392 -0.634689 0.582283 -568.976 147.02 -1377.36
database/img_06638_c1_1303399060582645us_rect.jpg 0.387741 0.343838 -0.629481 0.578952 -601.112 144.482 -1364.41
database/img_06639_c1_1303399060649262us_rect.jpg 0.391632 0.347066 -0.627012 0.577084 -616.802 143.662 -1357.72
database/img_06641_c1_1303399060849267us_rect.jpg 0.402879 0.359509 -0.618927 0.570413 -669.133 143.015 -1333.5
database/img_06642_c1_1303399060915914us_rect.jpg 0.406362 0.363592 -0.616805 0.567646 -685.636 145.131 -1325.09
database/img_06643_c1_1303399060982639us_rect.jpg 0.409869 0.366887 -0.615279 0.564652 -700.238 148.742 -1317.24
database/img_06644_c1_1303399061115893us_rect.jpg 0.417166 0.373518 -0.611162 0.559408 -730.268 152.165 -1300.85
database/img_06646_c1_1303399061249267us_rect.jpg 0.424331 0.379961 -0.60664 0.554581 -759.544 153.854 -1284.16
database/img_06647_c1_1303399061382671us_rect.jpg 0.430998 0.387065 -0.602122 0.549428 -789.06 156.426 -1266.29
database/img_06648_c1_1303399061449267us_rect.jpg 0.434159 0.390781 -0.600074 0.546542 -803.689 158.838 -1256.94
database/img_06649_c1_1303399061515892us_rect.jpg 0.437523 0.394252 -0.598278 0.543326 -818.068 162.415 -1247.33
database/img_06650_c1_1303399061649280us_rect.jpg 0.443492 0.400223 -0.595503 0.537134 -842.816 170.62 -1229.95
database/img_06651_c1_1303399061782647us_rect.jpg 0.449065 0.406082 -0.592517 0.531376 -866.413 177.44 -1212.76
database/img_06652_c1_1303399061915898us_rect.jpg 0.453496 0.411531 -0.589597 0.526649 -886.722 182.111 -1197.54
