database/img_02560_c0_1303398695047214us_rect.jpg 0.691013 0.535754 -0.346488 0.339727 -238.143 4.98789 -278.739
database/img_02561_c0_1303398695180618us_rect.jpg 0.689547 0.538037 -0.346215 0.339375 -239.727 5.73449 -279.656
database/img_02562_c0_1303398695247223us_rect.jpg 0.689085 0.538825 -0.346411 0.338864 -240.469 6.31906 -280.147
database/img_02563_c0_1303398695313840us_rect.jpg 0.688952 0.539279 -0.346874 0.337937 -241.227 7.12705 -280.616
database/img_02564_c0_1303398695380590us_rect.jpg 0.689239 0.539351 -0.347123 0.33698 -242.085 7.7178 -281
database/img_02565_c0_1303398695513866us_rect.jpg 0.690641 0.538453 -0.347438 0.335215 -243.773 8.39265 -281.79
database/img_02566_c0_1303398695580599us_rect.jpg 0.691342 0.537951 -0.346991 0.335042 -244.645 8.06757 -282.188
database/img_02567_c0_1303398695647216us_rect.jpg 0.691839 0.537571 -0.346631 0.334996 -245.427 7.76543 -282.665
database/img_02568_c0_1303398695780620us_rect.jpg 0.691282 0.538517 -0.346285 0.334985 -246.855 7.88102 -283.721
database/img_02569_c0_1303398695847225us_rect.jpg 0.690388 0.53982 -0.346313 0.334703 -247.612 8.45109 -284.192
database/img_02570_c0_1303398695913843us_rect.jpg 0.689664 0.540843 -0.346391 0.334464 -248.316 8.93106 -284.722
database/img_02571_c0_1303398695980594us_rect.jpg 0.689197 0.541615 -0.34656 0.334003 -249.053 9.48877 -285.209
database/img_02572_c0_1303398696113870us_rect.jpg 0.689395 0.54164 -0.346402 0.333714 -250.451 9.53945 -286.282
database/img_02573_c0_1303398696180597us_rect.jpg 0.689963 0.541277 -0.346324 0.333211 -251.276 9.61186 -286.707
database/img_02574_c0_1303398696247221us_rect.jpg 0.690664 0.540656 -0.346172 0.332924 -252.043 9.45439 -287.188
database/img_02575_c0_1303398696380599us_rect.jpg 0.6919 0.539442 -0.346191 0.332307 -253.432 9.34125 -288.278
database/img_02576_c0_1303398696447226us_rect.jpg 0.691895 0.539342 -0.346208 0.332463 -253.962 9.23525 -288.967
database/img_02577_c0_1303398696513847us_rect.jpg 0.691673 0.539555 -0.346186 0.332601 -254.533 9.22066 -289.621
database/img_02578_c0_1303398696580597us_rect.jpg 0.691274 0.53996 -0.346346 0.332608 -255.071 9.43069 -290.291
database/img_02579_c0_1303398696713873us_rect.jpg 0.690422 0.540756 -0.347305 0.332084 -256.04 10.4624 -291.718
database/img_02580_c0_1303398696780598us_rect.jpg 0.690308 0.540723 -0.347613 0.332051 -256.501 10.6283 -292.462
database/img_02581_c0_1303398696847224us_rect.jpg 0.690267 0.5405 -0.347933 0.332166 -256.884 10.6672 -293.274
database/img_02582_c0_1303398696980624us_rect.jpg 0.690476 0.539938 -0.349102 0.331419 -257.766 11.4705 -294.777
database/img_02583_c0_1303398697047226us_rect.jpg 0.690308 0.540049 -0.349783 0.330867 -258.244 12.1508 -295.49
database/img_02584_c0_1303398697113851us_rect.jpg 0.689987 0.540269 -0.350397 0.330529 -258.673 12.7272 -296.242
database/img_02585_c0_1303398697247232us_rect.jpg 0.689614 0.540005 -0.351385 0.330689 -259.287 13.09 -297.989
database/img_02586_c0_1303398697313853us_rect.jpg 0.689205 0.540102 -0.35194 0.330794 -259.558 13.3773 -298.882
database/img_02587_c0_1303398697380602us_rect.jpg 0.688988 0.54006 -0.352266 0.330968 -259.919 13.4513 -299.706
database/img_02588_c0_1303398697513879us_rect.jpg 0.688738 0.539837 -0.353008 0.331061 -260.677 13.7314 -301.318
database/img_02589_c0_1303398697580603us_rect.jpg 0.688808 0.539568 -0.35369 0.330624 -261.078 14.236 -302.083
database/img_02590_c0_1303398697647228us_rect.jpg 0.688955 0.539127 -0.354515 0.330154 -261.404 14.7755 -302.907
database/img_02591_c0_1303398697780606us_rect.jpg 0.688685 0.538779 -0.355837 0.329864 -261.987 15.5391 -304.637
database/img_02592_c0_1303398697847238us_rect.jpg 0.68825 0.539015 -0.356609 0.329552 -262.301 16.2134 -305.459
database/img_02593_c0_1303398697913854us_rect.jpg 0.687639 0.539423 -0.357375 0.329331 -262.586 16.9015 -306.304
database/img_02594_c0_1303398697980605us_rect.jpg 0.68717 0.539684 -0.357907 0.329305 -262.908 17.3068 -307.126
database/img_02595_c0_1303398698113857us_rect.jpg 0.686559 0.53983 -0.358806 0.32936 -263.579 17.8399 -308.735
database/img_02596_c0_1303398698180607us_rect.jpg 0.686581 0.539648 -0.359363 0.329005 -263.999 18.2734 -309.456
database/img_02597_c0_1303398698247232us_rect.jpg 0.686771 0.539106 -0.359922 0.328886 -264.293 18.4551 -310.292
database/img_02598_c0_1303398698380608us_rect.jpg 0.687257 0.538085 -0.360854 0.32852 -265.047 18.8063 -311.835
database/img_02599_c0_1303398698447239us_rect.jpg 0.687403 0.537723 -0.361361 0.328253 -265.44 19.1029 -312.576
database/img_02600_c0_1303398698513857us_rect.jpg 0.687552 0.537422 -0.361595 0.328175 -265.907 19.166 -313.264
database/img_02601_c0_1303398698580608us_rect.jpg 0.687629 0.537218 -0.361758 0.328168 -266.383 19.1842 -313.941
database/img_02602_c0_1303398698713887us_rect.jpg 0.687576 0.537202 -0.361606 0.328472 -267.495 18.9252 -315.18
database/img_02603_c0_1303398698780609us_rect.jpg 0.68753 0.537236 -0.36163 0.328488 -268.053 18.9431 -315.778
database/img_02604_c0_1303398698847232us_rect.jpg 0.687449 0.537419 -0.361799 0.328171 -268.673 19.2726 -316.309
database/img_02605_c0_1303398698980635us_rect.jpg 0.687447 0.537935 -0.362179 0.326909 -270.155 20.3365 -317.138
database/img_02606_c0_1303398699047233us_rect.jpg 0.687582 0.537984 -0.362131 0.326596 -270.889 20.4898 -317.572
database/img_02607_c0_1303398699113859us_rect.jpg 0.687925 0.537722 -0.362412 0.325995 -271.534 20.8692 -318.062
database/img_02608_c0_1303398699247247us_rect.jpg 0.688432 0.537535 -0.362957 0.324622 -272.919 21.8424 -318.959
database/img_02609_c0_1303398699313882us_rect.jpg 0.688634 0.537878 -0.36309 0.323474 -273.907 22.6574 -319.12
database/img_02610_c0_1303398699380611us_rect.jpg 0.688887 0.537935 -0.362917 0.323036 -274.759 22.8114 -319.436
database/img_02611_c0_1303398699447236us_rect.jpg 0.689286 0.537635 -0.362718 0.322908 -275.47 22.648 -319.888
database/img_02612_c0_1303398699580616us_rect.jpg 0.690004 0.536988 -0.361834 0.323442 -276.855 21.5845 -320.888
database/img_02613_c0_1303398699647239us_rect.jpg 0.690076 0.53716 -0.361614 0.323248 -277.637 21.615 -321.275
database/img_02614_c0_1303398699713865us_rect.jpg 0.69009 0.537457 -0.361386 0.32298 -278.459 21.7305 -321.614
database/img_02615_c0_1303398699847255us_rect.jpg 0.689865 0.538175 -0.361291 0.32237 -279.929 22.2684 -322.431
database/img_02616_c0_1303398699913891us_rect.jpg 0.689675 0.538502 -0.361582 0.321906 -280.531 22.8151 -322.936
database/img_02617_c0_1303398699980616us_rect.jpg 0.689291 0.538917 -0.362285 0.321241 -280.979 23.7513 -323.539
database/img_02618_c0_1303398700047241us_rect.jpg 0.688873 0.539507 -0.362543 0.320856 -281.58 24.3334 -324.036
database/img_02619_c0_1303398700180619us_rect.jpg 0.688025 0.540281 -0.36278 0.321106 -282.494 24.6276 -325.337
database/img_02620_c0_1303398700247247us_rect.jpg 0.687937 0.540156 -0.363041 0.32121 -282.844 24.6765 -326.091
database/img_02621_c0_1303398700313867us_rect.jpg 0.68808 0.53981 -0.363164 0.321345 -283.254 24.5429 -326.796
database/img_02622_c0_1303398700380617us_rect.jpg 0.688194 0.539415 -0.363322 0.321586 -283.591 24.3532 -327.562
database/img_02623_c0_1303398700513869us_rect.jpg 0.688699 0.538366 -0.363848 0.321668 -284.302 24.2215 -329.055
database/img_02624_c0_1303398700580618us_rect.jpg 0.688755 0.537917 -0.364447 0.321621 -284.495 24.4426 -329.919
database/img_02625_c0_1303398700647244us_rect.jpg 0.6888 0.537505 -0.364978 0.321612 -284.711 24.6122 -330.764
database/img_02626_c0_1303398700780646us_rect.jpg 0.68867 0.537069 -0.365813 0.32167 -285.27 24.918 -332.349
database/img_02627_c0_1303398700847268us_rect.jpg 0.688497 0.536911 -0.366242 0.321815 -285.492 25.0375 -333.19
database/img_02628_c0_1303398700913869us_rect.jpg 0.688138 0.537113 -0.366845 0.321558 -285.801 25.6286 -333.919
database/img_02629_c0_1303398700980621us_rect.jpg 0.687818 0.537324 -0.367306 0.321366 -286.163 26.0989 -334.615
database/img_02630_c0_1303398701113873us_rect.jpg 0.686983 0.537688 -0.367963 0.321792 -286.698 26.4072 -336.21
database/img_02631_c0_1303398701180621us_rect.jpg 0.686646 0.5376 -0.36816 0.32243 -286.847 26.1334 -337.139
database/img_02632_c0_1303398701247248us_rect.jpg 0.686259 0.537545 -0.368664 0.322771 -286.934 26.2284 -338.092
database/img_02633_c0_1303398701313872us_rect.jpg 0.685814 0.537739 -0.369497 0.322441 -287.126 27.009 -338.906
database/img_02634_c0_1303398701447249us_rect.jpg 0.685704 0.537251 -0.37145 0.321243 -287.511 28.7132 -340.511
database/img_02635_c0_1303398701513874us_rect.jpg 0.686075 0.536463 -0.372306 0.320776 -287.684 29.1995 -341.355
database/img_02636_c0_1303398701580625us_rect.jpg 0.68677 0.535371 -0.372942 0.320373 -287.952 29.3941 -342.138
database/img_02637_c0_1303398701713901us_rect.jpg 0.687639 0.533757 -0.374017 0.31995 -288.464 29.6651 -343.733
database/img_02638_c0_1303398701780651us_rect.jpg 0.687557 0.533706 -0.374611 0.319515 -288.825 30.2654 -344.403
database/img_02639_c0_1303398701847251us_rect.jpg 0.687147 0.534157 -0.375076 0.319097 -289.288 30.9763 -344.974
database/img_02640_c0_1303398701913877us_rect.jpg 0.686277 0.535233 -0.3753 0.318904 -289.838 31.6572 -345.475
database/img_02641_c0_1303398702047255us_rect.jpg 0.684255 0.53755 -0.375117 0.319567 -290.892 32.0814 -346.609
database/img_02642_c0_1303398702113899us_rect.jpg 0.683472 0.538251 -0.375085 0.320099 -291.262 32.032 -347.33
database/img_02643_c0_1303398702180630us_rect.jpg 0.683001 0.538728 -0.374932 0.32048 -291.767 31.9046 -347.943
database/img_02644_c0_1303398702247253us_rect.jpg 0.682771 0.538878 -0.374637 0.321062 -292.251 31.4363 -348.599
database/img_02645_c0_1303398702380629us_rect.jpg 0.683267 0.538342 -0.374154 0.32147 -293.451 30.6644 -349.709
database/img_02646_c0_1303398702447271us_rect.jpg 0.683591 0.537923 -0.374191 0.321439 -293.969 30.5326 -350.311
database/img_02647_c0_1303398702513880us_rect.jpg 0.683769 0.53768 -0.374575 0.32102 -294.446 30.9192 -350.905
database/img_02648_c0_1303398702580629us_rect.jpg 0.683549 0.538032 -0.375033 0.320363 -295.015 31.7356 -351.383
database/img_02649_c0_1303398702713905us_rect.jpg 0.682023 0.540314 -0.375866 0.318796 -296.41 34.1118 -352.055
database/img_02650_c0_1303398702780630us_rect.jpg 0.681152 0.541628 -0.375444 0.318925 -297.249 34.295 -352.362
database/img_02651_c0_1303398702913883us_rect.jpg 0.68071 0.541692 -0.375449 0.319753 -297.979 33.8368 -353.851
database/img_02652_c0_1303398702980631us_rect.jpg 0.681034 0.541258 -0.375091 0.320217 -298.531 33.1477 -354.481
database/img_02653_c0_1303398703047256us_rect.jpg 0.681448 0.540885 -0.374808 0.3203 -299.209 32.7532 -354.976
database/img_02654_c0_1303398703180722us_rect.jpg 0.683338 0.539022 -0.375624 0.31845 -300.527 33.6017 -355.863
database/img_02655_c0_1303398703247258us_rect.jpg 0.684246 0.537899 -0.376762 0.317053 -300.9 34.7153 -356.48
database/img_02656_c0_1303398703313883us_rect.jpg 0.684839 0.537202 -0.37756 0.316003 -301.363 35.5764 -357.042
database/img_02657_c0_1303398703380633us_rect.jpg 0.685092 0.537022 -0.377682 0.315614 -302.003 35.8133 -357.526
database/img_02658_c0_1303398703513887us_rect.jpg 0.684761 0.537722 -0.376249 0.316851 -303.552 34.411 -358.433
database/img_02659_c0_1303398703647287us_rect.jpg 0.683888 0.538404 -0.376551 0.317218 -304.336 34.6631 -359.842
database/img_02660_c0_1303398703713883us_rect.jpg 0.683412 0.538815 -0.377326 0.316626 -304.672 35.7042 -360.504
database/img_02661_c0_1303398703780635us_rect.jpg 0.683267 0.538955 -0.37788 0.31604 -305.134 36.4813 -361.084
database/img_02662_c0_1303398703847259us_rect.jpg 0.683471 0.538843 -0.378249 0.315346 -305.759 37.0947 -361.545
database/img_02663_c0_1303398703980636us_rect.jpg 0.684583 0.537846 -0.378808 0.313962 -307.084 37.8806 -362.458
database/img_02664_c0_1303398704047261us_rect.jpg 0.685196 0.537187 -0.379137 0.313356 -307.666 38.1913 -362.988
database/img_02665_c0_1303398704113885us_rect.jpg 0.68561 0.536684 -0.379218 0.313212 -308.212 38.1182 -363.594
database/img_02666_c0_1303398704247272us_rect.jpg 0.685367 0.537013 -0.378597 0.313932 -309.461 37.386 -364.74
database/img_02667_c0_1303398704313887us_rect.jpg 0.684932 0.537497 -0.377844 0.314958 -310.097 36.4476 -365.357
database/img_02668_c0_1303398704380639us_rect.jpg 0.684419 0.538107 -0.377158 0.315852 -310.754 35.6867 -365.941
database/img_02669_c0_1303398704447264us_rect.jpg 0.684045 0.538589 -0.376751 0.316328 -311.408 35.3147 -366.49
database/img_02670_c0_1303398704580640us_rect.jpg 0.683483 0.539514 -0.377296 0.315314 -312.71 36.6876 -367.403
database/img_02671_c0_1303398704647271us_rect.jpg 0.683545 0.539514 -0.377814 0.314558 -313.284 37.5021 -367.913
database/img_02672_c0_1303398704713890us_rect.jpg 0.683835 0.539099 -0.378401 0.313934 -313.722 38.1044 -368.561
database/img_02673_c0_1303398704780641us_rect.jpg 0.684244 0.53857 -0.378652 0.313648 -314.228 38.2229 -369.197
database/img_02674_c0_1303398704913891us_rect.jpg 0.685018 0.537857 -0.378106 0.31384 -315.634 37.4148 -370.246
database/img_02675_c0_1303398704980642us_rect.jpg 0.685307 0.537591 -0.37772 0.314129 -316.329 36.8491 -370.793
database/img_02676_c0_1303398705047268us_rect.jpg 0.685418 0.537478 -0.377695 0.314112 -316.926 36.7878 -371.374
database/img_02677_c0_1303398705180668us_rect.jpg 0.685675 0.537072 -0.378305 0.31351 -317.926 37.4013 -372.64
database/img_02678_c0_1303398705247269us_rect.jpg 0.686034 0.536618 -0.378281 0.313532 -318.483 37.1677 -373.278
database/img_02679_c0_1303398705313894us_rect.jpg 0.686182 0.536442 -0.377871 0.314002 -319.114 36.5126 -373.888
database/img_02680_c0_1303398705447271us_rect.jpg 0.686755 0.536052 -0.376682 0.314844 -320.683 34.9864 -374.872
database/img_02681_c0_1303398705513894us_rect.jpg 0.687144 0.535673 -0.376726 0.314587 -321.338 35.0122 -375.4
database/img_02682_c0_1303398705580644us_rect.jpg 0.687385 0.535283 -0.376958 0.314447 -321.804 35.0931 -376.083
database/img_02683_c0_1303398705647270us_rect.jpg 0.687529 0.534936 -0.377181 0.314455 -322.204 35.089 -376.838
database/img_02684_c0_1303398705780648us_rect.jpg 0.687465 0.535441 -0.376877 0.314099 -323.779 35.3121 -377.662
database/img_02685_c0_1303398705847296us_rect.jpg 0.687554 0.535685 -0.376812 0.313566 -324.678 35.709 -377.954
database/img_02686_c0_1303398705913898us_rect.jpg 0.687723 0.535758 -0.376579 0.31335 -325.532 35.7163 -378.315
database/img_02687_c0_1303398705980648us_rect.jpg 0.687895 0.535785 -0.376475 0.313053 -326.329 35.8403 -378.714
database/img_02688_c0_1303398706113926us_rect.jpg 0.687705 0.536699 -0.375625 0.312926 -328.205 35.7165 -379.304
database/img_02689_c0_1303398706180649us_rect.jpg 0.68769 0.537103 -0.375998 0.311814 -329.081 36.8681 -379.54
database/img_02690_c0_1303398706247274us_rect.jpg 0.688234 0.536215 -0.378256 0.309401 -329.163 39.6337 -380.302
database/img_02691_c0_1303398706313900us_rect.jpg 0.689222 0.535679 -0.377945 0.308511 -330.354 39.7699 -380.352
database/img_02692_c0_1303398706447277us_rect.jpg 0.690809 0.534983 -0.374573 0.310274 -333.03 35.9329 -380.588
database/img_02693_c0_1303398706513900us_rect.jpg 0.691049 0.534661 -0.374022 0.31096 -333.656 34.9489 -381.232
database/img_02694_c0_1303398706580651us_rect.jpg 0.690777 0.535367 -0.373423 0.311069 -334.653 34.7573 -381.476
database/img_02695_c0_1303398706713903us_rect.jpg 0.689029 0.537919 -0.37353 0.310416 -336.2 36.3603 -382.182
database/img_02696_c0_1303398706780824us_rect.jpg 0.688307 0.538836 -0.373646 0.310287 -336.812 36.9222 -382.698
database/img_02697_c0_1303398706847277us_rect.jpg 0.687828 0.539529 -0.373352 0.310499 -337.539 36.8708 -383.167
database/img_02698_c0_1303398706981170us_rect.jpg 0.687661 0.540446 -0.372319 0.310514 -339.481 36.5097 -383.707
database/img_02699_c0_1303398707047315us_rect.jpg 0.687861 0.540394 -0.37255 0.309885 -340.2 37.0674 -384.125
database/img_02700_c0_1303398707180657us_rect.jpg 0.688898 0.539329 -0.373188 0.308665 -341.433 37.868 -385.174
database/img_02701_c0_1303398707247279us_rect.jpg 0.689538 0.538645 -0.373311 0.308282 -342.071 37.9122 -385.71
database/img_02702_c0_1303398707313905us_rect.jpg 0.69009 0.538046 -0.373185 0.308246 -342.724 37.5852 -386.265
database/img_02703_c0_1303398707380655us_rect.jpg 0.690682 0.537522 -0.37266 0.308468 -343.544 36.8271 -386.711
database/img_02704_c0_1303398707513906us_rect.jpg 0.691333 0.537056 -0.371949 0.308679 -345.082 35.9677 -387.63
database/img_02705_c0_1303398707580656us_rect.jpg 0.691666 0.536752 -0.372193 0.308168 -345.712 36.3539 -388.134
database/img_02706_c0_1303398707647283us_rect.jpg 0.692081 0.536418 -0.372333 0.307649 -346.42 36.6595 -388.576
database/img_02707_c0_1303398707780682us_rect.jpg 0.69281 0.536228 -0.371976 0.306768 -348.245 36.9142 -389.129
database/img_02708_c0_1303398707847284us_rect.jpg 0.693081 0.536134 -0.371903 0.30641 -349.038 37.0634 -389.507
database/img_02709_c0_1303398707913909us_rect.jpg 0.693307 0.536142 -0.371525 0.306343 -349.914 36.8386 -389.84
database/img_02710_c0_1303398708047307us_rect.jpg 0.693694 0.536666 -0.370469 0.305829 -352.104 36.6484 -390.094
database/img_02711_c0_1303398708113909us_rect.jpg 0.693967 0.536765 -0.369835 0.305802 -353.153 36.2463 -390.281
database/img_02712_c0_1303398708180659us_rect.jpg 0.69427 0.536854 -0.369079 0.305874 -354.242 35.6814 -390.443
database/img_02713_c0_1303398708247286us_rect.jpg 0.694498 0.536854 -0.368499 0.306053 -355.143 35.1321 -390.775
database/img_02714_c0_1303398708380663us_rect.jpg 0.695532 0.536403 -0.367037 0.306253 -357.21 33.7218 -391.212
database/img_02715_c0_1303398708447286us_rect.jpg 0.695805 0.536875 -0.366916 0.304946 -358.54 34.7488 -391.01
database/img_02716_c0_1303398708513912us_rect.jpg 0.695938 0.537428 -0.367395 0.303089 -359.701 36.6397 -390.879
database/img_02717_c0_1303398708647311us_rect.jpg 0.696309 0.537914 -0.368529 0.299981 -361.545 39.8716 -391.078
database/img_02718_c0_1303398708713910us_rect.jpg 0.696548 0.538092 -0.368222 0.299483 -362.582 40.0735 -391.201
database/img_02719_c0_1303398708780661us_rect.jpg 0.696567 0.538529 -0.367607 0.29941 -363.656 39.864 -391.328
database/img_02720_c0_1303398708913935us_rect.jpg 0.696679 0.539369 -0.36563 0.300056 -365.962 38.3024 -391.546
database/img_02721_c0_1303398708980661us_rect.jpg 0.696684 0.5396 -0.364974 0.30043 -366.832 37.6474 -391.899
database/img_02722_c0_1303398709047287us_rect.jpg 0.696743 0.539817 -0.364361 0.300645 -367.746 37.1356 -392.192
database/img_02723_c0_1303398709180687us_rect.jpg 0.697261 0.539726 -0.364391 0.29957 -369.37 37.8804 -392.807
database/img_02724_c0_1303398709247309us_rect.jpg 0.697523 0.539427 -0.364707 0.299115 -369.905 38.3103 -393.365
database/img_02725_c0_1303398709313914us_rect.jpg 0.697834 0.538935 -0.364936 0.298995 -370.329 38.3529 -394.061
database/img_02726_c0_1303398709447668us_rect.jpg 0.698078 0.538238 -0.364982 0.299627 -371.066 37.62 -395.642
database/img_02727_c0_1303398709513939us_rect.jpg 0.697591 0.538267 -0.365425 0.300166 -371.032 37.5727 -396.77
database/img_02728_c0_1303398709580665us_rect.jpg 0.69691 0.538266 -0.366185 0.300822 -370.708 37.6612 -398.16
database/img_02729_c0_1303398709780688us_rect.jpg 0.694121 0.538773 -0.367899 0.304253 -369.427 36.6928 -402.696
database/img_02730_c0_1303398709913920us_rect.jpg 0.692175 0.537987 -0.371267 0.305982 -367.094 37.6464 -406.885
database/img_02731_c0_1303398709980689us_rect.jpg 0.691393 0.537035 -0.373727 0.306426 -365.503 38.7624 -409.282
database/img_02732_c0_1303398710047292us_rect.jpg 0.690619 0.536234 -0.375751 0.307097 -364.12 39.4566 -411.506
database/img_02733_c0_1303398710113917us_rect.jpg 0.689551 0.535741 -0.377579 0.308115 -362.71 39.8978 -413.755
database/img_02734_c0_1303398710247320us_rect.jpg 0.687126 0.534561 -0.381682 0.310519 -359.296 40.772 -418.724
database/img_02735_c0_1303398710313920us_rect.jpg 0.685676 0.534187 -0.383683 0.311897 -357.522 41.155 -421.234
database/img_02736_c0_1303398710380669us_rect.jpg 0.683966 0.533931 -0.385616 0.313701 -355.555 41.2444 -423.904
database/img_02737_c0_1303398710513927us_rect.jpg 0.680344 0.533533 -0.390373 0.31636 -351.376 42.8765 -429.236
database/img_02738_c0_1303398710580670us_rect.jpg 0.678412 0.533616 -0.392292 0.31799 -349.478 43.2789 -431.74
database/img_02739_c0_1303398710647296us_rect.jpg 0.676209 0.533163 -0.394808 0.320319 -346.649 43.4021 -434.994
database/img_02740_c0_1303398710780697us_rect.jpg 0.671874 0.531525 -0.399174 0.32669 -340.416 41.6033 -442.006
database/img_02741_c0_1303398710847297us_rect.jpg 0.670352 0.529203 -0.402753 0.329185 -336.367 41.5344 -446.064
database/img_02742_c0_1303398710913921us_rect.jpg 0.669247 0.526286 -0.407592 0.330152 -332.049 43.2159 -450.081
database/img_02743_c0_1303398711048007us_rect.jpg 0.667129 0.521795 -0.416216 0.330807 -324.974 47.2996 -456.683
database/img_02744_c0_1303398711113930us_rect.jpg 0.665968 0.519399 -0.420253 0.33181 -321.19 48.5661 -460.141
database/img_02745_c0_1303398711180673us_rect.jpg 0.664532 0.516782 -0.42418 0.333775 -316.869 48.9567 -464.006
database/img_02746_c0_1303398711247301us_rect.jpg 0.662312 0.514567 -0.42727 0.337645 -312.114 47.5942 -468.248
database/img_02747_c0_1303398711380678us_rect.jpg 0.655707 0.512528 -0.432937 0.346307 -302.455 45.2603 -476.536
database/img_02748_c0_1303398711447302us_rect.jpg 0.651447 0.513049 -0.43684 0.348668 -297.883 47.2404 -480.085
database/img_02749_c0_1303398711513928us_rect.jpg 0.647413 0.513792 -0.440878 0.350001 -293.806 50.189 -483.148
database/img_02560_c1_1303398695047258us_rect.jpg 0.263325 0.138855 -0.736794 0.607053 270.024 0.534325 -247.844
database/img_02561_c1_1303398695180637us_rect.jpg 0.262185 0.140886 -0.735436 0.608723 270.97 1.35353 -249.375
database/img_02562_c1_1303398695247264us_rect.jpg 0.261489 0.141858 -0.735242 0.609032 271.526 2.02121 -250.047
database/img_02563_c1_1303398695313883us_rect.jpg 0.260995 0.142868 -0.735288 0.608952 271.996 2.76855 -250.808
database/img_02564_c1_1303398695380634us_rect.jpg 0.261083 0.143461 -0.735646 0.608342 272.38 3.25456 -251.654
database/img_02565_c1_1303398695513889us_rect.jpg 0.261805 0.144098 -0.736541 0.606796 273.122 3.82577 -253.392
database/img_02566_c1_1303398695580635us_rect.jpg 0.262529 0.143859 -0.736795 0.606231 273.523 3.57396 -254.235
database/img_02567_c1_1303398695647260us_rect.jpg 0.263144 0.143564 -0.736793 0.606036 273.973 3.19417 -255.015
database/img_02568_c1_1303398695780640us_rect.jpg 0.262852 0.144172 -0.736125 0.60683 275.073 3.26529 -256.386
database/img_02569_c1_1303398695847286us_rect.jpg 0.262018 0.145367 -0.735458 0.607714 275.586 3.87446 -257.103
database/img_02570_c1_1303398695913886us_rect.jpg 0.261406 0.146273 -0.73493 0.608399 276.114 4.31832 -257.808
database/img_02571_c1_1303398695980637us_rect.jpg 0.260965 0.146942 -0.734728 0.60867 276.663 4.73689 -258.485
database/img_02572_c1_1303398696113891us_rect.jpg 0.261031 0.147451 -0.734788 0.608448 277.677 5.02359 -259.928
database/img_02573_c1_1303398696180637us_rect.jpg 0.261563 0.147427 -0.735106 0.60784 278.081 4.99176 -260.756
database/img_02574_c1_1303398696247262us_rect.jpg 0.262143 0.147102 -0.735403 0.60731 278.57 4.74949 -261.509
database/img_02575_c1_1303398696380664us_rect.jpg 0.262809 0.146589 -0.736256 0.606111 279.713 4.64664 -262.82
database/img_02576_c1_1303398696447287us_rect.jpg 0.262725 0.146499 -0.7363 0.606115 280.385 4.6237 -263.372
database/img_02577_c1_1303398696513890us_rect.jpg 0.26254 0.146539 -0.736125 0.606398 281.042 4.59513 -263.946
database/img_02578_c1_1303398696580640us_rect.jpg 0.262032 0.146857 -0.735916 0.606795 281.738 4.82481 -264.461
database/img_02579_c1_1303398696713892us_rect.jpg 0.260939 0.147779 -0.735825 0.607153 283.074 5.66145 -265.552
database/img_02580_c1_1303398696780641us_rect.jpg 0.260589 0.147864 -0.735857 0.607244 283.793 5.82714 -266.046
database/img_02581_c1_1303398696847266us_rect.jpg 0.260391 0.147656 -0.736034 0.607164 284.561 5.83786 -266.495
database/img_02582_c1_1303398696980644us_rect.jpg 0.259781 0.147758 -0.736782 0.606493 286.019 6.46539 -267.456
database/img_02583_c1_1303398697047268us_rect.jpg 0.258925 0.148235 -0.737184 0.606254 286.835 7.24245 -267.838
database/img_02584_c1_1303398697113893us_rect.jpg 0.258255 0.148662 -0.737398 0.606175 287.58 7.82786 -268.296
database/img_02585_c1_1303398697247291us_rect.jpg 0.257204 0.148438 -0.73759 0.606443 289.312 8.10102 -268.96
database/img_02586_c1_1303398697313894us_rect.jpg 0.256717 0.148534 -0.737717 0.606471 290.088 8.37542 -269.383
database/img_02587_c1_1303398697380644us_rect.jpg 0.25628 0.148374 -0.737718 0.606694 290.928 8.40291 -269.742
database/img_02588_c1_1303398697513896us_rect.jpg 0.255739 0.148323 -0.738109 0.606459 292.387 8.73983 -270.685
database/img_02589_c1_1303398697580645us_rect.jpg 0.255159 0.148377 -0.738536 0.606171 293.235 9.18368 -271.026
database/img_02590_c1_1303398697647271us_rect.jpg 0.25474 0.1485 -0.739033 0.605711 293.986 9.65808 -271.46
database/img_02591_c1_1303398697780672us_rect.jpg 0.253418 0.148387 -0.739902 0.605232 295.825 10.4818 -271.964
database/img_02592_c1_1303398697847279us_rect.jpg 0.252505 0.148897 -0.739996 0.605373 296.623 11.153 -272.326
database/img_02593_c1_1303398697913898us_rect.jpg 0.251489 0.149317 -0.740063 0.605611 297.497 11.7893 -272.608
database/img_02594_c1_1303398697980647us_rect.jpg 0.250652 0.149507 -0.740058 0.605917 298.369 12.1805 -272.889
database/img_02595_c1_1303398698113922us_rect.jpg 0.249721 0.149847 -0.740032 0.606249 299.803 12.6767 -273.787
database/img_02596_c1_1303398698180648us_rect.jpg 0.249142 0.149895 -0.740323 0.60612 300.63 13.054 -274.112
database/img_02597_c1_1303398698247273us_rect.jpg 0.248738 0.149714 -0.740798 0.60575 301.474 13.3276 -274.414
database/img_02598_c1_1303398698380675us_rect.jpg 0.248421 0.149174 -0.741845 0.604731 303.017 13.6474 -275.182
database/img_02599_c1_1303398698447297us_rect.jpg 0.247984 0.148958 -0.74224 0.60448 303.883 13.8636 -275.459
database/img_02600_c1_1303398698513901us_rect.jpg 0.247879 0.148791 -0.742517 0.604223 304.579 13.9333 -275.922
database/img_02601_c1_1303398698580651us_rect.jpg 0.247721 0.148746 -0.742596 0.604202 305.243 13.9898 -276.416
database/img_02602_c1_1303398698713910us_rect.jpg 0.247788 0.148537 -0.74247 0.60438 306.436 13.7331 -277.569
database/img_02603_c1_1303398698780654us_rect.jpg 0.24766 0.148582 -0.742547 0.604328 307.052 13.8387 -278.11
database/img_02604_c1_1303398698847278us_rect.jpg 0.247433 0.148861 -0.742663 0.60421 307.623 14.1558 -278.687
database/img_02605_c1_1303398698980662us_rect.jpg 0.247087 0.15004 -0.742658 0.604066 308.469 15.0289 -280.146
database/img_02606_c1_1303398699047279us_rect.jpg 0.246998 0.150488 -0.742736 0.603894 308.908 15.3896 -280.861
database/img_02607_c1_1303398699113904us_rect.jpg 0.247027 0.150632 -0.743037 0.603476 309.422 15.6354 -281.49
database/img_02608_c1_1303398699247287us_rect.jpg 0.247272 0.151327 -0.743758 0.602313 310.214 16.4055 -282.991
database/img_02609_c1_1303398699313911us_rect.jpg 0.247317 0.152306 -0.743929 0.601836 310.386 17.1348 -283.959
database/img_02610_c1_1303398699380656us_rect.jpg 0.247623 0.152915 -0.74402 0.601443 310.582 17.4793 -284.92
database/img_02611_c1_1303398699447281us_rect.jpg 0.248245 0.152811 -0.74409 0.601127 310.913 17.2213 -285.759
database/img_02612_c1_1303398699580682us_rect.jpg 0.249271 0.152149 -0.743855 0.601161 311.825 16.2476 -287.197
database/img_02613_c1_1303398699647281us_rect.jpg 0.249279 0.152695 -0.74359 0.601347 312.156 16.444 -288.016
database/img_02614_c1_1303398699713907us_rect.jpg 0.249632 0.153174 -0.74345 0.601252 312.361 16.5508 -288.968
database/img_02615_c1_1303398699847386us_rect.jpg 0.249591 0.154155 -0.743113 0.601435 313.099 17.0088 -290.519
database/img_02616_c1_1303398699913909us_rect.jpg 0.24931 0.15453 -0.743305 0.601218 313.643 17.4682 -291.084
database/img_02617_c1_1303398699980658us_rect.jpg 0.248438 0.155262 -0.743489 0.601162 314.313 18.3807 -291.485
database/img_02618_c1_1303398700047284us_rect.jpg 0.247875 0.155873 -0.743249 0.601534 314.867 18.8446 -292.035
database/img_02619_c1_1303398700180684us_rect.jpg 0.247137 0.156346 -0.742749 0.602331 316.094 19.1084 -293.043
database/img_02620_c1_1303398700247291us_rect.jpg 0.246757 0.156406 -0.742667 0.602572 316.791 19.2224 -293.457
database/img_02621_c1_1303398700313912us_rect.jpg 0.246704 0.156109 -0.742744 0.602576 317.491 19.07 -293.878
database/img_02622_c1_1303398700380661us_rect.jpg 0.246808 0.155519 -0.743085 0.602266 318.252 18.8216 -294.233
database/img_02623_c1_1303398700513921us_rect.jpg 0.246664 0.15491 -0.743702 0.60172 319.693 18.8014 -295.015
database/img_02624_c1_1303398700580661us_rect.jpg 0.24638 0.154658 -0.74401 0.601521 320.487 18.8981 -295.319
database/img_02625_c1_1303398700647286us_rect.jpg 0.246169 0.154336 -0.744351 0.601268 321.274 18.9453 -295.615
database/img_02626_c1_1303398700780667us_rect.jpg 0.245745 0.154038 -0.744739 0.601037 322.699 19.1061 -296.388
database/img_02627_c1_1303398700847290us_rect.jpg 0.245318 0.153836 -0.744943 0.601011 323.535 19.2315 -296.64
database/img_02628_c1_1303398700913913us_rect.jpg 0.244527 0.154177 -0.74505 0.601113 324.311 19.8109 -296.927
database/img_02629_c1_1303398700980663us_rect.jpg 0.244032 0.154436 -0.745292 0.600947 324.99 20.315 -297.314
database/img_02630_c1_1303398701113939us_rect.jpg 0.242979 0.154463 -0.745257 0.60141 326.553 20.6808 -297.909
database/img_02631_c1_1303398701180687us_rect.jpg 0.242442 0.153997 -0.744971 0.602101 327.525 20.3584 -298.039
database/img_02632_c1_1303398701247290us_rect.jpg 0.241835 0.153843 -0.744986 0.602365 328.411 20.4715 -298.223
database/img_02633_c1_1303398701313916us_rect.jpg 0.240801 0.154096 -0.7454 0.602202 329.345 21.2791 -298.309
database/img_02634_c1_1303398701447301us_rect.jpg 0.239541 0.154605 -0.746724 0.600933 330.865 22.9073 -298.855
database/img_02635_c1_1303398701513917us_rect.jpg 0.239197 0.154448 -0.747462 0.600193 331.667 23.3627 -299.107
database/img_02636_c1_1303398701580666us_rect.jpg 0.239249 0.153955 -0.748453 0.599063 332.441 23.5902 -299.4
database/img_02637_c1_1303398701713921us_rect.jpg 0.239136 0.153313 -0.74981 0.597573 333.914 23.9917 -300.068
database/img_02638_c1_1303398701780669us_rect.jpg 0.238639 0.153379 -0.750174 0.597298 334.678 24.4404 -300.357
database/img_02639_c1_1303398701847293us_rect.jpg 0.238138 0.153956 -0.750262 0.597239 335.216 25.0903 -300.877
database/img_02640_c1_1303398701913919us_rect.jpg 0.237249 0.154881 -0.749847 0.597874 335.762 25.8277 -301.382
database/img_02641_c1_1303398702047320us_rect.jpg 0.235687 0.156125 -0.748284 0.600124 336.974 26.3286 -302.348
database/img_02642_c1_1303398702113921us_rect.jpg 0.235133 0.156367 -0.747565 0.601172 337.636 26.2551 -302.79
database/img_02643_c1_1303398702180670us_rect.jpg 0.234745 0.156397 -0.747125 0.601863 338.328 26.1409 -303.2
database/img_02644_c1_1303398702247296us_rect.jpg 0.234854 0.156346 -0.746691 0.602372 338.825 25.7769 -303.848
database/img_02645_c1_1303398702380696us_rect.jpg 0.235582 0.155703 -0.746464 0.602535 339.847 24.855 -305.134
database/img_02646_c1_1303398702447297us_rect.jpg 0.235647 0.155374 -0.746746 0.602245 340.518 24.755 -305.568
database/img_02647_c1_1303398702513922us_rect.jpg 0.235558 0.155532 -0.74698 0.601949 341.05 25.0377 -306.13
database/img_02648_c1_1303398702580673us_rect.jpg 0.23521 0.156336 -0.747025 0.601822 341.414 25.7773 -306.839
database/img_02649_c1_1303398702713928us_rect.jpg 0.23348 0.159185 -0.746451 0.60246 342.053 28.1661 -308.289
database/img_02650_c1_1303398702780673us_rect.jpg 0.232981 0.160096 -0.745561 0.603512 342.394 28.4588 -309.06
database/img_02651_c1_1303398702913961us_rect.jpg 0.232587 0.15976 -0.745199 0.604201 343.809 28.1122 -309.879
database/img_02652_c1_1303398702980674us_rect.jpg 0.232929 0.159004 -0.745169 0.604305 344.53 27.3851 -310.32
database/img_02653_c1_1303398703047300us_rect.jpg 0.233728 0.158731 -0.745112 0.604138 344.822 26.8125 -311.223
database/img_02654_c1_1303398703180741us_rect.jpg 0.234302 0.158758 -0.746822 0.601794 345.722 27.672 -312.518
database/img_02655_c1_1303398703247327us_rect.jpg 0.234172 0.158838 -0.748365 0.599903 346.371 28.7678 -312.886
database/img_02656_c1_1303398703313926us_rect.jpg 0.233979 0.159118 -0.749502 0.598483 346.946 29.7817 -313.343
database/img_02657_c1_1303398703380676us_rect.jpg 0.23384 0.159207 -0.749857 0.598069 347.543 30.1254 -313.833
database/img_02658_c1_1303398703513962us_rect.jpg 0.234508 0.159018 -0.748571 0.599467 348.36 28.8565 -315.419
database/img_02659_c1_1303398703647328us_rect.jpg 0.233781 0.159328 -0.748024 0.600351 349.653 28.9927 -316.355
database/img_02660_c1_1303398703713937us_rect.jpg 0.232983 0.160035 -0.748335 0.600086 350.289 30.0392 -316.75
database/img_02661_c1_1303398703780682us_rect.jpg 0.232512 0.160561 -0.74852 0.599897 350.842 30.7354 -317.264
database/img_02662_c1_1303398703847305us_rect.jpg 0.232275 0.16112 -0.748935 0.599321 351.281 31.5157 -317.902
database/img_02663_c1_1303398703980706us_rect.jpg 0.2325 0.161375 -0.750135 0.597662 352.238 32.3903 -319.16
database/img_02664_c1_1303398704047305us_rect.jpg 0.232671 0.161307 -0.750773 0.596812 352.779 32.6791 -319.734
database/img_02665_c1_1303398704113931us_rect.jpg 0.232985 0.160962 -0.751088 0.596386 353.363 32.4846 -320.315
database/img_02666_c1_1303398704247309us_rect.jpg 0.232993 0.160687 -0.750383 0.597343 354.582 31.7682 -321.455
database/img_02667_c1_1303398704313963us_rect.jpg 0.233312 0.160265 -0.749472 0.598475 355.144 30.6893 -322.149
database/img_02668_c1_1303398704380682us_rect.jpg 0.233358 0.160115 -0.748625 0.599556 355.718 29.9717 -322.794
database/img_02669_c1_1303398704447307us_rect.jpg 0.233151 0.160257 -0.748023 0.60035 356.297 29.7463 -323.392
database/img_02670_c1_1303398704580709us_rect.jpg 0.232592 0.161603 -0.747705 0.600602 357.073 30.769 -324.873
database/img_02671_c1_1303398704647308us_rect.jpg 0.23216 0.162056 -0.748224 0.600001 357.672 31.636 -325.358
database/img_02672_c1_1303398704713942us_rect.jpg 0.231849 0.162396 -0.748684 0.599455 358.259 32.3249 -325.867
database/img_02673_c1_1303398704780684us_rect.jpg 0.231909 0.162258 -0.749007 0.599065 358.881 32.3965 -326.4
database/img_02674_c1_1303398704913966us_rect.jpg 0.232638 0.161775 -0.74885 0.59911 359.886 31.5792 -327.82
database/img_02675_c1_1303398704980685us_rect.jpg 0.233036 0.161369 -0.748633 0.599335 360.441 30.9332 -328.498
database/img_02676_c1_1303398705047311us_rect.jpg 0.233119 0.161305 -0.74862 0.599337 361.004 30.8244 -329.116
database/img_02677_c1_1303398705180690us_rect.jpg 0.232637 0.161484 -0.749257 0.59868 362.341 31.5751 -330.036
database/img_02678_c1_1303398705247311us_rect.jpg 0.232713 0.161443 -0.749185 0.598751 362.894 31.4453 -330.669
database/img_02679_c1_1303398705313938us_rect.jpg 0.233185 0.161097 -0.74906 0.598818 363.39 30.8771 -331.402
database/img_02680_c1_1303398705447316us_rect.jpg 0.234454 0.160073 -0.748633 0.599129 364.365 29.2179 -332.936
database/img_02681_c1_1303398705513969us_rect.jpg 0.234592 0.159873 -0.748952 0.59873 364.984 29.2092 -333.49
database/img_02682_c1_1303398705580688us_rect.jpg 0.234569 0.159726 -0.749273 0.598378 365.66 29.3097 -333.975
database/img_02683_c1_1303398705647313us_rect.jpg 0.234567 0.15947 -0.749416 0.598267 366.365 29.1932 -334.443
database/img_02684_c1_1303398705780717us_rect.jpg 0.234396 0.160133 -0.74899 0.598691 367.284 29.4655 -335.885
database/img_02685_c1_1303398705847315us_rect.jpg 0.234345 0.160686 -0.749022 0.598523 367.633 29.9366 -336.703
database/img_02686_c1_1303398705913949us_rect.jpg 0.23472 0.1607 -0.749132 0.598234 368.02 29.8549 -337.52
database/img_02687_c1_1303398705980691us_rect.jpg 0.234814 0.160964 -0.74906 0.598216 368.425 29.9643 -338.3
database/img_02688_c1_1303398706113945us_rect.jpg 0.235437 0.16173 -0.748226 0.598808 368.859 29.7038 -340.306
database/img_02689_c1_1303398706180714us_rect.jpg 0.234927 0.162874 -0.74844 0.59843 369.165 30.9785 -341.095
database/img_02690_c1_1303398706247317us_rect.jpg 0.233665 0.163716 -0.750343 0.596308 370.08 33.5321 -341.097
database/img_02691_c1_1303398706313949us_rect.jpg 0.234471 0.164002 -0.750903 0.595207 370.135 33.8167 -342.234
database/img_02692_c1_1303398706447343us_rect.jpg 0.237739 0.162681 -0.74944 0.596116 370.163 30.2926 -344.967
database/img_02693_c1_1303398706513946us_rect.jpg 0.238238 0.16212 -0.749107 0.596489 370.732 29.3721 -345.648
database/img_02694_c1_1303398706580693us_rect.jpg 0.238453 0.162244 -0.748593 0.597014 371.11 28.9997 -346.485
database/img_02695_c1_1303398706713979us_rect.jpg 0.237076 0.164625 -0.74733 0.598491 371.771 30.5861 -348.081
database/img_02696_c1_1303398706780838us_rect.jpg 0.236428 0.165434 -0.746799 0.599187 372.269 31.1278 -348.719
database/img_02697_c1_1303398706847320us_rect.jpg 0.236222 0.165757 -0.74633 0.599762 372.775 31.1307 -349.394
database/img_02698_c1_1303398706981197us_rect.jpg 0.236716 0.166506 -0.745352 0.600577 373.259 30.7949 -351.34
database/img_02699_c1_1303398707047360us_rect.jpg 0.236652 0.16704 -0.745592 0.600155 373.616 31.4227 -352.113
database/img_02700_c1_1303398707180721us_rect.jpg 0.237033 0.167138 -0.746768 0.598512 374.573 32.18 -353.444
database/img_02701_c1_1303398707247345us_rect.jpg 0.237327 0.166978 -0.747175 0.597933 375.094 32.208 -354.098
database/img_02702_c1_1303398707313948us_rect.jpg 0.237692 0.166566 -0.747502 0.597494 375.698 31.9393 -354.687
database/img_02703_c1_1303398707380698us_rect.jpg 0.238528 0.166053 -0.747537 0.59726 376.081 31.1689 -355.55
database/img_02704_c1_1303398707513985us_rect.jpg 0.23933 0.165797 -0.747532 0.597016 376.924 30.5876 -357.107
database/img_02705_c1_1303398707580699us_rect.jpg 0.239404 0.16596 -0.747917 0.596459 377.395 30.9668 -357.781
database/img_02706_c1_1303398707647325us_rect.jpg 0.239622 0.166153 -0.748233 0.595921 377.768 31.2605 -358.557
database/img_02707_c1_1303398707780705us_rect.jpg 0.240168 0.166893 -0.74834 0.59536 378.247 31.7078 -360.4
database/img_02708_c1_1303398707847326us_rect.jpg 0.24045 0.167243 -0.748464 0.594992 378.493 31.9666 -361.308
database/img_02709_c1_1303398707913952us_rect.jpg 0.240871 0.167348 -0.748392 0.594882 378.777 31.8115 -362.209
database/img_02710_c1_1303398708047639us_rect.jpg 0.241662 0.168052 -0.747819 0.595084 379.099 31.6071 -364.268
database/img_02711_c1_1303398708113951us_rect.jpg 0.242301 0.168215 -0.747452 0.59524 379.214 31.1809 -365.366
database/img_02712_c1_1303398708180703us_rect.jpg 0.242916 0.168366 -0.747138 0.59534 379.345 30.7956 -366.436
database/img_02713_c1_1303398708247328us_rect.jpg 0.243493 0.168217 -0.746807 0.595561 379.65 30.1545 -367.349
database/img_02714_c1_1303398708380729us_rect.jpg 0.245071 0.167848 -0.74654 0.595354 380.078 28.9392 -369.344
database/img_02715_c1_1303398708447329us_rect.jpg 0.24523 0.169087 -0.746619 0.594838 379.92 29.9781 -370.595
database/img_02716_c1_1303398708513953us_rect.jpg 0.24492 0.170767 -0.747114 0.593862 379.816 31.9251 -371.707
database/img_02717_c1_1303398708647336us_rect.jpg 0.244572 0.173212 -0.74823 0.59189 379.918 35.0325 -373.649
database/img_02718_c1_1303398708713956us_rect.jpg 0.244832 0.17371 -0.748163 0.591721 380.072 35.29 -374.627
database/img_02719_c1_1303398708780706us_rect.jpg 0.245279 0.174026 -0.747871 0.591812 380.201 35.1346 -375.664
database/img_02720_c1_1303398708913967us_rect.jpg 0.246475 0.174142 -0.746375 0.593168 380.51 33.5233 -377.801
database/img_02721_c1_1303398708980757us_rect.jpg 0.246871 0.174052 -0.745928 0.593593 380.873 32.9095 -378.639
database/img_02722_c1_1303398709047332us_rect.jpg 0.247328 0.173906 -0.745666 0.593774 381.237 32.3688 -379.462
database/img_02723_c1_1303398709180714us_rect.jpg 0.247465 0.174699 -0.746061 0.592988 381.879 33.2968 -381.021
database/img_02724_c1_1303398709247339us_rect.jpg 0.247456 0.174789 -0.746521 0.592385 382.42 33.7383 -381.58
database/img_02725_c1_1303398709313960us_rect.jpg 0.247474 0.174596 -0.746905 0.591951 383.092 33.8572 -382.034
database/img_02726_c1_1303398709447678us_rect.jpg 0.247605 0.173776 -0.746968 0.592058 384.568 33.1119 -382.877
database/img_02727_c1_1303398709513973us_rect.jpg 0.24702 0.173408 -0.746957 0.592424 385.665 33.024 -382.905
database/img_02728_c1_1303398709580710us_rect.jpg 0.246002 0.172909 -0.746988 0.592954 387.084 33.0442 -382.601
database/img_02729_c1_1303398709780714us_rect.jpg 0.242859 0.170584 -0.746112 0.596018 391.779 31.6537 -381.339
database/img_02730_c1_1303398709913969us_rect.jpg 0.239098 0.168855 -0.747245 0.596612 396.033 32.6992 -379.119
database/img_02731_c1_1303398709980713us_rect.jpg 0.236737 0.16798 -0.748369 0.596391 398.453 33.8744 -377.606
database/img_02732_c1_1303398710047338us_rect.jpg 0.234702 0.166812 -0.749211 0.596466 400.821 34.4238 -376.195
database/img_02733_c1_1303398710113963us_rect.jpg 0.232809 0.165763 -0.7497 0.596886 403.015 34.7401 -374.964
database/img_02734_c1_1303398710247344us_rect.jpg 0.228419 0.163139 -0.750841 0.597869 408.008 35.3403 -371.782
database/img_02735_c1_1303398710313965us_rect.jpg 0.226011 0.161807 -0.751297 0.598574 410.613 35.6415 -370.034
database/img_02736_c1_1303398710380715us_rect.jpg 0.223591 0.160675 -0.7514 0.599657 413.086 35.8651 -368.401
database/img_02737_c1_1303398710513979us_rect.jpg 0.217679 0.158498 -0.752139 0.601482 418.562 37.3422 -364.381
database/img_02738_c1_1303398710580717us_rect.jpg 0.21505 0.157517 -0.752139 0.602685 421.022 37.7587 -362.659
database/img_02739_c1_1303398710647341us_rect.jpg 0.211759 0.155623 -0.752238 0.604216 424.297 37.7821 -359.995
database/img_02740_c1_1303398710780723us_rect.jpg 0.205595 0.149947 -0.75215 0.607879 431.507 35.7933 -353.925
database/img_02741_c1_1303398710847366us_rect.jpg 0.202192 0.146567 -0.753464 0.608217 435.556 35.5127 -350.151
database/img_02742_c1_1303398710913968us_rect.jpg 0.198006 0.14344 -0.756191 0.606955 439.897 36.9051 -345.752
database/img_02743_c1_1303398711048027us_rect.jpg 0.190538 0.139822 -0.760719 0.604526 446.641 40.8736 -339.013
database/img_02744_c1_1303398711113999us_rect.jpg 0.186703 0.137293 -0.762801 0.603678 450.357 42.1425 -335.145
database/img_02745_c1_1303398711180718us_rect.jpg 0.182872 0.133992 -0.7644 0.60357 454.38 42.3688 -330.894
database/img_02746_c1_1303398711247343us_rect.jpg 0.179222 0.130011 -0.764843 0.604972 458.542 41.0866 -326.511
database/img_02747_c1_1303398711380744us_rect.jpg 0.170593 0.122613 -0.764037 0.610009 467.002 38.6698 -317.172
database/img_02748_c1_1303398711447345us_rect.jpg 0.165009 0.121215 -0.763786 0.612135 470.672 40.389 -312.791
database/img_02749_c1_1303398711513970us_rect.jpg 0.159619 0.12062 -0.763779 0.613689 473.839 42.927 -308.953
