database/img_05814_c0_1303398986182186us_rect.jpg 0.286452 0.355615 -0.667121 0.588586 -169.546 261.911 -1322.52
database/img_05815_c0_1303398986248810us_rect.jpg 0.286727 0.355427 -0.667106 0.588582 -170.097 261.586 -1323.08
database/img_05816_c0_1303398986315436us_rect.jpg 0.286795 0.354846 -0.667247 0.58874 -169.318 261.165 -1323.82
database/img_05817_c0_1303398986382194us_rect.jpg 0.286848 0.354125 -0.667256 0.589138 -168.181 260.01 -1324.76
database/img_05818_c0_1303398986515461us_rect.jpg 0.285963 0.353519 -0.667266 0.58992 -166.069 258.889 -1326.37
database/img_05819_c0_1303398986582186us_rect.jpg 0.285137 0.354063 -0.667108 0.590172 -166.33 259.051 -1326.86
database/img_05820_c0_1303398986648814us_rect.jpg 0.284552 0.354557 -0.666961 0.590324 -166.916 259.211 -1327.31
database/img_05821_c0_1303398986782210us_rect.jpg 0.284228 0.353788 -0.667453 0.590385 -165.428 259.75 -1328.51
database/img_05822_c0_1303398986848821us_rect.jpg 0.284742 0.352952 -0.667937 0.590091 -164.844 260.284 -1329.04
database/img_05823_c0_1303398986915438us_rect.jpg 0.285293 0.351992 -0.66854 0.589715 -164.026 261.077 -1329.54
database/img_05824_c0_1303398986982199us_rect.jpg 0.285731 0.351465 -0.668955 0.589347 -164.041 261.855 -1329.93
database/img_05825_c0_1303398987115442us_rect.jpg 0.286029 0.351303 -0.669076 0.58916 -165.165 262.106 -1330.85
database/img_05826_c0_1303398987182231us_rect.jpg 0.286057 0.350832 -0.669087 0.589415 -164.571 261.37 -1331.62
database/img_05827_c0_1303398987248817us_rect.jpg 0.28593 0.350837 -0.669082 0.58948 -164.828 261.332 -1332.15
database/img_05828_c0_1303398987315441us_rect.jpg 0.285843 0.350891 -0.669285 0.58926 -165.266 262.176 -1332.49
database/img_05829_c0_1303398987448843us_rect.jpg 0.285994 0.351021 -0.670168 0.588105 -166.774 265.789 -1332.7
database/img_05830_c0_1303398987515443us_rect.jpg 0.286263 0.351069 -0.670546 0.587514 -167.847 267.364 -1332.81
database/img_05831_c0_1303398987582203us_rect.jpg 0.286636 0.35086 -0.670822 0.587141 -168.506 268.145 -1333.12
database/img_05832_c0_1303398987648818us_rect.jpg 0.286834 0.35079 -0.670868 0.587033 -169.186 268.241 -1333.57
database/img_05833_c0_1303398987782239us_rect.jpg 0.287544 0.35065 -0.670548 0.587136 -171.151 266.904 -1334.69
database/img_05834_c0_1303398987848819us_rect.jpg 0.287716 0.350772 -0.6703 0.587262 -172.255 266.184 -1335.25
database/img_05835_c0_1303398987915444us_rect.jpg 0.287778 0.351353 -0.669992 0.587236 -174.259 265.976 -1335.58
database/img_05836_c0_1303398988048823us_rect.jpg 0.288105 0.352188 -0.669784 0.586812 -177.841 266.634 -1336.09
database/img_05837_c0_1303398988115447us_rect.jpg 0.288664 0.352236 -0.66974 0.586559 -179.48 266.653 -1336.43
database/img_05838_c0_1303398988182199us_rect.jpg 0.289369 0.352021 -0.669969 0.586078 -180.751 267.324 -1336.68
database/img_05839_c0_1303398988315447us_rect.jpg 0.290264 0.352081 -0.6705 0.584992 -183.499 269.671 -1336.95
database/img_05841_c0_1303398988448824us_rect.jpg 0.291464 0.351901 -0.670688 0.584287 -186.262 270.367 -1337.55
database/img_05842_c0_1303398988515449us_rect.jpg 0.292434 0.351185 -0.670377 0.58459 -186.866 268.182 -1338.47
database/img_05843_c0_1303398988648825us_rect.jpg 0.294678 0.349988 -0.669193 0.585537 -189.265 262.112 -1340.44
database/img_05844_c0_1303398988715449us_rect.jpg 0.295406 0.35023 -0.668857 0.58541 -191.72 261.388 -1340.79
database/img_05845_c0_1303398988782206us_rect.jpg 0.295703 0.350915 -0.668591 0.585153 -194.418 261.578 -1340.92
database/img_05846_c0_1303398988848826us_rect.jpg 0.295707 0.351621 -0.668311 0.585048 -196.61 261.671 -1341.14
database/img_05847_c0_1303398988982201us_rect.jpg 0.294744 0.352355 -0.667862 0.585604 -197.533 260.908 -1342.27
database/img_05848_c0_1303398989048827us_rect.jpg 0.293874 0.353394 -0.667895 0.585378 -198.854 262.559 -1342.31
database/img_05849_c0_1303398989115452us_rect.jpg 0.293019 0.354288 -0.668114 0.585015 -199.849 264.704 -1342.29
database/img_05850_c0_1303398989248926us_rect.jpg 0.292813 0.355317 -0.668231 0.584361 -202.874 266.828 -1342.53
database/img_05851_c0_1303398989315454us_rect.jpg 0.293327 0.354847 -0.668185 0.584441 -203.183 265.988 -1343.2
database/img_05852_c0_1303398989382204us_rect.jpg 0.293943 0.354106 -0.667983 0.584812 -203.042 264.106 -1344.14
database/img_05853_c0_1303398989448827us_rect.jpg 0.294214 0.353862 -0.667803 0.585028 -203.446 263.065 -1344.83
database/img_05854_c0_1303398989582208us_rect.jpg 0.293973 0.354147 -0.667916 0.584848 -204.601 263.918 -1345.59
database/img_05855_c0_1303398989648850us_rect.jpg 0.293641 0.35463 -0.668221 0.584375 -205.581 265.834 -1345.61
database/img_05856_c0_1303398989848833us_rect.jpg 0.292313 0.354976 -0.668924 0.584025 -205.238 268.843 -1346.69
database/img_05857_c0_1303398989982222us_rect.jpg 0.292413 0.353763 -0.669936 0.583551 -203.343 270.802 -1347.68
database/img_05858_c0_1303398990048829us_rect.jpg 0.292947 0.352813 -0.670474 0.58324 -202.482 271.457 -1348.22
database/img_05859_c0_1303398990115455us_rect.jpg 0.293497 0.352048 -0.670762 0.583096 -202.112 271.442 -1348.82
database/img_05860_c0_1303398990182204us_rect.jpg 0.294163 0.351251 -0.671055 0.582902 -201.89 271.432 -1349.39
database/img_05861_c0_1303398990315460us_rect.jpg 0.294788 0.350316 -0.671522 0.582613 -201.696 271.862 -1350.41
database/img_05862_c0_1303398990382207us_rect.jpg 0.295021 0.349799 -0.671676 0.582627 -201.338 271.664 -1351.04
database/img_05863_c0_1303398990448834us_rect.jpg 0.294791 0.349529 -0.671668 0.582915 -200.707 271.117 -1351.78
database/img_05864_c0_1303398990582761us_rect.jpg 0.293604 0.35053 -0.670916 0.583779 -201.831 269.515 -1353.01
database/img_05865_c0_1303398990648859us_rect.jpg 0.293017 0.351063 -0.670759 0.583934 -202.469 269.637 -1353.42
database/img_05866_c0_1303398990715459us_rect.jpg 0.292482 0.351499 -0.670623 0.584095 -202.969 269.699 -1353.87
database/img_05867_c0_1303398990848839us_rect.jpg 0.292261 0.351644 -0.670953 0.583739 -203.777 271.192 -1354.51
database/img_05868_c0_1303398990915464us_rect.jpg 0.292032 0.351876 -0.671402 0.583198 -204.32 273.3 -1354.53
database/img_05869_c0_1303398990982214us_rect.jpg 0.291817 0.352133 -0.671996 0.582466 -204.94 276.03 -1354.41
database/img_05870_c0_1303398991115462us_rect.jpg 0.291278 0.352052 -0.673089 0.581522 -204.531 280.094 -1354.7
database/img_05871_c0_1303398991182237us_rect.jpg 0.291037 0.35172 -0.673434 0.581444 -203.682 280.844 -1355.19
database/img_05872_c0_1303398991248838us_rect.jpg 0.290826 0.351857 -0.673675 0.581188 -204.035 281.981 -1355.42
database/img_05873_c0_1303398991315462us_rect.jpg 0.290503 0.352173 -0.674027 0.58075 -204.599 283.837 -1355.46
database/img_05874_c0_1303398991448847us_rect.jpg 0.290737 0.352093 -0.674498 0.580134 -205.678 285.651 -1355.93
database/img_05875_c0_1303398991515487us_rect.jpg 0.291033 0.351776 -0.674646 0.580006 -205.883 285.785 -1356.38
database/img_05876_c0_1303398991582216us_rect.jpg 0.291192 0.351523 -0.674937 0.579741 -205.971 286.564 -1356.71
database/img_05877_c0_1303398991648840us_rect.jpg 0.291064 0.351714 -0.675074 0.579529 -206.605 287.407 -1356.93
database/img_05878_c0_1303398991782241us_rect.jpg 0.290032 0.352619 -0.675243 0.5793 -207.673 289.353 -1357.34
database/img_05879_c0_1303398991848866us_rect.jpg 0.289431 0.352453 -0.675382 0.579539 -206.524 289.476 -1357.98
database/img_05881_c0_1303398991982218us_rect.jpg 0.288547 0.353004 -0.675892 0.57905 -206.966 292.236 -1358.28
database/img_05882_c0_1303398992115493us_rect.jpg 0.288878 0.353266 -0.675505 0.579177 -209.047 291.226 -1359.11
database/img_05883_c0_1303398992182225us_rect.jpg 0.289296 0.352942 -0.675179 0.579545 -209.456 289.49 -1359.88
database/img_05885_c0_1303398992315470us_rect.jpg 0.29016 0.351816 -0.675578 0.579333 -209.073 289.422 -1360.86
database/img_05886_c0_1303398992448875us_rect.jpg 0.289086 0.35236 -0.676269 0.578734 -209.056 292.844 -1361.02
database/img_05888_c0_1303398992582221us_rect.jpg 0.287864 0.352483 -0.676753 0.578702 -207.736 294.687 -1361.7
database/img_05889_c0_1303398992648847us_rect.jpg 0.28721 0.352067 -0.676877 0.579135 -205.822 294.316 -1362.5
database/img_05890_c0_1303398992782247us_rect.jpg 0.286105 0.351323 -0.676861 0.580152 -202.598 292.719 -1364.17
database/img_05891_c0_1303398992848848us_rect.jpg 0.285889 0.350734 -0.676975 0.580481 -201.08 292.136 -1364.92
database/img_05892_c0_1303398992915473us_rect.jpg 0.285951 0.349385 -0.677095 0.581123 -198.221 290.355 -1366.12
database/img_05893_c0_1303398992982224us_rect.jpg 0.285679 0.348142 -0.677079 0.582021 -194.993 288.128 -1367.45
database/img_05894_c0_1303398993116072us_rect.jpg 0.284771 0.345845 -0.677341 0.583529 -188.281 285.091 -1369.81
database/img_05895_c0_1303398993182246us_rect.jpg 0.284034 0.344718 -0.677715 0.58412 -184.417 284.524 -1370.84
database/img_05897_c0_1303398993315475us_rect.jpg 0.281523 0.342383 -0.678741 0.585516 -174.485 284.162 -1372.96
database/img_05898_c0_1303398993382225us_rect.jpg 0.280404 0.340864 -0.679423 0.586149 -168.904 284.107 -1374.04
database/img_05899_c0_1303398993515477us_rect.jpg 0.278142 0.336834 -0.680958 0.587771 -155.258 283.055 -1376.59
database/img_05900_c0_1303398993582227us_rect.jpg 0.277451 0.334569 -0.681553 0.588702 -148.674 281.513 -1377.98
database/img_05902_c0_1303398993782958us_rect.jpg 0.275682 0.326981 -0.683056 0.592045 -127.618 274.531 -1382.51
database/img_05903_c0_1303398993848853us_rect.jpg 0.275089 0.323767 -0.683707 0.593334 -118.935 271.673 -1384.17
database/img_05904_c0_1303398993915479us_rect.jpg 0.274212 0.320811 -0.684278 0.594687 -110.345 268.893 -1385.74
database/img_05906_c0_1303398994115482us_rect.jpg 0.27051 0.312881 -0.686155 0.598433 -84.8169 262.705 -1389.65
database/img_05907_c0_1303398994182232us_rect.jpg 0.269407 0.310066 -0.686954 0.599478 -76.1491 261.094 -1390.75
database/img_05909_c0_1303398994383143us_rect.jpg 0.266144 0.299588 -0.6885 0.604468 -45.5087 249.63 -1395.06
database/img_05911_c0_1303398994515479us_rect.jpg 0.264664 0.29111 -0.689155 0.608501 -23.0327 238.21 -1398.15
database/img_05912_c0_1303398994648860us_rect.jpg 0.263029 0.281794 -0.690525 0.612032 1.63454 228.292 -1400.52
database/img_05914_c0_1303398994782230us_rect.jpg 0.25997 0.27441 -0.69322 0.613646 24.5917 226.688 -1401.08
database/img_05915_c0_1303398994915508us_rect.jpg 0.255592 0.268075 -0.696831 0.614195 47.7195 230.409 -1400.38
database/img_05917_c0_1303398995048864us_rect.jpg 0.251178 0.261922 -0.699722 0.615382 70.35 231.75 -1399.66
database/img_05919_c0_1303398995248883us_rect.jpg 0.24288 0.253598 -0.701725 0.619903 105.048 226.57 -1398.99
database/img_05921_c0_1303398995382234us_rect.jpg 0.235909 0.249922 -0.703015 0.622621 126.554 226.396 -1397.65
database/img_05922_c0_1303398995515514us_rect.jpg 0.229526 0.2466 -0.704972 0.624116 146.114 229.543 -1395.6
database/img_05924_c0_1303398995648862us_rect.jpg 0.223902 0.242289 -0.70631 0.62633 166.381 228.834 -1393.81
database/img_05926_c0_1303398995848865us_rect.jpg 0.216297 0.235572 -0.707906 0.629755 195.648 225.971 -1390.97
database/img_05929_c0_1303398996048863us_rect.jpg 0.208125 0.230055 -0.710289 0.631861 223.172 228.516 -1386.86
database/img_05931_c0_1303398996248864us_rect.jpg 0.200726 0.224972 -0.71212 0.63402 248.095 229.776 -1382.82
database/img_05934_c0_1303398996515499us_rect.jpg 0.19199 0.219068 -0.71387 0.636819 277.08 230.289 -1377.7
database/img_05937_c0_1303398996782268us_rect.jpg 0.185012 0.212844 -0.716124 0.638462 303.483 231.834 -1372.25
database/img_05941_c0_1303398997115495us_rect.jpg 0.180014 0.204612 -0.716784 0.641833 330.552 223.719 -1367.71
database/img_05947_c0_1303398997715499us_rect.jpg 0.1701 0.199416 -0.717756 0.645078 359.466 224.145 -1360.75
database/img_05955_c0_1303398998382254us_rect.jpg 0.156394 0.19622 -0.714179 0.653443 390.373 214.004 -1354.23
database/img_05960_c0_1303398998848906us_rect.jpg 0.139332 0.184242 -0.7166 0.658124 445.977 215.601 -1337.12
database/img_05963_c0_1303398999115535us_rect.jpg 0.122834 0.172164 -0.720271 0.660667 499.831 222.552 -1317.11
database/img_05966_c0_1303398999382261us_rect.jpg 0.104829 0.154075 -0.723211 0.665009 567.711 220.569 -1290
database/img_05969_c0_1303398999648886us_rect.jpg 0.076948 0.135584 -0.727455 0.66821 649.807 233.724 -1248.66
database/img_05971_c0_1303398999782261us_rect.jpg 0.061973 0.125166 -0.729484 0.669586 693.448 240.663 -1223.81
database/img_05973_c0_1303398999982259us_rect.jpg 0.044798 0.102763 -0.730336 0.673826 762.892 229.6 -1184.21
database/img_05974_c0_1303399000115512us_rect.jpg 0.032974 0.085786 -0.728993 0.678323 812.263 214.428 -1153.97
database/img_05976_c0_1303399000382287us_rect.jpg 0.002607 -0.059038 0.729479 -0.681446 908.66 222.987 -1078.26
database/img_05978_c0_1303399000515514us_rect.jpg 0.02007 -0.046574 0.730973 -0.680519 951.867 233.877 -1038.03
database/img_05979_c0_1303399000648913us_rect.jpg 0.034322 -0.031098 0.731381 -0.680395 994.852 233.438 -997.086
database/img_05981_c0_1303399000782267us_rect.jpg 0.048365 -0.015327 0.730399 -0.681134 1036.47 228.979 -954.852
database/img_05983_c0_1303399000982291us_rect.jpg 0.070326 0.0073 0.729937 -0.679848 1094.52 229.565 -887.558
database/img_05985_c0_1303399001182268us_rect.jpg 0.087058 0.032086 0.733195 -0.673659 1146.05 229.821 -819.758
database/img_05986_c0_1303399001248891us_rect.jpg 0.092794 0.036637 0.735372 -0.67028 1157.07 238.617 -801.507
database/img_05988_c0_1303399001448894us_rect.jpg 0.117177 0.046321 0.733098 -0.668349 1189.93 260.329 -744.338
database/img_05989_c0_1303399001515519us_rect.jpg 0.124754 0.048892 0.728143 -0.6722 1199.72 257.172 -729.441
database/img_05991_c0_1303399001715548us_rect.jpg 0.137454 0.05919 0.718449 -0.67929 1223.39 240.655 -694.429
database/img_05993_c0_1303399001848897us_rect.jpg 0.138152 0.067965 0.721998 -0.674547 1233.82 238.032 -676.266
database/img_05995_c0_1303399002048922us_rect.jpg 0.137893 0.07806 0.723851 -0.671514 1244.99 227.403 -658.561
database/img_05996_c0_1303399002115523us_rect.jpg 0.14071 0.079279 0.721732 -0.673067 1248.41 225.561 -652.477
database/img_05997_c0_1303399002182274us_rect.jpg 0.143951 0.078562 0.719925 -0.674399 1249.67 228.161 -648.905
database/img_05998_c0_1303399002315550us_rect.jpg 0.148632 0.074221 0.718685 -0.675198 1246.99 240.148 -649.219
database/img_06000_c0_1303399002448901us_rect.jpg 0.148254 0.074163 0.717784 -0.676244 1246.28 237.295 -651.096
database/img_06001_c0_1303399002582300us_rect.jpg 0.14437 0.076938 0.717858 -0.676697 1246.6 226.185 -653.9
database/img_06002_c0_1303399002648901us_rect.jpg 0.141904 0.076791 0.718705 -0.676336 1244.36 223.902 -658.648
database/img_06003_c0_1303399002715526us_rect.jpg 0.139524 0.075794 0.719466 -0.676134 1241.13 222.83 -664.801
database/img_06004_c0_1303399002848904us_rect.jpg 0.13607 0.073417 0.7193 -0.677276 1235.29 219.505 -676.17
database/img_06005_c0_1303399002915528us_rect.jpg 0.134948 0.071926 0.719287 -0.677674 1232.35 219.569 -681.227
database/img_06006_c0_1303399003048901us_rect.jpg 0.132758 0.067585 0.72025 -0.67753 1224.57 224.245 -693.127
database/img_06007_c0_1303399003115531us_rect.jpg 0.131036 0.066026 0.720317 -0.677948 1221.04 223.524 -699.325
database/img_06008_c0_1303399003248906us_rect.jpg 0.126922 0.063577 0.719532 -0.679796 1214.4 217.601 -712.152
database/img_06009_c0_1303399003315530us_rect.jpg 0.124511 0.062169 0.719419 -0.680491 1210.47 214.987 -719.351
database/img_06010_c0_1303399003382281us_rect.jpg 0.12176 0.061175 0.719278 -0.681228 1206.78 211.108 -726.427
database/img_06011_c0_1303399003515531us_rect.jpg 0.116694 0.058799 0.719064 -0.682548 1199.08 204.918 -740.367
database/img_06012_c0_1303399003582282us_rect.jpg 0.114694 0.056759 0.719376 -0.682731 1194.41 205.091 -747.621
database/img_06013_c0_1303399003715612us_rect.jpg 0.111379 0.05218 0.719928 -0.683063 1184.84 207.214 -761.727
database/img_06014_c0_1303399003782305us_rect.jpg 0.110054 0.049545 0.72042 -0.682955 1179.77 209.931 -768.637
database/img_06016_c0_1303399003982312us_rect.jpg 0.104235 0.042403 0.722381 -0.682278 1163.69 215.13 -790.86
database/img_06017_c0_1303399004048934us_rect.jpg 0.101687 0.040781 0.722658 -0.682467 1158.82 213.778 -798.167
database/img_06018_c0_1303399004115535us_rect.jpg 0.0991 0.038769 0.723231 -0.682358 1153.28 213.728 -806.004
database/img_06019_c0_1303399004248932us_rect.jpg 0.093821 0.034853 0.724566 -0.6819 1142.08 213.903 -821.462
database/img_06020_c0_1303399004315538us_rect.jpg 0.091568 0.032754 0.724969 -0.681882 1136.59 214.182 -828.835
database/img_06021_c0_1303399004382285us_rect.jpg 0.089414 0.030256 0.725149 -0.682091 1130.6 214.616 -836.74
database/img_06022_c0_1303399004515535us_rect.jpg 0.085258 0.025568 0.72553 -0.68241 1119.06 215.397 -851.683
database/img_06024_c0_1303399004715543us_rect.jpg 0.077767 0.017715 0.726644 -0.682369 1098.82 217.296 -876.866
database/img_06025_c0_1303399004782286us_rect.jpg 0.074703 0.015767 0.726441 -0.682974 1092.48 214.513 -885.329
database/img_06026_c0_1303399004848914us_rect.jpg 0.07194 0.013343 0.726319 -0.683452 1085.65 213.141 -893.939
database/img_06027_c0_1303399004982311us_rect.jpg 0.066468 0.007778 0.7264 -0.684006 1070.69 212.484 -911.812
database/img_06028_c0_1303399005048912us_rect.jpg 0.063731 0.005105 0.726444 -0.684245 1063.27 212.043 -920.495
database/img_06029_c0_1303399005182289us_rect.jpg 0.057909 -0.000919 0.727335 -0.683835 1046.67 213.951 -938.805
database/img_06030_c0_1303399005248934us_rect.jpg 0.054933 -0.003757 0.727681 -0.683702 1038.47 214.339 -947.738
database/img_06031_c0_1303399005315538us_rect.jpg 0.05195 -0.006517 0.727768 -0.683822 1030.36 213.892 -956.624
database/img_06032_c0_1303399005448961us_rect.jpg 0.046145 -0.012549 0.727562 -0.684373 1013.29 212.961 -974.847
database/img_06034_c0_1303399005582289us_rect.jpg 0.040224 -0.019048 0.727824 -0.684318 994.933 214.004 -993.335
database/img_06035_c0_1303399005715545us_rect.jpg 0.033536 -0.024962 0.727963 -0.684341 976.346 212.876 -1011.86
database/img_06036_c0_1303399005782294us_rect.jpg 0.030079 -0.027391 0.728004 -0.684365 967.695 211.39 -1020.47
database/img_06037_c0_1303399005848917us_rect.jpg 0.026754 -0.030077 0.72815 -0.684235 958.674 210.817 -1029.1
database/img_06038_c0_1303399005982318us_rect.jpg 0.020104 -0.036074 0.728557 -0.683739 939.304 211.043 -1046.83
database/img_06039_c0_1303399006048919us_rect.jpg 0.016859 -0.039395 0.728587 -0.683612 929.049 211.265 -1055.95
database/img_06040_c0_1303399006115546us_rect.jpg 0.013426 -0.042487 0.728722 -0.683359 918.863 211.273 -1064.88
database/img_06041_c0_1303399006248928us_rect.jpg 0.006259 -0.047165 0.728937 -0.682925 900.545 208.763 -1081.03
database/img_06042_c0_1303399006315544us_rect.jpg 0.002778 -0.049951 0.72915 -0.682522 890.598 208.688 -1089.32
database/img_06043_c0_1303399006382296us_rect.jpg 0.000666 0.053006 -0.729521 0.681901 880.121 209.588 -1097.71
database/img_06044_c0_1303399006515548us_rect.jpg 0.007309 0.05825 -0.729757 0.681182 860.884 209.079 -1113.14
database/img_06045_c0_1303399006582296us_rect.jpg 0.010792 0.060915 -0.729861 0.680791 850.863 208.715 -1120.98
database/img_06046_c0_1303399006648920us_rect.jpg 0.01416 0.063402 -0.730376 0.679948 841.217 209.612 -1128.16
database/img_06047_c0_1303399006782301us_rect.jpg 0.019347 0.06859 -0.730967 0.678682 823.531 212.38 -1140.86
database/img_06048_c0_1303399006848924us_rect.jpg 0.021324 0.07109 -0.731239 0.678071 815.647 214.368 -1146.27
database/img_06049_c0_1303399006915549us_rect.jpg 0.022921 0.07289 -0.731818 0.677203 809.557 216.832 -1150.25
database/img_06050_c0_1303399007048927us_rect.jpg 0.026455 0.075932 -0.733423 0.675 797.854 222.091 -1157.67
database/img_06051_c0_1303399007115551us_rect.jpg 0.027976 0.077247 -0.73392 0.674249 792.743 223.765 -1161
database/img_06053_c0_1303399007315554us_rect.jpg 0.032241 0.079486 -0.73528 0.672314 781.03 226.407 -1168.82
database/img_06054_c0_1303399007382303us_rect.jpg 0.033519 0.079045 -0.735599 0.671955 779.607 225.353 -1170.13
database/img_06055_c0_1303399007448924us_rect.jpg 0.034771 0.078765 -0.735918 0.671574 777.903 224.57 -1171.56
database/img_06056_c0_1303399007582304us_rect.jpg 0.03684 0.077867 -0.736824 0.670574 775.746 223.923 -1173.43
database/img_06057_c0_1303399007648927us_rect.jpg 0.037612 0.077722 -0.736811 0.670563 774.486 222.8 -1174.63
database/img_06058_c0_1303399007715554us_rect.jpg 0.03793 0.077899 -0.737001 0.670316 773.247 223.318 -1175.51
database/img_06059_c0_1303399007848931us_rect.jpg 0.037456 0.077744 -0.737436 0.669881 773.353 225.068 -1175.41
database/img_06060_c0_1303399007915556us_rect.jpg 0.037593 0.077139 -0.737734 0.669615 773.874 225.035 -1175.24
database/img_06061_c0_1303399007982305us_rect.jpg 0.037506 0.076159 -0.738349 0.669054 775.422 225.77 -1174.23
database/img_06062_c0_1303399008115581us_rect.jpg 0.038731 0.072693 -0.739783 0.667785 779.359 224.219 -1172.23
database/img_06063_c0_1303399008182306us_rect.jpg 0.039285 0.070957 -0.740161 0.667521 781.422 222.38 -1171.36
database/img_06064_c0_1303399008248943us_rect.jpg 0.039665 0.069779 -0.740075 0.667718 782.685 219.999 -1171.12
database/img_06065_c0_1303399008382333us_rect.jpg 0.040817 0.06714 -0.738771 0.66936 785.2 210.657 -1171.44
database/img_06066_c0_1303399008448941us_rect.jpg 0.041912 0.064377 -0.73773 0.670711 788.403 202.08 -1170.95
database/img_06068_c0_1303399008648935us_rect.jpg 0.03568 0.059113 -0.735469 0.674031 806.165 194.19 -1160.6
database/img_06069_c0_1303399008715560us_rect.jpg 0.035782 0.057843 -0.736624 0.672874 807.903 196.056 -1159.23
database/img_06070_c0_1303399008782311us_rect.jpg 0.035993 0.05633 -0.737777 0.671726 809.933 197.455 -1157.72
database/img_06071_c0_1303399008915561us_rect.jpg 0.03512 0.052348 -0.739024 0.670724 817.669 196.895 -1152.67
database/img_06072_c0_1303399008982311us_rect.jpg 0.03427 0.050134 -0.738502 0.671511 822.54 193.018 -1150
database/img_06073_c0_1303399009048938us_rect.jpg 0.033327 0.047736 -0.737894 0.672401 827.865 188.715 -1147.03
database/img_06074_c0_1303399009182313us_rect.jpg 0.030856 0.043182 -0.736877 0.67394 838.861 181.82 -1140.4
database/img_06075_c0_1303399009248939us_rect.jpg 0.030076 0.041653 -0.736328 0.674671 842.321 178.787 -1138.45
database/img_06076_c0_1303399009382339us_rect.jpg 0.027295 0.03847 -0.735627 0.675742 851.186 175.279 -1132.63
database/img_06077_c0_1303399009448939us_rect.jpg 0.025989 0.03621 -0.734743 0.676879 856.674 170.79 -1129.29
database/img_06078_c0_1303399009515567us_rect.jpg 0.023871 0.034045 -0.734195 0.677665 863.137 168.496 -1124.83
database/img_06079_c0_1303399009648970us_rect.jpg 0.019057 0.030106 -0.734804 0.677343 876.072 170.698 -1114.68
database/img_06080_c0_1303399009715563us_rect.jpg 0.016938 0.028352 -0.735512 0.676707 881.709 173.073 -1109.97
database/img_06081_c0_1303399009848962us_rect.jpg 0.013512 0.023641 -0.735578 0.676892 893.882 170.883 -1100.73
database/img_06082_c0_1303399009915564us_rect.jpg 0.011914 0.021034 -0.735175 0.677446 900.214 167.928 -1096.11
database/img_06083_c0_1303399009982315us_rect.jpg 0.010009 0.01849 -0.734852 0.677902 906.83 165.716 -1091.07
database/img_06084_c0_1303399010115569us_rect.jpg 0.005069 0.013789 -0.734698 0.678235 920.835 164.874 -1079.58
database/img_06085_c0_1303399010182315us_rect.jpg 0.00208 0.012067 -0.734593 0.678397 927.416 165.947 -1073.85
database/img_06086_c0_1303399010248950us_rect.jpg 0.000739 -0.00983 0.733958 -0.679124 934.614 164.461 -1067.9
database/img_06087_c0_1303399010382343us_rect.jpg 0.006649 -0.005764 0.731755 -0.681511 948.58 159.666 -1056.37
database/img_06088_c0_1303399010448951us_rect.jpg 0.008931 -0.00361 0.73099 -0.682321 954.808 157.332 -1051.15
database/img_06089_c0_1303399010582321us_rect.jpg 0.011958 0.001763 0.730032 -0.683306 966.868 150.999 -1041.09
database/img_06090_c0_1303399010648960us_rect.jpg 0.013167 0.005453 0.72948 -0.683854 974.089 145.837 -1035.12
database/img_06091_c0_1303399010715572us_rect.jpg 0.014422 0.009095 0.728794 -0.684521 981.238 140.415 -1029.13
database/img_06092_c0_1303399010848968us_rect.jpg 0.017258 0.013531 0.727362 -0.685903 991.246 133.817 -1020.44
database/img_06093_c0_1303399010982325us_rect.jpg 0.019313 0.015817 0.728375 -0.684724 996.708 136.567 -1014.78
database/img_06094_c0_1303399011048955us_rect.jpg 0.020004 0.018086 0.728911 -0.684077 1000.77 136.026 -1010.86
database/img_06095_c0_1303399011115571us_rect.jpg 0.021149 0.020227 0.729 -0.683888 1005.21 134.928 -1006.62
database/img_06096_c0_1303399011248964us_rect.jpg 0.0259 0.0213 0.729553 -0.683102 1012.12 141.715 -998.753
database/img_06097_c0_1303399011315574us_rect.jpg 0.02877 0.020058 0.728941 -0.683678 1013.39 145.599 -996.916
database/img_06098_c0_1303399011382325us_rect.jpg 0.03177 0.019882 0.727624 -0.684952 1016.5 146.116 -993.677
database/img_06099_c0_1303399011515601us_rect.jpg 0.037173 0.020208 0.723984 -0.688518 1023.05 142.515 -987.453
database/img_06100_c0_1303399011582326us_rect.jpg 0.039036 0.020421 0.722999 -0.689443 1025.31 141.991 -985.168
database/img_06101_c0_1303399011648952us_rect.jpg 0.040211 0.021861 0.722168 -0.690202 1028.64 139.279 -982.076
database/img_06102_c0_1303399011782346us_rect.jpg 0.041674 0.026217 0.721707 -0.690445 1036.37 134.153 -974.6
database/img_06103_c0_1303399011848958us_rect.jpg 0.04334 0.028577 0.721765 -0.690188 1041.62 133.582 -969.054
database/img_06104_c0_1303399011982330us_rect.jpg 0.049427 0.031622 0.721828 -0.689581 1052.78 138.679 -956.164
database/img_06105_c0_1303399012048954us_rect.jpg 0.053536 0.032718 0.722323 -0.688704 1058.87 144.821 -948.477
database/img_06106_c0_1303399012115580us_rect.jpg 0.057595 0.034539 0.722887 -0.687695 1065.92 150.159 -939.684
database/img_06107_c0_1303399012248956us_rect.jpg 0.066234 0.039318 0.72342 -0.686098 1082.07 158.517 -919.563
database/img_06108_c0_1303399012315585us_rect.jpg 0.070732 0.042802 0.723199 -0.685674 1091.86 160.167 -907.589
database/img_06109_c0_1303399012382331us_rect.jpg 0.075212 0.046021 0.722705 -0.685509 1101.12 161.447 -896.026
database/img_06110_c0_1303399012515612us_rect.jpg 0.084236 0.053022 0.720493 -0.686282 1120.25 160.116 -872.078
database/img_06111_c0_1303399012582333us_rect.jpg 0.088485 0.057497 0.718723 -0.687242 1130.79 155.994 -859.026
database/img_05814_c1_1303398986182234us_rect.jpg 0.247695 0.165992 0.681536 -0.668283 1322.26 227.641 -208.262
database/img_05815_c1_1303398986248859us_rect.jpg 0.247819 0.166117 0.681598 -0.668143 1322.8 227.803 -208.236
database/img_05816_c1_1303398986315479us_rect.jpg 0.247966 0.166543 0.681671 -0.667908 1323.51 227.592 -207.529
database/img_05817_c1_1303398986382228us_rect.jpg 0.248077 0.16725 0.681664 -0.667697 1324.39 226.76 -206.345
database/img_05818_c1_1303398986515485us_rect.jpg 0.248883 0.168261 0.680862 -0.667961 1326.08 225.566 -203.953
database/img_05819_c1_1303398986582230us_rect.jpg 0.249563 0.167889 0.680082 -0.668596 1326.5 226.19 -204.173
database/img_05820_c1_1303398986648854us_rect.jpg 0.250202 0.167516 0.679364 -0.66918 1326.91 226.841 -204.447
database/img_05821_c1_1303398986782828us_rect.jpg 0.250851 0.168139 0.679265 -0.668881 1328.22 227.08 -202.881
database/img_05822_c1_1303398986848857us_rect.jpg 0.251118 0.16851 0.679819 -0.668125 1328.78 228.007 -201.848
database/img_05823_c1_1303398986915482us_rect.jpg 0.251344 0.168802 0.680478 -0.667294 1329.26 229.145 -201.011
database/img_05824_c1_1303398986982232us_rect.jpg 0.251553 0.16886 0.681013 -0.666654 1329.64 230.384 -200.741
database/img_05825_c1_1303398987115508us_rect.jpg 0.251289 0.169181 0.681361 -0.666318 1330.72 229.933 -201.456
database/img_05826_c1_1303398987182251us_rect.jpg 0.251311 0.169629 0.681339 -0.666217 1331.46 229.274 -200.982
database/img_05827_c1_1303398987248860us_rect.jpg 0.251437 0.169717 0.681284 -0.666204 1332 229.3 -201.061
database/img_05828_c1_1303398987315485us_rect.jpg 0.251683 0.169553 0.681358 -0.666077 1332.35 230.166 -201.367
database/img_05829_c1_1303398987448863us_rect.jpg 0.2523 0.168802 0.682069 -0.665306 1332.69 233.736 -202.373
database/img_05830_c1_1303398987515487us_rect.jpg 0.252424 0.16819 0.682469 -0.665004 1332.72 235.563 -203.726
database/img_05831_c1_1303398987582236us_rect.jpg 0.252418 0.168082 0.682844 -0.664649 1333.05 236.338 -204.296
database/img_05832_c1_1303398987648861us_rect.jpg 0.252422 0.168035 0.683027 -0.664471 1333.46 236.719 -204.802
database/img_05833_c1_1303398987782262us_rect.jpg 0.251934 0.168133 0.683053 -0.664605 1334.5 235.591 -206.571
database/img_05834_c1_1303398987848863us_rect.jpg 0.251514 0.168129 0.683057 -0.664761 1334.99 234.726 -207.927
database/img_05835_c1_1303398987915488us_rect.jpg 0.251108 0.167704 0.682926 -0.665156 1335.27 234.279 -210.195
database/img_05836_c1_1303398988048889us_rect.jpg 0.250434 0.166878 0.683279 -0.665255 1335.69 234.698 -214.125
database/img_05837_c1_1303398988115514us_rect.jpg 0.25009 0.166477 0.68355 -0.665206 1335.88 235.039 -216.044
database/img_05838_c1_1303398988182238us_rect.jpg 0.249876 0.166255 0.684028 -0.664851 1336.12 235.74 -217.235
database/img_05839_c1_1303398988315515us_rect.jpg 0.249523 0.165696 0.685098 -0.664021 1336.51 237.675 -219.645
database/img_05841_c1_1303398988448866us_rect.jpg 0.248726 0.165378 0.686068 -0.663397 1337.07 238.174 -222.496
database/img_05842_c1_1303398988515491us_rect.jpg 0.247704 0.165991 0.686375 -0.663309 1337.87 235.681 -223.671
database/img_05843_c1_1303398988648891us_rect.jpg 0.245366 0.16734 0.687085 -0.663104 1339.51 230.077 -226.325
database/img_05844_c1_1303398988715492us_rect.jpg 0.244805 0.166922 0.687188 -0.66331 1339.71 229.714 -228.797
database/img_05845_c1_1303398988782243us_rect.jpg 0.24449 0.166276 0.687023 -0.663759 1339.83 229.726 -231.351
database/img_05846_c1_1303398988848868us_rect.jpg 0.244281 0.165645 0.686864 -0.664159 1339.95 229.942 -233.656
database/img_05847_c1_1303398988982250us_rect.jpg 0.244921 0.165285 0.685752 -0.66516 1340.93 229.823 -234.55
database/img_05848_c1_1303398989048869us_rect.jpg 0.245655 0.164338 0.685277 -0.665614 1340.93 231.899 -235.718
database/img_05849_c1_1303398989115495us_rect.jpg 0.24653 0.16331 0.684736 -0.6661 1340.89 234.269 -236.794
database/img_05850_c1_1303398989248944us_rect.jpg 0.24678 0.162021 0.684482 -0.666583 1341.07 236.231 -240.054
database/img_05851_c1_1303398989315521us_rect.jpg 0.246431 0.162466 0.684745 -0.666334 1341.76 235.307 -240.211
database/img_05852_c1_1303398989382245us_rect.jpg 0.246009 0.163125 0.684888 -0.666182 1342.61 233.701 -240.116
database/img_05853_c1_1303398989448925us_rect.jpg 0.245683 0.163366 0.684899 -0.666231 1343.22 232.68 -240.752
database/img_05854_c1_1303398989582252us_rect.jpg 0.246197 0.162895 0.684789 -0.666271 1343.88 234.232 -241.691
database/img_05855_c1_1303398989648873us_rect.jpg 0.246719 0.162296 0.68482 -0.666192 1343.96 236.253 -242.343
database/img_05856_c1_1303398989848900us_rect.jpg 0.247912 0.161869 0.684669 -0.666007 1345.1 239.088 -242.269
database/img_05857_c1_1303398989982288us_rect.jpg 0.248259 0.162368 0.685528 -0.664872 1346.13 240.597 -241.081
database/img_05858_c1_1303398990048899us_rect.jpg 0.2483 0.162742 0.686263 -0.664007 1346.65 241.438 -240.36
database/img_05859_c1_1303398990115500us_rect.jpg 0.248085 0.163138 0.686842 -0.663392 1347.23 241.432 -240.189
database/img_05860_c1_1303398990182250us_rect.jpg 0.247967 0.163423 0.687443 -0.662742 1347.72 241.836 -240.033
database/img_05861_c1_1303398990315523us_rect.jpg 0.247931 0.163857 0.688337 -0.66172 1348.7 242.71 -239.731
database/img_05862_c1_1303398990382251us_rect.jpg 0.247933 0.164137 0.688537 -0.661442 1349.28 242.65 -239.519
database/img_05863_c1_1303398990448877us_rect.jpg 0.248086 0.164573 0.688338 -0.661483 1350.06 241.953 -238.846
database/img_05864_c1_1303398990582781us_rect.jpg 0.248287 0.164329 0.687008 -0.662849 1351.13 240.327 -240.477
database/img_05865_c1_1303398990648880us_rect.jpg 0.248614 0.163953 0.686459 -0.663388 1351.48 240.574 -241.307
database/img_05866_c1_1303398990715503us_rect.jpg 0.248873 0.163776 0.686107 -0.663699 1351.9 240.736 -241.764
database/img_05867_c1_1303398990848904us_rect.jpg 0.249307 0.163339 0.686141 -0.663609 1352.51 242.346 -242.698
database/img_05868_c1_1303398990915504us_rect.jpg 0.249769 0.162829 0.68632 -0.663375 1352.58 244.394 -243.196
database/img_05869_c1_1303398990982254us_rect.jpg 0.250445 0.161979 0.686515 -0.663127 1352.42 247.426 -243.959
database/img_05870_c1_1303398991115530us_rect.jpg 0.251623 0.161314 0.686825 -0.662522 1352.79 251.447 -243.686
database/img_05871_c1_1303398991182260us_rect.jpg 0.252064 0.161489 0.686803 -0.662335 1353.34 252.068 -242.867
database/img_05872_c1_1303398991248881us_rect.jpg 0.252396 0.161194 0.68673 -0.662355 1353.6 253.071 -243.28
database/img_05873_c1_1303398991315506us_rect.jpg 0.252683 0.16081 0.686856 -0.662208 1353.74 254.474 -243.88
database/img_05874_c1_1303398991448883us_rect.jpg 0.252865 0.160343 0.687545 -0.661537 1354.11 256.806 -245.065
database/img_05875_c1_1303398991515511us_rect.jpg 0.252739 0.160367 0.687903 -0.661207 1354.47 257.157 -245.549
database/img_05876_c1_1303398991582258us_rect.jpg 0.252885 0.16036 0.688064 -0.660985 1354.84 257.767 -245.617
database/img_05877_c1_1303398991648883us_rect.jpg 0.253117 0.16008 0.687999 -0.661032 1355.09 258.554 -246.191
database/img_05878_c1_1303398991782261us_rect.jpg 0.254072 0.159223 0.68748 -0.661412 1355.46 260.898 -247.109
database/img_05879_c1_1303398991848886us_rect.jpg 0.254625 0.159221 0.687221 -0.66147 1355.92 261.593 -246.5
database/img_05881_c1_1303398991982260us_rect.jpg 0.255477 0.158304 0.686785 -0.661814 1356.2 263.965 -247.699
database/img_05882_c1_1303398992115515us_rect.jpg 0.255114 0.158097 0.686869 -0.661917 1356.84 263.66 -249.666
database/img_05883_c1_1303398992182269us_rect.jpg 0.254575 0.158643 0.686921 -0.661939 1357.59 261.802 -250.009
database/img_05885_c1_1303398992315512us_rect.jpg 0.25436 0.159159 0.687778 -0.661008 1358.49 262.153 -249.741
database/img_05886_c1_1303398992448893us_rect.jpg 0.255711 0.158425 0.687643 -0.660803 1358.74 265.87 -249.298
database/img_05888_c1_1303398992582263us_rect.jpg 0.257224 0.158214 0.687124 -0.660806 1359.42 268.444 -247.578
database/img_05889_c1_1303398992648889us_rect.jpg 0.257862 0.158908 0.686693 -0.660839 1360.35 267.972 -245.338
database/img_05890_c1_1303398992782268us_rect.jpg 0.25878 0.160131 0.686053 -0.66085 1362.01 266.926 -241.837
database/img_05891_c1_1303398992848914us_rect.jpg 0.258835 0.161051 0.686118 -0.660537 1362.95 265.79 -240.081
database/img_05892_c1_1303398992915515us_rect.jpg 0.258968 0.162369 0.686134 -0.660145 1364.15 264.132 -237.333
database/img_05893_c1_1303398992982265us_rect.jpg 0.25913 0.163965 0.685938 -0.65989 1365.58 261.73 -234.021
database/img_05894_c1_1303398993116083us_rect.jpg 0.260118 0.166433 0.685306 -0.659541 1367.95 258.981 -227.64
database/img_05895_c1_1303398993182268us_rect.jpg 0.261105 0.167503 0.685006 -0.659192 1368.99 258.936 -223.737
database/img_05897_c1_1303398993315518us_rect.jpg 0.263802 0.169802 0.683853 -0.658726 1371.19 259.166 -214.287
database/img_05898_c1_1303398993382268us_rect.jpg 0.265344 0.171124 0.683263 -0.658377 1372.36 259.422 -208.767
database/img_05899_c1_1303398993515543us_rect.jpg 0.268052 0.175031 0.682713 -0.656822 1375.22 258.376 -195.451
database/img_05900_c1_1303398993582269us_rect.jpg 0.268991 0.177404 0.682605 -0.655914 1376.84 256.623 -188.664
database/img_05902_c1_1303398993782978us_rect.jpg 0.271606 0.184957 0.68233 -0.653029 1381.7 250.331 -167.664
database/img_05903_c1_1303398993848919us_rect.jpg 0.27261 0.187979 0.682298 -0.65178 1383.46 247.84 -159.214
database/img_05904_c1_1303398993915521us_rect.jpg 0.273569 0.191069 0.682041 -0.650748 1385.26 244.748 -150.795
database/img_05906_c1_1303398994115546us_rect.jpg 0.277252 0.19981 0.680806 -0.647851 1390.04 237.185 -125.03
database/img_05907_c1_1303398994182272us_rect.jpg 0.278463 0.202987 0.680556 -0.646605 1391.59 234.491 -115.777
database/img_05909_c1_1303398994383168us_rect.jpg 0.282109 0.213703 0.679561 -0.642606 1396.32 224.137 -85.3304
database/img_05911_c1_1303398994515525us_rect.jpg 0.28379 0.222517 0.678999 -0.63946 1399.76 213.123 -62.7965
database/img_05912_c1_1303398994648926us_rect.jpg 0.285774 0.231939 0.678731 -0.635501 1402.78 202.199 -37.997
database/img_05914_c1_1303398994782277us_rect.jpg 0.289872 0.238297 0.678361 -0.631676 1403.96 200.394 -15.2641
database/img_05915_c1_1303398994915533us_rect.jpg 0.295692 0.242986 0.677713 -0.627876 1403.91 204.469 7.59515
database/img_05917_c1_1303398995048903us_rect.jpg 0.301119 0.248123 0.676494 -0.624595 1403.81 206.097 30.447
database/img_05919_c1_1303398995248908us_rect.jpg 0.308646 0.257365 0.671947 -0.622084 1404 200.714 65.8054
database/img_05921_c1_1303398995382279us_rect.jpg 0.314725 0.261805 0.667844 -0.621603 1403.19 200.775 87.5527
database/img_05922_c1_1303398995515532us_rect.jpg 0.320887 0.265305 0.664564 -0.620483 1401.69 203.897 107.8
database/img_05924_c1_1303398995648905us_rect.jpg 0.325865 0.269991 0.661578 -0.619057 1400.43 203.058 128.301
database/img_05926_c1_1303398995848932us_rect.jpg 0.332509 0.27709 0.657422 -0.61681 1398.27 200.495 157.634
database/img_05929_c1_1303398996048908us_rect.jpg 0.340005 0.282517 0.65349 -0.614436 1394.95 202.998 185.299
database/img_05931_c1_1303398996248908us_rect.jpg 0.346868 0.287728 0.649402 -0.612513 1391.46 204.429 211.083
database/img_05934_c1_1303398996515535us_rect.jpg 0.354307 0.294041 0.644402 -0.610534 1387.14 204.391 240.424
database/img_05937_c1_1303398996782290us_rect.jpg 0.360922 0.299625 0.64105 -0.607467 1382.42 205.912 267.002
database/img_05941_c1_1303398997115538us_rect.jpg 0.364841 0.307837 0.638059 -0.604159 1378.52 197.598 293.835
database/img_05947_c1_1303398997715566us_rect.jpg 0.372754 0.313687 0.631768 -0.60293 1372.26 198.437 322.998
database/img_05955_c1_1303398998382295us_rect.jpg 0.380017 0.321782 0.619967 -0.60637 1366.28 188.538 354.258
database/img_05960_c1_1303398998848929us_rect.jpg 0.393787 0.333466 0.609718 -0.601644 1350.88 189.949 409.692
database/img_05963_c1_1303398999115555us_rect.jpg 0.408036 0.343796 0.600834 -0.595238 1332.65 196.724 463.622
database/img_05966_c1_1303398999382327us_rect.jpg 0.423058 0.359523 0.590122 -0.586107 1307.52 195.124 531.724
database/img_05969_c1_1303398999648957us_rect.jpg 0.446063 0.374717 0.573618 -0.575828 1268.86 208.917 614.53
database/img_05971_c1_1303398999782305us_rect.jpg 0.458036 0.383093 0.56448 -0.569917 1245.71 215.522 658.388
database/img_05973_c1_1303398999982303us_rect.jpg 0.470951 0.401964 0.552796 -0.557716 1208.13 204.717 728.52
database/img_05974_c1_1303399000115581us_rect.jpg 0.478325 0.417257 0.543476 -0.549305 1179.36 189.288 778.334
database/img_05976_c1_1303399000382307us_rect.jpg 0.503318 0.438716 0.519849 -0.532875 1107.95 196.392 875.756
database/img_05978_c1_1303399000515557us_rect.jpg 0.517097 0.446866 0.508443 -0.523838 1069.14 208.131 920.284
database/img_05979_c1_1303399000648937us_rect.jpg 0.527852 0.457948 0.498207 -0.51327 1029 208.23 965.006
database/img_05981_c1_1303399000782308us_rect.jpg 0.537208 0.469787 0.48739 -0.503148 988.074 203.924 1007.78
database/img_05983_c1_1303399000982312us_rect.jpg 0.552478 0.484829 0.471657 -0.487081 923.672 205.248 1066.86
database/img_05985_c1_1303399001182318us_rect.jpg 0.566781 0.498252 0.462117 -0.46578 857.952 206.257 1120.14
database/img_05986_c1_1303399001248937us_rect.jpg 0.572307 0.499307 0.459591 -0.460362 840.388 214.753 1131.77
database/img_05988_c1_1303399001448953us_rect.jpg 0.587875 0.50506 0.440977 -0.452611 785.324 236.021 1166.42
database/img_05989_c1_1303399001515586us_rect.jpg 0.589505 0.509723 0.432253 -0.453678 771.137 231.969 1176.57
database/img_05991_c1_1303399001715568us_rect.jpg 0.591878 0.521805 0.416223 -0.451839 736.71 216.279 1201.07
database/img_05993_c1_1303399001848947us_rect.jpg 0.59515 0.524718 0.418001 -0.442428 718.544 214.697 1212.1
database/img_05995_c1_1303399002048944us_rect.jpg 0.596627 0.529616 0.419419 -0.433163 700.734 205.453 1223.71
database/img_05996_c1_1303399002115567us_rect.jpg 0.597103 0.531579 0.415872 -0.433523 694.82 203.54 1227.28
database/img_05997_c1_1303399002182316us_rect.jpg 0.598211 0.532029 0.412385 -0.434772 690.943 206.1 1228.91
database/img_05998_c1_1303399002315571us_rect.jpg 0.600765 0.529368 0.408152 -0.438478 691.343 218.443 1226.28
database/img_06000_c1_1303399002448946us_rect.jpg 0.600002 0.529998 0.407677 -0.439203 692.807 215.954 1225.61
database/img_06001_c1_1303399002582323us_rect.jpg 0.597273 0.532333 0.410429 -0.437533 695.366 204.759 1225.79
database/img_06002_c1_1303399002648947us_rect.jpg 0.596252 0.531899 0.412683 -0.437333 699.77 202.91 1223.44
database/img_06003_c1_1303399002715571us_rect.jpg 0.59512 0.530998 0.41494 -0.437833 705.804 201.936 1219.97
database/img_06004_c1_1303399002848977us_rect.jpg 0.59232 0.530214 0.417344 -0.44029 717.183 197.807 1213.71
database/img_06005_c1_1303399002915570us_rect.jpg 0.591635 0.529288 0.418145 -0.441561 722.059 198.326 1210.58
database/img_06006_c1_1303399003048949us_rect.jpg 0.590684 0.526055 0.42037 -0.444576 734.007 202.847 1202.33
database/img_06007_c1_1303399003115571us_rect.jpg 0.589549 0.525229 0.421546 -0.445943 739.896 202.188 1198.68
database/img_06008_c1_1303399003248978us_rect.jpg 0.586207 0.524567 0.423865 -0.44892 752.332 196.816 1191.52
database/img_06009_c1_1303399003315573us_rect.jpg 0.584341 0.524071 0.425582 -0.450306 759.414 193.916 1187.35
database/img_06010_c1_1303399003382323us_rect.jpg 0.582325 0.523799 0.427373 -0.451536 766.305 190.232 1183.37
database/img_06011_c1_1303399003515600us_rect.jpg 0.578567 0.52293 0.43084 -0.454072 779.968 184.1 1175.1
database/img_06012_c1_1303399003582324us_rect.jpg 0.577358 0.521573 0.432465 -0.455625 787.099 184.266 1170.17
database/img_06013_c1_1303399003715622us_rect.jpg 0.575216 0.518553 0.435239 -0.459126 801.249 185.899 1160
database/img_06014_c1_1303399003782327us_rect.jpg 0.574464 0.516678 0.43659 -0.460895 808.223 188.077 1154.68
database/img_06016_c1_1303399003982328us_rect.jpg 0.571563 0.511032 0.441983 -0.465633 830.447 193.041 1137.6
database/img_06017_c1_1303399004048968us_rect.jpg 0.570047 0.509915 0.44386 -0.466928 837.451 192.048 1132.5
database/img_06018_c1_1303399004115577us_rect.jpg 0.568598 0.508427 0.446005 -0.468272 845.035 191.894 1126.77
database/img_06019_c1_1303399004248965us_rect.jpg 0.565566 0.505424 0.450583 -0.470804 860.371 191.354 1114.97
database/img_06020_c1_1303399004315578us_rect.jpg 0.564042 0.504026 0.452495 -0.472295 867.802 190.944 1109.16
database/img_06021_c1_1303399004382329us_rect.jpg 0.562482 0.502538 0.454116 -0.474182 875.538 190.704 1103.01
database/img_06022_c1_1303399004515600us_rect.jpg 0.559173 0.499851 0.457443 -0.477724 890.649 189.237 1090.91
database/img_06024_c1_1303399004715608us_rect.jpg 0.55404 0.494556 0.463677 -0.483175 915.741 189.079 1069.7
database/img_06025_c1_1303399004782331us_rect.jpg 0.551734 0.493543 0.465665 -0.484934 923.893 186.354 1063.07
database/img_06026_c1_1303399004848956us_rect.jpg 0.549652 0.492185 0.467553 -0.486858 932.14 184.769 1056.05
database/img_06027_c1_1303399004982334us_rect.jpg 0.545895 0.488563 0.471388 -0.491018 949.215 184.199 1040.7
database/img_06028_c1_1303399005048958us_rect.jpg 0.544066 0.48673 0.473286 -0.493038 957.536 184.053 1033.03
database/img_06029_c1_1303399005182449us_rect.jpg 0.54066 0.482048 0.477972 -0.496849 975.114 186.254 1015.95
database/img_06030_c1_1303399005248975us_rect.jpg 0.53872 0.480043 0.480331 -0.49862 983.651 186.228 1007.66
database/img_06031_c1_1303399005315584us_rect.jpg 0.536736 0.478189 0.482382 -0.500557 991.963 185.814 999.526
database/img_06032_c1_1303399005448988us_rect.jpg 0.532581 0.474221 0.486144 -0.50511 1009.29 185.07 982.122
database/img_06034_c1_1303399005582335us_rect.jpg 0.528424 0.469567 0.490371 -0.509717 1027.34 185.648 963.1
database/img_06035_c1_1303399005715612us_rect.jpg 0.523752 0.465441 0.494991 -0.51384 1045.02 184.203 944.185
database/img_06036_c1_1303399005782336us_rect.jpg 0.521394 0.463801 0.497395 -0.515398 1052.97 182.668 935.633
database/img_06037_c1_1303399005848962us_rect.jpg 0.519092 0.461835 0.499807 -0.517152 1061.26 181.88 926.414
database/img_06038_c1_1303399005982340us_rect.jpg 0.514958 0.456984 0.504693 -0.520835 1078.01 183.068 906.716
database/img_06039_c1_1303399006048962us_rect.jpg 0.512874 0.454364 0.506952 -0.522986 1086.59 183.957 896.292
database/img_06040_c1_1303399006115588us_rect.jpg 0.510638 0.451973 0.509492 -0.524773 1094.92 184.181 886.117
database/img_06041_c1_1303399006248971us_rect.jpg 0.505664 0.44833 0.514687 -0.527637 1110.41 181.549 867.331
database/img_06042_c1_1303399006315589us_rect.jpg 0.503284 0.446036 0.517252 -0.529346 1118.51 181.352 857.003
database/img_06043_c1_1303399006382339us_rect.jpg 0.501046 0.443553 0.519939 -0.530921 1126.45 181.872 846.531
database/img_06044_c1_1303399006515613us_rect.jpg 0.496466 0.439173 0.524719 -0.534152 1141.44 181.476 826.545
database/img_06045_c1_1303399006582340us_rect.jpg 0.494187 0.43698 0.527278 -0.535542 1148.7 181.405 816.574
database/img_06046_c1_1303399006648966us_rect.jpg 0.492145 0.434698 0.529926 -0.536665 1155.52 182.078 806.905
database/img_06047_c1_1303399006782366us_rect.jpg 0.488779 0.42991 0.534094 -0.539459 1168.08 184.995 788.271
database/img_06048_c1_1303399006848967us_rect.jpg 0.487619 0.427695 0.535657 -0.540718 1173.16 187.073 780.374
database/img_06049_c1_1303399006915593us_rect.jpg 0.486725 0.425857 0.537233 -0.541411 1177.21 189.083 773.962
database/img_06050_c1_1303399007048974us_rect.jpg 0.485189 0.422073 0.540842 -0.542159 1184.74 194.121 761.536
database/img_06051_c1_1303399007115594us_rect.jpg 0.484429 0.420592 0.542294 -0.542538 1188 195.776 756.239
database/img_06053_c1_1303399007315620us_rect.jpg 0.482048 0.417997 0.546173 -0.542774 1195.64 197.059 744.445
database/img_06054_c1_1303399007382345us_rect.jpg 0.481286 0.418221 0.547216 -0.542227 1196.85 195.522 743.149
database/img_06055_c1_1303399007448969us_rect.jpg 0.480596 0.418224 0.548271 -0.54177 1198.19 194.547 741.482
database/img_06056_c1_1303399007582369us_rect.jpg 0.479805 0.418303 0.550139 -0.540515 1199.81 193.655 739.563
database/img_06057_c1_1303399007648970us_rect.jpg 0.479255 0.418497 0.550542 -0.540444 1200.85 192.304 738.478
database/img_06058_c1_1303399007715597us_rect.jpg 0.479176 0.418288 0.55099 -0.540217 1201.54 192.742 737.49
database/img_06059_c1_1303399007848979us_rect.jpg 0.479487 0.418382 0.550956 -0.539904 1201.75 193.222 737.52
database/img_06060_c1_1303399007915597us_rect.jpg 0.479795 0.418696 0.551035 -0.539306 1201.24 193.384 738.556
database/img_06061_c1_1303399007982348us_rect.jpg 0.480269 0.419148 0.551408 -0.53815 1200.19 193.833 740.392
database/img_06062_c1_1303399008115603us_rect.jpg 0.480974 0.421143 0.552525 -0.534807 1197.06 192.445 746.289
database/img_06063_c1_1303399008182349us_rect.jpg 0.481046 0.422357 0.552969 -0.533325 1195.75 190.67 749.093
database/img_06064_c1_1303399008248975us_rect.jpg 0.480599 0.423621 0.552968 -0.532725 1195.39 187.418 750.702
database/img_06065_c1_1303399008382356us_rect.jpg 0.479051 0.426245 0.553285 -0.531696 1195.6 179.468 752.755
database/img_06066_c1_1303399008448976us_rect.jpg 0.47829 0.428073 0.55328 -0.530918 1195.07 174.502 754.999
database/img_06068_c1_1303399008648983us_rect.jpg 0.477843 0.432541 0.551755 -0.529283 1191.81 164.642 763.024
database/img_06069_c1_1303399008715603us_rect.jpg 0.478823 0.432592 0.552475 -0.527602 1190.27 167.069 765.132
database/img_06070_c1_1303399008782353us_rect.jpg 0.47972 0.432752 0.553346 -0.52574 1188.66 169.197 767.379
database/img_06071_c1_1303399008915628us_rect.jpg 0.481328 0.435108 0.553303 -0.52236 1183.58 168.382 775.817
database/img_06072_c1_1303399008982354us_rect.jpg 0.481887 0.437241 0.552098 -0.521339 1180.51 165.074 781.398
database/img_06073_c1_1303399009048979us_rect.jpg 0.482404 0.439636 0.550731 -0.520291 1177.15 161.118 787.462
database/img_06074_c1_1303399009182381us_rect.jpg 0.483112 0.444418 0.547882 -0.518576 1170.9 152.467 798.787
database/img_06075_c1_1303399009248979us_rect.jpg 0.48346 0.445982 0.546833 -0.518015 1168.77 149.837 802.568
database/img_06076_c1_1303399009382359us_rect.jpg 0.484634 0.449519 0.54439 -0.516432 1163.07 144.702 812.092
database/img_06077_c1_1303399009448984us_rect.jpg 0.48529 0.451905 0.542565 -0.515653 1159.28 140.875 818.311
database/img_06078_c1_1303399009515608us_rect.jpg 0.486502 0.454063 0.54062 -0.514657 1154.77 138.627 825.215
database/img_06079_c1_1303399009648997us_rect.jpg 0.490705 0.456644 0.53755 -0.511591 1144.58 141.561 839.108
database/img_06080_c1_1303399009715608us_rect.jpg 0.492629 0.457697 0.536509 -0.50989 1139.96 143.303 845.218
database/img_06081_c1_1303399009848987us_rect.jpg 0.495158 0.461538 0.534032 -0.506569 1130.56 140.546 858.464
database/img_06082_c1_1303399009915609us_rect.jpg 0.4962 0.463786 0.532538 -0.505066 1125.75 137.978 865.285
database/img_06083_c1_1303399009982361us_rect.jpg 0.497331 0.466083 0.530956 -0.503501 1120.64 135.476 872.388
database/img_06084_c1_1303399010115635us_rect.jpg 0.500715 0.469825 0.527519 -0.500272 1109.42 134.37 886.99
database/img_06085_c1_1303399010182361us_rect.jpg 0.502739 0.47125 0.525315 -0.499221 1103.89 135.212 893.836
database/img_06086_c1_1303399010248987us_rect.jpg 0.504403 0.473522 0.522566 -0.498277 1097.73 133.528 901.726
database/img_06087_c1_1303399010382367us_rect.jpg 0.50707 0.478507 0.516579 -0.497049 1085.85 127.865 916.943
database/img_06088_c1_1303399010448988us_rect.jpg 0.508667 0.480441 0.514064 -0.496158 1080.08 126.838 923.937
database/img_06089_c1_1303399010582389us_rect.jpg 0.510588 0.485007 0.510887 -0.493014 1069.36 121.305 937.163
database/img_06090_c1_1303399010649013us_rect.jpg 0.511163 0.488002 0.509531 -0.490861 1063.35 116.417 944.62
database/img_06091_c1_1303399010715612us_rect.jpg 0.511608 0.491136 0.508067 -0.488784 1057.3 110.954 952.074
database/img_06092_c1_1303399010848991us_rect.jpg 0.512539 0.495455 0.504924 -0.486703 1048.61 103.828 962.488
database/img_06093_c1_1303399010982392us_rect.jpg 0.514789 0.496227 0.50425 -0.484234 1043.14 106.859 968.13
database/img_06094_c1_1303399011048991us_rect.jpg 0.515451 0.497633 0.504172 -0.482164 1039.37 105.466 972.34
database/img_06095_c1_1303399011115616us_rect.jpg 0.516274 0.499132 0.50346 -0.480476 1035.18 104.09 976.967
database/img_06096_c1_1303399011248995us_rect.jpg 0.520062 0.499647 0.500292 -0.479163 1027.15 110.311 984.766
database/img_06097_c1_1303399011315617us_rect.jpg 0.521749 0.49905 0.498026 -0.48031 1025.41 114.569 986.102
database/img_06098_c1_1303399011382367us_rect.jpg 0.523101 0.499752 0.495016 -0.48122 1022 115.483 989.534
database/img_06099_c1_1303399011515620us_rect.jpg 0.524635 0.502316 0.48852 -0.483513 1015.52 112.629 996.512
database/img_06100_c1_1303399011582368us_rect.jpg 0.525518 0.503 0.48631 -0.484071 1012.94 112.802 999.1
database/img_06101_c1_1303399011648993us_rect.jpg 0.525759 0.504712 0.484802 -0.48354 1009.6 109.759 1002.8
database/img_06102_c1_1303399011782372us_rect.jpg 0.526662 0.507969 0.483229 -0.480713 1001.92 105.086 1010.94
database/img_06103_c1_1303399011848995us_rect.jpg 0.527818 0.509606 0.481972 -0.478971 996.456 104.132 1016.41
database/img_06104_c1_1303399011982399us_rect.jpg 0.532384 0.511231 0.477593 -0.476566 983.857 109.922 1027.98
database/img_06105_c1_1303399012048996us_rect.jpg 0.535863 0.511285 0.475071 -0.475127 976.25 116.762 1034.44
database/img_06106_c1_1303399012115621us_rect.jpg 0.539356 0.511747 0.472573 -0.473164 967.604 122.842 1041.82
database/img_06107_c1_1303399012249002us_rect.jpg 0.545901 0.514189 0.466889 -0.468632 947.81 131.086 1058.81
database/img_06108_c1_1303399012315623us_rect.jpg 0.54895 0.516456 0.463474 -0.465961 936.02 132.671 1069.01
database/img_06109_c1_1303399012382372us_rect.jpg 0.551735 0.518691 0.459987 -0.463638 924.797 133.807 1078.55
database/img_06110_c1_1303399012515625us_rect.jpg 0.557178 0.523806 0.452047 -0.459166 900.798 134.628 1098.44
database/img_06111_c1_1303399012582373us_rect.jpg 0.558894 0.527812 0.447655 -0.456789 887.797 130.179 1109.43
