database/img_01007_c0_1303398554379838us_rect.jpg 0.67294 0.652989 -0.240751 0.250591 95.1185 5.22338 -145.791
database/img_01008_c0_1303398554513090us_rect.jpg 0.676657 0.649584 -0.239052 0.251058 93.9561 3.61159 -146.929
database/img_01009_c0_1303398554579838us_rect.jpg 0.678907 0.64729 -0.238217 0.251703 93.4713 2.58265 -147.427
database/img_01010_c0_1303398554646463us_rect.jpg 0.68046 0.645846 -0.237811 0.251601 92.9189 1.86529 -147.954
database/img_01011_c0_1303398554713089us_rect.jpg 0.680942 0.645749 -0.23694 0.251368 92.2197 1.7484 -148.572
database/img_01012_c0_1303398554846465us_rect.jpg 0.679993 0.647867 -0.235264 0.25006 90.6343 2.48425 -149.916
database/img_01013_c0_1303398554913090us_rect.jpg 0.679383 0.649105 -0.234311 0.249399 89.8108 2.9313 -150.598
database/img_01014_c0_1303398554979842us_rect.jpg 0.678884 0.650304 -0.23307 0.248798 88.9294 3.36307 -151.302
database/img_01015_c0_1303398555113562us_rect.jpg 0.678511 0.651941 -0.230694 0.24774 87.2247 3.88331 -152.68
database/img_01016_c0_1303398555179863us_rect.jpg 0.678688 0.652204 -0.229761 0.247431 86.4843 3.91873 -153.305
database/img_01017_c0_1303398555246466us_rect.jpg 0.678904 0.652458 -0.228355 0.247472 85.7106 3.97536 -153.943
database/img_01018_c0_1303398555313091us_rect.jpg 0.678881 0.653063 -0.226348 0.247782 84.8463 4.20135 -154.621
database/img_01019_c0_1303398555446498us_rect.jpg 0.678138 0.654439 -0.222855 0.249347 83.4433 4.8905 -155.791
database/img_01020_c0_1303398555513092us_rect.jpg 0.677293 0.655145 -0.2225 0.250106 83.072 5.30677 -156.201
database/img_01021_c0_1303398555579844us_rect.jpg 0.675815 0.656417 -0.222796 0.250506 82.767 5.99159 -156.561
database/img_01022_c0_1303398555646468us_rect.jpg 0.674371 0.657566 -0.223324 0.250914 82.5234 6.63087 -156.889
database/img_01023_c0_1303398555779847us_rect.jpg 0.672208 0.658758 -0.225434 0.251701 82.3076 7.42273 -157.428
database/img_01024_c0_1303398555846494us_rect.jpg 0.671884 0.658429 -0.227001 0.25202 82.3201 7.38667 -157.637
database/img_01025_c0_1303398555913098us_rect.jpg 0.671909 0.657845 -0.229152 0.25153 82.3044 7.15028 -157.877
database/img_01026_c0_1303398555979846us_rect.jpg 0.671836 0.657333 -0.231873 0.25057 82.3185 6.9262 -158.11
database/img_01027_c0_1303398556113121us_rect.jpg 0.672948 0.655223 -0.236619 0.248665 82.1826 5.91925 -158.662
database/img_01028_c0_1303398556179846us_rect.jpg 0.674396 0.653099 -0.238681 0.248363 82.2029 4.9535 -158.905
database/img_01029_c0_1303398556246473us_rect.jpg 0.676741 0.650076 -0.240454 0.248204 82.185 3.54911 -159.165
database/img_01030_c0_1303398556313097us_rect.jpg 0.679682 0.646825 -0.240324 0.248786 81.8654 2.00946 -159.57
database/img_01031_c0_1303398556446474us_rect.jpg 0.685085 0.64177 -0.234539 0.25255 80.4742 -0.379409 -160.715
database/img_01032_c0_1303398556513122us_rect.jpg 0.686415 0.640437 -0.232092 0.254574 79.9214 -0.93975 -161.208
database/img_01033_c0_1303398556646476us_rect.jpg 0.685076 0.641951 -0.230991 0.255369 78.9429 -0.180306 -162.163
database/img_01034_c0_1303398556713099us_rect.jpg 0.683782 0.643628 -0.231756 0.253918 78.3267 0.514429 -162.705
database/img_01035_c0_1303398556779850us_rect.jpg 0.682193 0.64598 -0.232832 0.251221 77.4901 1.42196 -163.344
database/img_01036_c0_1303398556913130us_rect.jpg 0.681111 0.648757 -0.233973 0.245883 75.5949 2.24856 -164.704
database/img_01037_c0_1303398556979851us_rect.jpg 0.682209 0.647991 -0.233991 0.244839 74.9184 1.74427 -165.266
database/img_01038_c0_1303398557046476us_rect.jpg 0.6835 0.647 -0.233123 0.244687 74.2327 1.16546 -165.833
database/img_01039_c0_1303398557113103us_rect.jpg 0.684267 0.646496 -0.231603 0.245319 73.5686 0.868167 -166.382
database/img_01040_c0_1303398557246503us_rect.jpg 0.684758 0.646136 -0.229783 0.246607 72.5457 0.680464 -167.344
database/img_01041_c0_1303398557313104us_rect.jpg 0.684568 0.646241 -0.229972 0.246682 72.1742 0.747709 -167.768
database/img_01042_c0_1303398557379854us_rect.jpg 0.684034 0.646635 -0.230736 0.246416 71.8667 0.967081 -168.163
database/img_01043_c0_1303398557513128us_rect.jpg 0.682827 0.647406 -0.232556 0.246027 71.355 1.44392 -168.907
database/img_01044_c0_1303398557579855us_rect.jpg 0.682317 0.647494 -0.232981 0.246811 71.2243 1.60639 -169.217
database/img_01045_c0_1303398557646479us_rect.jpg 0.681975 0.647404 -0.232917 0.248048 71.0779 1.68705 -169.549
database/img_01046_c0_1303398557779880us_rect.jpg 0.680841 0.64787 -0.233003 0.249858 70.6709 2.12039 -170.246
database/img_01047_c0_1303398557846503us_rect.jpg 0.680337 0.648127 -0.23327 0.250315 70.4187 2.31533 -170.621
database/img_01048_c0_1303398557913108us_rect.jpg 0.680001 0.648159 -0.23407 0.250398 70.2168 2.40178 -170.977
database/img_01049_c0_1303398557979857us_rect.jpg 0.679857 0.647942 -0.234857 0.250614 70.0464 2.378 -171.315
database/img_01050_c0_1303398558113135us_rect.jpg 0.679911 0.647416 -0.236142 0.25062 69.5238 2.21339 -172.075
database/img_01051_c0_1303398558179881us_rect.jpg 0.679997 0.647264 -0.236565 0.25038 69.1444 2.14445 -172.499
database/img_01052_c0_1303398558246484us_rect.jpg 0.680528 0.646642 -0.236912 0.250216 68.7672 1.83554 -172.926
database/img_01053_c0_1303398558313109us_rect.jpg 0.681123 0.646085 -0.236826 0.250116 68.2918 1.52651 -173.393
database/img_01054_c0_1303398558446510us_rect.jpg 0.681432 0.646078 -0.236569 0.249537 67.2192 1.43464 -174.357
database/img_01055_c0_1303398558513107us_rect.jpg 0.68159 0.646137 -0.236545 0.248975 66.6383 1.40183 -174.857
database/img_01056_c0_1303398558579857us_rect.jpg 0.681524 0.646416 -0.236646 0.248337 66.0742 1.48643 -175.35
database/img_01057_c0_1303398558713113us_rect.jpg 0.680551 0.648011 -0.236697 0.246792 64.8192 2.15739 -176.375
database/img_01058_c0_1303398558779859us_rect.jpg 0.680306 0.648426 -0.236322 0.246738 64.2728 2.32958 -176.853
database/img_01059_c0_1303398558846484us_rect.jpg 0.680148 0.648556 -0.23592 0.247215 63.8613 2.40415 -177.279
database/img_01060_c0_1303398558913109us_rect.jpg 0.679638 0.64922 -0.235293 0.247473 63.3281 2.71256 -177.747
database/img_01061_c0_1303398559046489us_rect.jpg 0.678855 0.650208 -0.233309 0.248903 62.3051 3.16577 -178.668
database/img_01062_c0_1303398559113111us_rect.jpg 0.67889 0.649978 -0.23314 0.249565 62.0121 3.08947 -179.06
database/img_01063_c0_1303398559179862us_rect.jpg 0.678758 0.650138 -0.232902 0.249728 61.5696 3.15809 -179.5
database/img_01064_c0_1303398559313140us_rect.jpg 0.676824 0.652272 -0.233413 0.248934 60.65 4.25382 -180.368
database/img_01065_c0_1303398559379866us_rect.jpg 0.676696 0.652169 -0.234093 0.248916 60.4211 4.26656 -180.735
database/img_01066_c0_1303398559446491us_rect.jpg 0.677026 0.651669 -0.234592 0.248857 60.1385 4.04696 -181.121
database/img_01067_c0_1303398559579867us_rect.jpg 0.678304 0.650043 -0.2356 0.248676 59.5682 3.27245 -181.899
database/img_01068_c0_1303398559646511us_rect.jpg 0.679179 0.649347 -0.235518 0.248185 59.0117 2.84837 -182.369
database/img_01069_c0_1303398559713116us_rect.jpg 0.680251 0.648307 -0.235841 0.247659 58.5617 2.28182 -182.806
database/img_01070_c0_1303398559846518us_rect.jpg 0.681015 0.647794 -0.236443 0.246326 57.561 1.95476 -183.696
database/img_01071_c0_1303398559913116us_rect.jpg 0.681011 0.647777 -0.236057 0.246751 57.1587 1.93677 -184.117
database/img_01072_c0_1303398559979867us_rect.jpg 0.680461 0.648283 -0.235173 0.247781 56.7752 2.19318 -184.526
database/img_01073_c0_1303398560046492us_rect.jpg 0.679652 0.649168 -0.234061 0.248734 56.3041 2.61724 -184.962
database/img_01074_c0_1303398560179868us_rect.jpg 0.677816 0.65106 -0.233244 0.249566 55.4688 3.60182 -185.796
database/img_01075_c0_1303398560246493us_rect.jpg 0.677584 0.65141 -0.233935 0.248634 55.009 3.78647 -186.225
database/img_01076_c0_1303398560313118us_rect.jpg 0.677612 0.651454 -0.234957 0.247477 54.5903 3.82868 -186.64
database/img_01077_c0_1303398560446494us_rect.jpg 0.679397 0.64979 -0.235591 0.246353 53.683 2.91052 -187.511
database/img_01078_c0_1303398560513118us_rect.jpg 0.680411 0.64876 -0.235438 0.246414 53.2658 2.34035 -187.934
database/img_01079_c0_1303398560579871us_rect.jpg 0.680836 0.648366 -0.235317 0.246393 52.831 2.10859 -188.354
database/img_01080_c0_1303398560713121us_rect.jpg 0.680619 0.648629 -0.234537 0.247045 51.9841 2.20128 -189.19
database/img_01081_c0_1303398560779870us_rect.jpg 0.680472 0.648809 -0.234474 0.247035 51.5652 2.28641 -189.604
database/img_01082_c0_1303398560846495us_rect.jpg 0.68083 0.648383 -0.234934 0.246733 51.2254 2.085 -189.992
database/img_01083_c0_1303398560979874us_rect.jpg 0.68287 0.646408 -0.236229 0.245033 50.3554 1.04172 -190.837
database/img_01084_c0_1303398561046497us_rect.jpg 0.684043 0.645501 -0.237271 0.243136 49.7424 0.538462 -191.296
database/img_01085_c0_1303398561113122us_rect.jpg 0.684713 0.645216 -0.237846 0.24144 49.0437 0.334254 -191.775
database/img_01086_c0_1303398561246523us_rect.jpg 0.685114 0.645408 -0.23825 0.239386 47.7953 0.346151 -192.691
database/img_01087_c0_1303398561313125us_rect.jpg 0.684938 0.645663 -0.237365 0.240077 47.3339 0.416765 -193.111
database/img_01088_c0_1303398561379875us_rect.jpg 0.68456 0.645991 -0.235202 0.242392 46.954 0.470646 -193.515
database/img_01089_c0_1303398561513153us_rect.jpg 0.683101 0.647627 -0.230681 0.246452 45.9684 1.04495 -194.377
database/img_01090_c0_1303398561579876us_rect.jpg 0.682679 0.648312 -0.229783 0.24666 45.36 1.30962 -194.831
database/img_01091_c0_1303398561646501us_rect.jpg 0.682547 0.648806 -0.229577 0.245916 44.6897 1.49741 -195.296
database/img_01092_c0_1303398561713127us_rect.jpg 0.682942 0.648755 -0.230131 0.244431 44.039 1.4407 -195.752
database/img_01093_c0_1303398561846524us_rect.jpg 0.684626 0.64715 -0.231544 0.242634 43.1779 0.625868 -196.577
database/img_01094_c0_1303398561913128us_rect.jpg 0.68511 0.646599 -0.231906 0.242393 42.8306 0.351615 -196.972
database/img_01095_c0_1303398561979878us_rect.jpg 0.68484 0.646863 -0.231974 0.242384 42.4569 0.502984 -197.369
database/img_01096_c0_1303398562113155us_rect.jpg 0.685132 0.646469 -0.231991 0.242595 41.7427 0.2955 -198.144
database/img_01097_c0_1303398562179879us_rect.jpg 0.685793 0.645656 -0.231969 0.242913 41.4443 -0.140595 -198.522
database/img_01098_c0_1303398562246504us_rect.jpg 0.686712 0.644569 -0.232151 0.243029 41.1541 -0.710652 -198.897
database/img_01099_c0_1303398562379908us_rect.jpg 0.689369 0.641781 -0.232314 0.24273 40.3585 -2.25033 -199.676
database/img_01100_c0_1303398562446507us_rect.jpg 0.690548 0.64039 -0.233037 0.242358 40.0883 -2.93877 -200.037
database/img_01101_c0_1303398562513130us_rect.jpg 0.691334 0.639512 -0.233529 0.241962 39.7377 -3.37575 -200.414
database/img_01102_c0_1303398562646532us_rect.jpg 0.690575 0.640644 -0.234403 0.240284 38.7199 -2.72852 -201.27
database/img_01103_c0_1303398562713132us_rect.jpg 0.688462 0.643221 -0.234192 0.239668 38.0695 -1.36757 -201.74
database/img_01104_c0_1303398562779884us_rect.jpg 0.686262 0.645709 -0.233487 0.239976 37.5404 -0.0718701 -202.171
database/img_01105_c0_1303398562913161us_rect.jpg 0.682066 0.649973 -0.230829 0.242979 36.7948 2.08173 -202.967
database/img_01106_c0_1303398562979884us_rect.jpg 0.68013 0.651791 -0.229022 0.245236 36.496 2.95884 -203.347
database/img_01107_c0_1303398563046507us_rect.jpg 0.678479 0.653437 -0.227569 0.246775 36.0918 3.75609 -203.74
database/img_01108_c0_1303398563179885us_rect.jpg 0.67805 0.653722 -0.228421 0.246413 35.4754 4.01775 -204.506
database/img_01109_c0_1303398563246510us_rect.jpg 0.679346 0.652494 -0.230166 0.244469 35.0728 3.47398 -204.913
database/img_01110_c0_1303398563313136us_rect.jpg 0.680973 0.650982 -0.232012 0.242218 34.61 2.77694 -205.327
database/img_01111_c0_1303398563379886us_rect.jpg 0.682507 0.649462 -0.23455 0.239518 34.2287 2.16483 -205.728
database/img_01112_c0_1303398563513156us_rect.jpg 0.685487 0.646003 -0.239248 0.235688 33.815 0.745529 -206.472
database/img_01113_c0_1303398563579884us_rect.jpg 0.686904 0.644109 -0.240624 0.235343 33.7672 -0.132443 -206.814
database/img_01114_c0_1303398563646510us_rect.jpg 0.688404 0.642043 -0.240736 0.236487 33.7682 -1.23695 -207.14
database/img_01115_c0_1303398563779912us_rect.jpg 0.690828 0.639837 -0.235183 0.240945 32.5964 -3.16958 -207.966
database/img_01116_c0_1303398563846511us_rect.jpg 0.691114 0.63966 -0.232041 0.243627 32.0409 -3.64695 -208.378
database/img_01117_c0_1303398563913136us_rect.jpg 0.690862 0.639636 -0.231074 0.245318 31.8696 -3.7432 -208.742
database/img_01118_c0_1303398564046516us_rect.jpg 0.687696 0.642011 -0.234168 0.245074 31.9832 -1.9344 -209.437
database/img_01119_c0_1303398564113159us_rect.jpg 0.684754 0.644867 -0.235736 0.244308 31.839 -0.0878713 -209.81
database/img_01120_c0_1303398564179887us_rect.jpg 0.682444 0.647219 -0.236774 0.243548 31.5361 1.39181 -210.197
database/img_01121_c0_1303398564246514us_rect.jpg 0.681669 0.647922 -0.237593 0.243051 31.2609 1.90475 -210.575
database/img_01122_c0_1303398564379914us_rect.jpg 0.684735 0.644298 -0.239073 0.242614 30.8696 0.0367159 -211.306
database/img_01123_c0_1303398564446517us_rect.jpg 0.686413 0.642569 -0.238999 0.242532 30.4508 -0.974895 -211.694
database/img_01124_c0_1303398564513142us_rect.jpg 0.687683 0.641188 -0.238921 0.242667 30.0947 -1.77613 -212.065
database/img_01125_c0_1303398564646544us_rect.jpg 0.688535 0.639942 -0.239612 0.242857 29.6249 -2.37347 -212.785
database/img_01126_c0_1303398564713165us_rect.jpg 0.687767 0.640643 -0.240149 0.242654 29.3555 -1.89302 -213.161
database/img_01127_c0_1303398564779893us_rect.jpg 0.686438 0.642005 -0.240445 0.242526 29.0331 -1.06363 -213.544
database/img_01128_c0_1303398564846518us_rect.jpg 0.6854 0.642966 -0.240575 0.242785 28.7796 -0.476848 -213.912
database/img_01129_c0_1303398564979897us_rect.jpg 0.685766 0.642639 -0.2404 0.242792 27.9788 -0.697923 -214.67
database/img_01130_c0_1303398565046518us_rect.jpg 0.686606 0.641722 -0.240579 0.242666 27.6373 -1.20344 -215.036
database/img_01131_c0_1303398565179895us_rect.jpg 0.688468 0.640116 -0.240213 0.241995 26.5789 -2.22688 -215.819
database/img_01132_c0_1303398565246539us_rect.jpg 0.689147 0.639603 -0.240392 0.241238 26.0331 -2.51996 -216.206
database/img_01133_c0_1303398565313146us_rect.jpg 0.689266 0.639668 -0.24073 0.240389 25.513 -2.45244 -216.599
database/img_01134_c0_1303398565446545us_rect.jpg 0.688184 0.641514 -0.238541 0.240749 24.1711 -1.75807 -217.419
database/img_01135_c0_1303398565513145us_rect.jpg 0.686918 0.643267 -0.237108 0.241104 23.4401 -0.981779 -217.833
database/img_01136_c0_1303398565579897us_rect.jpg 0.685838 0.644455 -0.23701 0.241102 23.0456 -0.309174 -218.206
database/img_01137_c0_1303398565713148us_rect.jpg 0.685482 0.645271 -0.237245 0.239698 21.9614 0.164453 -218.978
database/img_01138_c0_1303398565779905us_rect.jpg 0.686243 0.644921 -0.236304 0.23939 21.1958 -0.221594 -219.38
database/img_01139_c0_1303398565846522us_rect.jpg 0.687266 0.644334 -0.235241 0.239083 20.393 -0.767495 -219.777
database/img_01140_c0_1303398565913148us_rect.jpg 0.688468 0.643268 -0.23504 0.238692 19.8563 -1.43839 -220.143
database/img_01141_c0_1303398566046551us_rect.jpg 0.690915 0.640802 -0.235242 0.238056 19.0301 -2.86124 -220.841
database/img_01142_c0_1303398566113150us_rect.jpg 0.691012 0.640637 -0.23568 0.237785 18.7398 -2.88367 -221.191
database/img_01143_c0_1303398566179901us_rect.jpg 0.689993 0.641825 -0.235811 0.237409 18.3077 -2.17198 -221.569
database/img_01144_c0_1303398566313176us_rect.jpg 0.686755 0.6455 -0.235645 0.236999 17.4086 -0.0472241 -222.302
database/img_01145_c0_1303398566379902us_rect.jpg 0.685574 0.646635 -0.235304 0.237664 17.1582 0.572945 -222.65
database/img_01146_c0_1303398566446528us_rect.jpg 0.685063 0.646857 -0.23509 0.238742 17.0947 0.685687 -222.982
database/img_01147_c0_1303398566579928us_rect.jpg 0.684923 0.64628 -0.234618 0.241155 17.0497 0.298159 -223.644
database/img_01148_c0_1303398566646527us_rect.jpg 0.685119 0.645959 -0.234701 0.241378 16.8151 0.123802 -223.985
database/img_01149_c0_1303398566713154us_rect.jpg 0.685396 0.64552 -0.235342 0.241144 16.6243 -0.0245071 -224.322
database/img_01150_c0_1303398566779904us_rect.jpg 0.685554 0.645426 -0.236048 0.240253 16.2385 0.0355908 -224.668
database/img_01151_c0_1303398566913155us_rect.jpg 0.685475 0.645358 -0.238739 0.237993 15.7575 0.470861 -225.342
database/img_01152_c0_1303398566979905us_rect.jpg 0.685385 0.64533 -0.24007 0.236989 15.558 0.69481 -225.677
database/img_01153_c0_1303398567046531us_rect.jpg 0.685224 0.645274 -0.240704 0.236962 15.442 0.785179 -226
database/img_01154_c0_1303398567179934us_rect.jpg 0.684752 0.645595 -0.239753 0.238412 14.9375 0.817007 -226.651
database/img_01155_c0_1303398567246532us_rect.jpg 0.684744 0.645595 -0.239576 0.238612 14.6175 0.781721 -226.985
database/img_01156_c0_1303398567313157us_rect.jpg 0.684859 0.645514 -0.239633 0.238446 14.2621 0.742024 -227.317
database/img_01157_c0_1303398567379908us_rect.jpg 0.684958 0.645511 -0.239833 0.237966 13.8547 0.774327 -227.649
database/img_01158_c0_1303398567513158us_rect.jpg 0.685695 0.6446 -0.240463 0.23768 13.3544 0.346626 -228.292
database/img_01159_c0_1303398567579907us_rect.jpg 0.685899 0.644444 -0.240282 0.237696 12.9854 0.215927 -228.619
database/img_01160_c0_1303398567646532us_rect.jpg 0.685863 0.644453 -0.240258 0.237799 12.7033 0.218051 -228.935
database/img_01161_c0_1303398567780080us_rect.jpg 0.685682 0.644746 -0.239999 0.237787 11.9938 0.343557 -229.574
database/img_01162_c0_1303398567846534us_rect.jpg 0.685377 0.645177 -0.240004 0.237495 11.5932 0.604117 -229.891
database/img_01163_c0_1303398567913160us_rect.jpg 0.685067 0.645529 -0.240415 0.237016 11.2764 0.900632 -230.193
database/img_01164_c0_1303398568046535us_rect.jpg 0.684716 0.646212 -0.241114 0.235454 10.4051 1.45072 -230.814
database/img_01165_c0_1303398568113159us_rect.jpg 0.684604 0.646299 -0.241314 0.235334 10.1462 1.54577 -231.114
database/img_01166_c0_1303398568246556us_rect.jpg 0.684625 0.646359 -0.242104 0.234293 9.5036 1.74254 -231.707
database/img_01167_c0_1303398568313160us_rect.jpg 0.684618 0.646166 -0.2429 0.234026 9.41855 1.79102 -231.988
database/img_01168_c0_1303398568446540us_rect.jpg 0.6846 0.646318 -0.242713 0.23385 8.73548 1.85188 -232.562
database/img_01169_c0_1303398568513162us_rect.jpg 0.684784 0.646242 -0.242576 0.233663 8.35032 1.77864 -232.848
database/img_01170_c0_1303398568579910us_rect.jpg 0.685248 0.645839 -0.242535 0.23346 7.99798 1.5281 -233.127
database/img_01171_c0_1303398568713171us_rect.jpg 0.685119 0.646138 -0.242863 0.232668 7.31921 1.78386 -233.677
database/img_01173_c0_1303398568846537us_rect.jpg 0.685173 0.645912 -0.242092 0.233937 6.95736 1.48938 -234.204
database/img_01174_c0_1303398568979937us_rect.jpg 0.685184 0.64578 -0.24061 0.235794 6.55284 1.09917 -234.719
database/img_01175_c0_1303398569046539us_rect.jpg 0.685045 0.64599 -0.240032 0.236211 6.23901 1.10779 -234.972
database/img_01176_c0_1303398569113164us_rect.jpg 0.684854 0.646422 -0.239703 0.235915 5.77357 1.30706 -235.222
database/img_01177_c0_1303398569246565us_rect.jpg 0.684859 0.646843 -0.240198 0.234238 4.89999 1.6792 -235.719
database/img_01178_c0_1303398569313173us_rect.jpg 0.685016 0.64657 -0.240879 0.233834 4.77961 1.66147 -235.956
database/img_01179_c0_1303398569379917us_rect.jpg 0.684726 0.646805 -0.241223 0.233677 4.62239 1.88371 -236.187
database/img_01181_c0_1303398569579917us_rect.jpg 0.6828 0.648989 -0.239714 0.234807 3.7809 2.91194 -236.876
database/img_01182_c0_1303398569646541us_rect.jpg 0.682623 0.649199 -0.239058 0.23541 3.53037 2.89997 -237.098
database/img_01184_c0_1303398569846565us_rect.jpg 0.682683 0.649306 -0.238377 0.23563 2.72595 2.82215 -237.747
database/img_01186_c0_1303398569979918us_rect.jpg 0.683215 0.648768 -0.238845 0.235097 2.31125 2.59836 -238.166
database/img_01187_c0_1303398570113202us_rect.jpg 0.683019 0.649285 -0.238479 0.234609 1.61049 2.8472 -238.571
database/img_01188_c0_1303398570179919us_rect.jpg 0.68317 0.649092 -0.238618 0.234563 1.45518 2.75964 -238.77
database/img_01189_c0_1303398570246544us_rect.jpg 0.683346 0.648837 -0.238745 0.234625 1.33524 2.6298 -238.967
database/img_01190_c0_1303398570379950us_rect.jpg 0.683086 0.64932 -0.237963 0.23484 0.750303 2.76073 -239.344
database/img_01192_c0_1303398570513172us_rect.jpg 0.68317 0.649207 -0.238157 0.234712 0.420519 2.73708 -239.712
database/img_01193_c0_1303398570646558us_rect.jpg 0.683406 0.649083 -0.237907 0.234623 -0.0476647 2.60997 -240.064
database/img_01194_c0_1303398570846580us_rect.jpg 0.683741 0.64894 -0.238325 0.233615 -0.74101 2.62635 -240.577
database/img_01195_c0_1303398571046572us_rect.jpg 0.683898 0.648893 -0.238012 0.233606 -1.33052 2.53231 -241.06
database/img_01196_c0_1303398571113175us_rect.jpg 0.683683 0.649342 -0.237447 0.233565 -1.70847 2.68781 -241.214
database/img_01198_c0_1303398571313208us_rect.jpg 0.684246 0.648651 -0.237493 0.233786 -2.04809 2.2653 -241.671
database/img_01199_c0_1303398571379925us_rect.jpg 0.684322 0.648566 -0.237205 0.234092 -2.18854 2.14569 -241.814
database/img_01201_c0_1303398571579928us_rect.jpg 0.684053 0.649341 -0.236041 0.233907 -3.1057 2.36988 -242.237
database/img_01202_c0_1303398571779965us_rect.jpg 0.684215 0.649019 -0.236187 0.234178 -3.34844 2.19951 -242.652
database/img_01204_c0_1303398572046579us_rect.jpg 0.683841 0.650012 -0.235019 0.233691 -4.46643 2.56514 -243.156
database/img_01205_c0_1303398572113179us_rect.jpg 0.683877 0.649909 -0.235122 0.233769 -4.51976 2.52276 -243.281
database/img_01207_c0_1303398572313211us_rect.jpg 0.683949 0.649811 -0.234824 0.23413 -4.85404 2.38726 -243.647
database/img_01209_c0_1303398572446557us_rect.jpg 0.683973 0.6501 -0.234344 0.233739 -5.39886 2.46549 -243.873
database/img_01210_c0_1303398572646572us_rect.jpg 0.683916 0.650327 -0.234139 0.233478 -5.89311 2.56723 -244.201
database/img_01211_c0_1303398573046597us_rect.jpg 0.684379 0.650288 -0.2337 0.23267 -6.94885 2.45686 -244.812
database/img_01214_c0_1303398573313232us_rect.jpg 0.683286 0.65172 -0.233 0.232577 -7.62307 3.20236 -245.175
database/img_01217_c0_1303398573579964us_rect.jpg 0.683642 0.651441 -0.232814 0.2325 -8.06103 2.98388 -245.527
database/img_01219_c0_1303398573713192us_rect.jpg 0.683885 0.651453 -0.232557 0.232007 -8.49612 2.94102 -245.685
database/img_01222_c0_1303398573979942us_rect.jpg 0.682242 0.653229 -0.232495 0.231913 -8.86658 4.05676 -245.983
database/img_01225_c0_1303398574246566us_rect.jpg 0.682622 0.652741 -0.232257 0.232406 -9.04719 3.68161 -246.27
database/img_01229_c0_1303398574579954us_rect.jpg 0.68283 0.652612 -0.232096 0.232319 -9.44478 3.56431 -246.583
database/img_01233_c0_1303398574979974us_rect.jpg 0.682648 0.652838 -0.231938 0.232377 -9.79679 3.67189 -246.899
database/img_01239_c0_1303398575446575us_rect.jpg 0.682609 0.652996 -0.231865 0.232122 -10.2092 3.76266 -247.196
database/img_01247_c0_1303398576246585us_rect.jpg 0.683563 0.651901 -0.231746 0.232509 -10.4635 3.02983 -247.572
database/img_01260_c0_1303398577579962us_rect.jpg 0.683405 0.652251 -0.231738 0.232 -10.8838 3.26514 -247.798
database/img_01347_c0_1303398585246653us_rect.jpg 0.684665 0.650623 -0.229372 0.235185 -10.9354 1.59065 -248.147
database/img_01359_c0_1303398586246633us_rect.jpg 0.684347 0.650937 -0.229661 0.23496 -11.1818 1.86026 -248.429
database/img_01375_c0_1303398587580015us_rect.jpg 0.684501 0.651074 -0.231472 0.232341 -11.7266 2.43732 -248.71
database/img_01592_c0_1303398607046743us_rect.jpg 0.686692 0.648651 -0.227145 0.236879 -11.9965 -0.250807 -249.006
database/img_01597_c0_1303398607513396us_rect.jpg 0.688118 0.647456 -0.227212 0.235942 -12.5917 -0.977287 -249.282
database/img_01601_c0_1303398607846769us_rect.jpg 0.686918 0.649255 -0.225692 0.235954 -13.4608 -0.209493 -249.547
database/img_01604_c0_1303398608113374us_rect.jpg 0.687449 0.649253 -0.225449 0.23464 -14.2986 -0.243267 -249.789
database/img_01607_c0_1303398608380120us_rect.jpg 0.689022 0.647652 -0.226127 0.233798 -14.6311 -1.08112 -250.091
database/img_01609_c0_1303398608580125us_rect.jpg 0.688363 0.648442 -0.225872 0.233796 -14.9848 -0.642461 -250.329
database/img_01612_c0_1303398608846750us_rect.jpg 0.6857 0.650855 -0.225647 0.235131 -14.9493 0.80105 -250.701
database/img_01614_c0_1303398609047352us_rect.jpg 0.687087 0.649129 -0.227416 0.234147 -14.893 0.149494 -250.999
database/img_01617_c0_1303398609246755us_rect.jpg 0.688135 0.647064 -0.230506 0.233762 -14.1211 -0.412698 -251.362
database/img_01619_c0_1303398609446757us_rect.jpg 0.686723 0.648078 -0.229899 0.235698 -13.9539 0.0333243 -251.693
database/img_01622_c0_1303398609713386us_rect.jpg 0.68662 0.646719 -0.232472 0.2372 -12.816 -0.253867 -252.203
database/img_01623_c0_1303398609780133us_rect.jpg 0.685939 0.647155 -0.232318 0.23813 -12.642 -0.0357818 -252.322
database/img_01626_c0_1303398610046785us_rect.jpg 0.682305 0.64724 -0.23661 0.244038 -9.22817 0.94871 -252.938
database/img_01628_c0_1303398610180134us_rect.jpg 0.680396 0.645685 -0.241386 0.248767 -5.8249 1.05277 -253.278
database/img_01629_c0_1303398610313386us_rect.jpg 0.678282 0.642874 -0.248339 0.2549 -1.02124 0.897436 -253.588
database/img_01007_c1_1303398554379880us_rect.jpg 0.323309 0.287342 -0.650593 0.624207 147.553 -0.724345 89.2104
database/img_01008_c1_1303398554513139us_rect.jpg 0.326755 0.284464 -0.65196 0.622301 148.532 -2.27911 88.1076
database/img_01009_c1_1303398554579904us_rect.jpg 0.328757 0.282376 -0.652831 0.621284 148.96 -3.2376 87.6367
database/img_01010_c1_1303398554646505us_rect.jpg 0.330175 0.281475 -0.653493 0.620244 149.466 -3.92204 87.0363
database/img_01011_c1_1303398554713132us_rect.jpg 0.331124 0.281583 -0.653323 0.619869 150.054 -4.09795 86.318
database/img_01012_c1_1303398554846531us_rect.jpg 0.33165 0.28377 -0.65134 0.620676 151.335 -3.33655 84.755
database/img_01013_c1_1303398554913155us_rect.jpg 0.331702 0.285154 -0.650078 0.621336 151.985 -2.7775 83.95
database/img_01014_c1_1303398554979882us_rect.jpg 0.332177 0.286376 -0.648798 0.621859 152.665 -2.32664 83.0804
database/img_01015_c1_1303398555113575us_rect.jpg 0.333552 0.28813 -0.646756 0.622439 153.977 -1.78424 81.388
database/img_01016_c1_1303398555179888us_rect.jpg 0.334289 0.288531 -0.646091 0.622549 154.573 -1.69655 80.6408
database/img_01017_c1_1303398555246509us_rect.jpg 0.335229 0.288545 -0.645222 0.622938 155.147 -1.59943 79.9378
database/img_01018_c1_1303398555313134us_rect.jpg 0.336413 0.288864 -0.643553 0.623877 155.792 -1.23271 79.093
database/img_01019_c1_1303398555446512us_rect.jpg 0.338 0.288751 -0.640488 0.626222 156.89 -0.453651 77.7705
database/img_01020_c1_1303398555513160us_rect.jpg 0.337609 0.288688 -0.639475 0.627496 157.288 0.0367451 77.4128
database/img_01021_c1_1303398555579887us_rect.jpg 0.336365 0.289375 -0.638761 0.628574 157.666 0.679042 77.0949
database/img_01022_c1_1303398555646511us_rect.jpg 0.335054 0.290006 -0.638055 0.629698 158.026 1.3307 76.8052
database/img_01023_c1_1303398555779914us_rect.jpg 0.332141 0.290276 -0.63765 0.631526 158.587 2.2548 76.551
database/img_01024_c1_1303398555846513us_rect.jpg 0.330701 0.289775 -0.638517 0.631635 158.789 2.25216 76.5922
database/img_01025_c1_1303398555913137us_rect.jpg 0.329298 0.289825 -0.639796 0.63105 159.056 2.10851 76.5001
database/img_01026_c1_1303398555979888us_rect.jpg 0.327329 0.290148 -0.641653 0.630041 159.284 1.90326 76.4923
database/img_01027_c1_1303398556113142us_rect.jpg 0.324855 0.29008 -0.646078 0.626822 159.832 0.773998 76.2724
database/img_01028_c1_1303398556179913us_rect.jpg 0.324369 0.288952 -0.648383 0.625213 160.068 -0.10436 76.2324
database/img_01029_c1_1303398556246514us_rect.jpg 0.324928 0.286757 -0.651179 0.623024 160.296 -1.52665 76.1833
database/img_01030_c1_1303398556313140us_rect.jpg 0.327131 0.284002 -0.653059 0.621161 160.649 -3.06081 75.8403
database/img_01031_c1_1303398556446543us_rect.jpg 0.335043 0.27774 -0.652453 0.620413 161.683 -5.41211 74.4049
database/img_01032_c1_1303398556513145us_rect.jpg 0.337494 0.27546 -0.651729 0.620862 162.13 -5.96747 73.8788
database/img_01033_c1_1303398556646542us_rect.jpg 0.337205 0.276369 -0.649832 0.622601 163.106 -5.08729 72.8208
database/img_01034_c1_1303398556713142us_rect.jpg 0.335768 0.278509 -0.649418 0.622855 163.639 -4.37972 72.2036
database/img_01035_c1_1303398556779893us_rect.jpg 0.334129 0.282 -0.649082 0.622516 164.294 -3.54184 71.3015
database/img_01036_c1_1303398556913149us_rect.jpg 0.332366 0.287919 -0.649006 0.620827 165.63 -2.59188 69.3545
database/img_01037_c1_1303398556979917us_rect.jpg 0.333173 0.288143 -0.649751 0.61951 166.168 -3.09831 68.6275
database/img_01038_c1_1303398557046519us_rect.jpg 0.334714 0.287504 -0.650129 0.61858 166.692 -3.73406 67.924
database/img_01039_c1_1303398557113144us_rect.jpg 0.336323 0.286827 -0.649677 0.618495 167.223 -4.07438 67.2123
database/img_01040_c1_1303398557246525us_rect.jpg 0.337781 0.285454 -0.648478 0.619594 168.111 -4.15937 66.2705
database/img_01041_c1_1303398557313145us_rect.jpg 0.337361 0.285538 -0.648349 0.619918 168.515 -3.99925 65.9115
database/img_01042_c1_1303398557379896us_rect.jpg 0.33651 0.28594 -0.648391 0.620152 168.907 -3.75367 65.5893
database/img_01043_c1_1303398557513151us_rect.jpg 0.334116 0.286722 -0.64862 0.620846 169.621 -3.12107 65.1413
database/img_01044_c1_1303398557579897us_rect.jpg 0.33365 0.286147 -0.648577 0.621406 169.95 -3.03198 64.9724
database/img_01045_c1_1303398557646522us_rect.jpg 0.333439 0.28524 -0.648194 0.622335 170.276 -2.91547 64.819
database/img_01046_c1_1303398557779904us_rect.jpg 0.332904 0.284361 -0.647487 0.623758 171.009 -2.59358 64.3014
database/img_01047_c1_1303398557846528us_rect.jpg 0.332363 0.284287 -0.647271 0.624305 171.385 -2.37558 64.0233
database/img_01048_c1_1303398557913148us_rect.jpg 0.331547 0.284377 -0.64752 0.624439 171.745 -2.24261 63.7783
database/img_01049_c1_1303398557979900us_rect.jpg 0.330885 0.284176 -0.648012 0.624371 172.09 -2.27065 63.5736
database/img_01050_c1_1303398558113151us_rect.jpg 0.330086 0.283912 -0.648802 0.624095 172.848 -2.39066 62.9693
database/img_01051_c1_1303398558179900us_rect.jpg 0.329991 0.283929 -0.649207 0.623715 173.269 -2.52744 62.5441
database/img_01052_c1_1303398558246524us_rect.jpg 0.330031 0.283551 -0.649742 0.623309 173.663 -2.78828 62.1927
database/img_01053_c1_1303398558313151us_rect.jpg 0.330192 0.283231 -0.649917 0.623187 174.08 -2.94203 61.7918
database/img_01054_c1_1303398558446529us_rect.jpg 0.330418 0.283693 -0.650001 0.622769 175.005 -3.01293 60.7215
database/img_01055_c1_1303398558513250us_rect.jpg 0.330611 0.284034 -0.650097 0.622411 175.483 -3.07959 60.1333
database/img_01056_c1_1303398558579902us_rect.jpg 0.330405 0.284631 -0.650023 0.622325 175.95 -2.94056 59.5892
database/img_01057_c1_1303398558713179us_rect.jpg 0.329779 0.286642 -0.649157 0.622637 176.941 -2.24968 58.3271
database/img_01058_c1_1303398558779904us_rect.jpg 0.329896 0.287106 -0.648687 0.622851 177.416 -2.06658 57.7302
database/img_01059_c1_1303398558846529us_rect.jpg 0.33017 0.286997 -0.648154 0.623312 177.855 -1.96797 57.243
database/img_01060_c1_1303398558913154us_rect.jpg 0.330389 0.287412 -0.647371 0.623817 178.335 -1.70596 56.6281
database/img_01061_c1_1303398559046556us_rect.jpg 0.331223 0.287178 -0.645471 0.625449 179.239 -1.28554 55.569
database/img_01062_c1_1303398559113156us_rect.jpg 0.331278 0.286661 -0.645252 0.625883 179.619 -1.28609 55.2621
database/img_01063_c1_1303398559179906us_rect.jpg 0.330964 0.287012 -0.64489 0.626262 180.042 -1.02981 54.8226
database/img_01064_c1_1303398559313160us_rect.jpg 0.32896 0.289646 -0.643977 0.627044 180.926 0.177719 53.8071
database/img_01065_c1_1303398559379907us_rect.jpg 0.328259 0.289826 -0.64418 0.627119 181.295 0.323277 53.5361
database/img_01066_c1_1303398559446531us_rect.jpg 0.328204 0.289568 -0.644577 0.62686 181.679 0.157108 53.203
database/img_01067_c1_1303398559579934us_rect.jpg 0.328806 0.288442 -0.645934 0.625665 182.45 -0.669857 52.497
database/img_01068_c1_1303398559646534us_rect.jpg 0.329304 0.288354 -0.646772 0.624578 182.887 -1.14129 51.9586
database/img_01069_c1_1303398559713158us_rect.jpg 0.330054 0.287865 -0.647931 0.623204 183.305 -1.85308 51.4603
database/img_01070_c1_1303398559846537us_rect.jpg 0.330229 0.288399 -0.648411 0.622364 184.17 -2.04119 50.4111
database/img_01071_c1_1303398559913182us_rect.jpg 0.330532 0.288057 -0.648271 0.622508 184.572 -2.12992 49.9997
database/img_01072_c1_1303398559979910us_rect.jpg 0.330958 0.287534 -0.647566 0.623257 184.973 -2.07181 49.6045
database/img_01073_c1_1303398560046535us_rect.jpg 0.331294 0.287359 -0.646364 0.624406 185.396 -1.76641 49.1336
database/img_01074_c1_1303398560179934us_rect.jpg 0.330661 0.288173 -0.644535 0.626254 186.229 -0.833643 48.2451
database/img_01075_c1_1303398560246536us_rect.jpg 0.329865 0.289064 -0.644759 0.626033 186.637 -0.569553 47.8144
database/img_01076_c1_1303398560313161us_rect.jpg 0.328946 0.289882 -0.64538 0.625497 187.029 -0.417605 47.4486
database/img_01077_c1_1303398560446561us_rect.jpg 0.329636 0.289615 -0.646775 0.623815 187.854 -1.18056 46.4941
database/img_01078_c1_1303398560513162us_rect.jpg 0.330417 0.288728 -0.647316 0.623252 188.24 -1.737 46.1063
database/img_01079_c1_1303398560579912us_rect.jpg 0.330825 0.288398 -0.647485 0.623013 188.642 -1.97543 45.6682
database/img_01080_c1_1303398560713192us_rect.jpg 0.33108 0.287954 -0.646935 0.623654 189.428 -1.93435 44.8951
database/img_01081_c1_1303398560779914us_rect.jpg 0.330813 0.28811 -0.646627 0.624042 189.82 -1.73358 44.52
database/img_01082_c1_1303398560846540us_rect.jpg 0.330591 0.287995 -0.647026 0.623799 190.189 -1.83192 44.2152
database/img_01083_c1_1303398560979942us_rect.jpg 0.331214 0.287546 -0.649263 0.621347 190.97 -2.89643 43.349
database/img_01084_c1_1303398561046541us_rect.jpg 0.331252 0.288213 -0.650506 0.619715 191.399 -3.26966 42.7319
database/img_01085_c1_1303398561113166us_rect.jpg 0.331287 0.289264 -0.651473 0.61819 191.856 -3.48713 42.0022
database/img_01086_c1_1303398561246547us_rect.jpg 0.331363 0.2907 -0.652173 0.616735 192.731 -3.57506 40.7399
database/img_01087_c1_1303398561313166us_rect.jpg 0.331954 0.290164 -0.651663 0.617209 193.128 -3.66125 40.3113
database/img_01088_c1_1303398561379918us_rect.jpg 0.33315 0.288913 -0.649952 0.618953 193.522 -3.62068 39.9079
database/img_01089_c1_1303398561513173us_rect.jpg 0.335216 0.287378 -0.645526 0.623169 194.363 -2.97123 38.8966
database/img_01090_c1_1303398561579948us_rect.jpg 0.335438 0.287775 -0.644509 0.623919 194.8 -2.64389 38.2968
database/img_01091_c1_1303398561646543us_rect.jpg 0.335424 0.288787 -0.644319 0.623655 195.251 -2.43758 37.5915
database/img_01092_c1_1303398561713169us_rect.jpg 0.335334 0.289714 -0.645071 0.622495 195.685 -2.54225 36.9419
database/img_01093_c1_1303398561846549us_rect.jpg 0.335197 0.289911 -0.646945 0.620529 196.458 -3.13656 36.1252
database/img_01094_c1_1303398561913171us_rect.jpg 0.335154 0.289836 -0.647407 0.620106 196.839 -3.30169 35.758
database/img_01095_c1_1303398561979920us_rect.jpg 0.335002 0.29008 -0.64744 0.620039 197.233 -3.23647 35.3272
database/img_01096_c1_1303398562113175us_rect.jpg 0.335344 0.289674 -0.647649 0.619826 198 -3.49844 34.5375
database/img_01097_c1_1303398562179922us_rect.jpg 0.335846 0.288806 -0.648136 0.61945 198.358 -3.97085 34.2413
database/img_01098_c1_1303398562246547us_rect.jpg 0.336238 0.287996 -0.649 0.61871 198.71 -4.5278 33.9631
database/img_01099_c1_1303398562379925us_rect.jpg 0.338153 0.286175 -0.650877 0.616535 199.443 -6.09841 33.0973
database/img_01100_c1_1303398562446548us_rect.jpg 0.338763 0.285358 -0.652449 0.614915 199.788 -6.97404 32.7414
database/img_01101_c1_1303398562513173us_rect.jpg 0.339437 0.284771 -0.65359 0.613603 200.151 -7.68739 32.2918
database/img_01102_c1_1303398562646551us_rect.jpg 0.338325 0.286614 -0.653775 0.613161 200.978 -7.11025 31.2803
database/img_01103_c1_1303398562713175us_rect.jpg 0.336891 0.289003 -0.652179 0.614527 201.453 -5.71982 30.6183
database/img_01104_c1_1303398562779924us_rect.jpg 0.335663 0.290615 -0.650116 0.616622 201.893 -4.36267 30.1267
database/img_01105_c1_1303398562913178us_rect.jpg 0.334482 0.291583 -0.645166 0.621982 202.703 -2.16678 29.4067
database/img_01106_c1_1303398562979926us_rect.jpg 0.334191 0.291457 -0.642542 0.624907 203.088 -1.22359 29.1252
database/img_01107_c1_1303398563046551us_rect.jpg 0.333929 0.291487 -0.640454 0.627173 203.476 -0.447872 28.782
database/img_01108_c1_1303398563179955us_rect.jpg 0.33284 0.292234 -0.641014 0.626832 204.232 -0.167443 28.1131
database/img_01109_c1_1303398563246576us_rect.jpg 0.332775 0.292882 -0.643045 0.624479 204.633 -0.720422 27.5544
database/img_01110_c1_1303398563313178us_rect.jpg 0.332584 0.293371 -0.645316 0.622004 205.02 -1.33893 27.0806
database/img_01111_c1_1303398563379928us_rect.jpg 0.331911 0.294297 -0.648043 0.619083 205.403 -1.87496 26.6229
database/img_01112_c1_1303398563513183us_rect.jpg 0.330049 0.295446 -0.652119 0.615239 206.13 -2.45023 26.0828
database/img_01113_c1_1303398563579930us_rect.jpg 0.329859 0.294361 -0.653647 0.61424 206.454 -3.09697 26.085
database/img_01114_c1_1303398563646555us_rect.jpg 0.330809 0.292055 -0.654565 0.613852 206.767 -4.12912 26.0945
database/img_01115_c1_1303398563779944us_rect.jpg 0.336185 0.287177 -0.65223 0.615715 207.514 -6.02029 25.0471
database/img_01116_c1_1303398563846556us_rect.jpg 0.338561 0.285277 -0.650297 0.617339 207.902 -6.52623 24.4629
database/img_01117_c1_1303398563913191us_rect.jpg 0.33903 0.28394 -0.649667 0.61836 208.248 -6.72281 24.3385
database/img_01118_c1_1303398564046584us_rect.jpg 0.334531 0.285649 -0.649239 0.62047 208.966 -4.77015 24.514
database/img_01119_c1_1303398564113184us_rect.jpg 0.331364 0.288077 -0.648605 0.621708 209.355 -3.06107 24.4053
database/img_01120_c1_1303398564179932us_rect.jpg 0.328765 0.290238 -0.647834 0.622885 209.741 -1.54801 24.1901
database/img_01121_c1_1303398564246559us_rect.jpg 0.327538 0.291199 -0.647744 0.623177 210.116 -0.937925 23.9007
database/img_01122_c1_1303398564379946us_rect.jpg 0.328438 0.288952 -0.650711 0.620653 210.807 -2.63774 23.5456
database/img_01123_c1_1303398564446559us_rect.jpg 0.329716 0.28769 -0.651864 0.619351 211.166 -3.69025 23.1264
database/img_01124_c1_1303398564513194us_rect.jpg 0.330559 0.286622 -0.652877 0.618328 211.516 -4.51512 22.7936
database/img_01125_c1_1303398564646564us_rect.jpg 0.330967 0.285563 -0.653916 0.617502 212.222 -5.20986 22.2169
database/img_01126_c1_1303398564713187us_rect.jpg 0.330222 0.286179 -0.654008 0.617519 212.595 -4.87554 21.8872
database/img_01127_c1_1303398564779944us_rect.jpg 0.329225 0.287347 -0.653132 0.618434 212.989 -4.0364 21.4672
database/img_01128_c1_1303398564846560us_rect.jpg 0.328644 0.287841 -0.652671 0.619 213.363 -3.59813 21.1254
database/img_01129_c1_1303398564979963us_rect.jpg 0.329304 0.287708 -0.652649 0.618735 214.111 -3.85647 20.1731
database/img_01130_c1_1303398565046561us_rect.jpg 0.32987 0.287072 -0.653373 0.617964 214.463 -4.41477 19.8047
database/img_01131_c1_1303398565179967us_rect.jpg 0.331492 0.286162 -0.653937 0.616921 215.19 -5.3512 18.7789
database/img_01132_c1_1303398565246563us_rect.jpg 0.331713 0.286216 -0.654481 0.6162 215.553 -5.6017 18.303
database/img_01133_c1_1303398565313190us_rect.jpg 0.331481 0.286875 -0.654606 0.615885 215.93 -5.4426 17.7899
database/img_01134_c1_1303398565446568us_rect.jpg 0.332244 0.288046 -0.652241 0.617434 216.716 -4.73261 16.3944
database/img_01135_c1_1303398565513192us_rect.jpg 0.332302 0.289182 -0.650287 0.618932 217.122 -3.91321 15.6262
database/img_01136_c1_1303398565579943us_rect.jpg 0.331563 0.290125 -0.649583 0.619626 217.494 -3.25213 15.2048
database/img_01137_c1_1303398565713227us_rect.jpg 0.331159 0.291663 -0.649045 0.619683 218.239 -2.65112 14.1013
database/img_01138_c1_1303398565779956us_rect.jpg 0.332239 0.291827 -0.648661 0.619429 218.613 -2.88519 13.2986
database/img_01139_c1_1303398565846566us_rect.jpg 0.333868 0.291619 -0.648865 0.618437 218.98 -3.56974 12.4268
database/img_01140_c1_1303398565913201us_rect.jpg 0.335117 0.291042 -0.649821 0.617029 219.323 -4.43274 11.8145
database/img_01141_c1_1303398566046570us_rect.jpg 0.337164 0.289384 -0.652139 0.614242 219.975 -6.232 10.917
database/img_01142_c1_1303398566113197us_rect.jpg 0.336889 0.28937 -0.652511 0.614004 220.315 -6.2619 10.661
database/img_01143_c1_1303398566179951us_rect.jpg 0.336038 0.290451 -0.651988 0.614514 220.683 -5.581 10.2453
database/img_01144_c1_1303398566313198us_rect.jpg 0.334052 0.293481 -0.649515 0.616773 221.433 -3.49191 9.21768
database/img_01145_c1_1303398566379947us_rect.jpg 0.333469 0.293829 -0.648589 0.617896 221.781 -2.92959 8.95667
database/img_01146_c1_1303398566446570us_rect.jpg 0.333342 0.293153 -0.648085 0.618814 222.113 -2.87331 8.8874
database/img_01147_c1_1303398566579953us_rect.jpg 0.333784 0.291255 -0.647338 0.620253 222.769 -3.21157 8.6783
database/img_01148_c1_1303398566646594us_rect.jpg 0.333634 0.290875 -0.647404 0.620442 223.099 -3.26631 8.51365
database/img_01149_c1_1303398566713202us_rect.jpg 0.333389 0.290746 -0.647858 0.62016 223.427 -3.35327 8.29776
database/img_01150_c1_1303398566779950us_rect.jpg 0.33288 0.29119 -0.648438 0.619619 223.761 -3.26155 7.98283
database/img_01151_c1_1303398566913232us_rect.jpg 0.330981 0.292578 -0.650226 0.618107 224.423 -2.84564 7.50755
database/img_01152_c1_1303398566979950us_rect.jpg 0.329847 0.293414 -0.650969 0.617534 224.753 -2.49324 7.29095
database/img_01153_c1_1303398567046572us_rect.jpg 0.329189 0.293379 -0.651288 0.617566 225.074 -2.36652 7.20459
database/img_01154_c1_1303398567179955us_rect.jpg 0.329501 0.29275 -0.650149 0.618896 225.721 -2.27674 6.63237
database/img_01155_c1_1303398567246597us_rect.jpg 0.329534 0.292638 -0.649784 0.619315 226.042 -2.20761 6.32537
database/img_01156_c1_1303398567313201us_rect.jpg 0.329645 0.292856 -0.649812 0.619124 226.363 -2.21443 5.87677
database/img_01157_c1_1303398567379949us_rect.jpg 0.329766 0.293252 -0.649944 0.618733 226.682 -2.21797 5.3648
database/img_01158_c1_1303398567513200us_rect.jpg 0.329797 0.293042 -0.650616 0.61811 227.305 -2.48898 4.77267
database/img_01159_c1_1303398567579950us_rect.jpg 0.329982 0.293108 -0.650576 0.618022 227.617 -2.53308 4.35886
database/img_01160_c1_1303398567646575us_rect.jpg 0.329984 0.293031 -0.650465 0.618173 227.924 -2.52119 4.06623
database/img_01161_c1_1303398567780092us_rect.jpg 0.330185 0.293095 -0.649961 0.618566 228.54 -2.43403 3.3369
database/img_01162_c1_1303398567846601us_rect.jpg 0.329942 0.293645 -0.6497 0.618709 228.847 -2.14729 2.92185
database/img_01163_c1_1303398567913203us_rect.jpg 0.329488 0.294209 -0.649872 0.618503 229.149 -1.90903 2.58307
database/img_01164_c1_1303398568046582us_rect.jpg 0.328667 0.295827 -0.6501 0.617928 229.747 -1.31746 1.71067
database/img_01165_c1_1303398568113203us_rect.jpg 0.328359 0.296088 -0.650193 0.617869 230.04 -1.1749 1.4327
database/img_01166_c1_1303398568246582us_rect.jpg 0.327615 0.29677 -0.650522 0.61759 230.616 -0.851466 0.87498
database/img_01167_c1_1303398568313205us_rect.jpg 0.327213 0.296772 -0.650957 0.617344 230.896 -0.835704 0.735193
database/img_01168_c1_1303398568446635us_rect.jpg 0.327383 0.297008 -0.650464 0.61766 231.45 -0.700645 0.0108571
database/img_01169_c1_1303398568513206us_rect.jpg 0.327594 0.29713 -0.650449 0.617504 231.72 -0.748513 -0.394901
database/img_01170_c1_1303398568579957us_rect.jpg 0.32787 0.297082 -0.650712 0.617105 231.987 -0.941214 -0.759089
database/img_01171_c1_1303398568713211us_rect.jpg 0.327571 0.297875 -0.650696 0.616898 232.513 -0.647042 -1.47593
database/img_01173_c1_1303398568846583us_rect.jpg 0.328068 0.296838 -0.65029 0.617561 233.024 -0.95173 -1.82243
database/img_01174_c1_1303398568979963us_rect.jpg 0.329053 0.295447 -0.649118 0.618936 233.524 -1.30093 -2.21723
database/img_01175_c1_1303398569046584us_rect.jpg 0.329366 0.295243 -0.648632 0.619376 233.768 -1.32511 -2.51761
database/img_01176_c1_1303398569113209us_rect.jpg 0.329431 0.295689 -0.648086 0.6197 234.009 -1.08744 -2.95572
database/img_01177_c1_1303398569246591us_rect.jpg 0.329061 0.297229 -0.648644 0.618574 234.476 -0.750049 -3.85985
database/img_01178_c1_1303398569313247us_rect.jpg 0.328645 0.297318 -0.649323 0.61804 234.71 -0.771397 -3.97109
database/img_01179_c1_1303398569379961us_rect.jpg 0.328271 0.297579 -0.649319 0.618117 234.94 -0.569517 -4.15941
database/img_01181_c1_1303398569580053us_rect.jpg 0.327994 0.298502 -0.646907 0.620345 235.606 0.452102 -5.09318
database/img_01182_c1_1303398569646587us_rect.jpg 0.328205 0.298206 -0.64629 0.621018 235.823 0.479354 -5.29331
database/img_01184_c1_1303398569846596us_rect.jpg 0.32876 0.298376 -0.645757 0.621198 236.445 0.460224 -6.22209
database/img_01186_c1_1303398569979964us_rect.jpg 0.328713 0.298417 -0.646566 0.62036 236.848 0.254368 -6.63279
database/img_01187_c1_1303398570113227us_rect.jpg 0.328848 0.298957 -0.646275 0.620332 237.233 0.41607 -7.2887
database/img_01188_c1_1303398570179965us_rect.jpg 0.328799 0.298923 -0.646442 0.620201 237.425 0.378114 -7.45379
database/img_01189_c1_1303398570246590us_rect.jpg 0.328743 0.298601 -0.646638 0.620182 237.619 0.264136 -7.50815
database/img_01190_c1_1303398570379970us_rect.jpg 0.329073 0.298911 -0.645855 0.620672 237.978 0.434873 -8.134
database/img_01192_c1_1303398570513217us_rect.jpg 0.328962 0.298849 -0.645898 0.620716 238.336 0.447113 -8.43672
database/img_01193_c1_1303398570646594us_rect.jpg 0.329245 0.298742 -0.645858 0.62066 238.678 0.322221 -8.86385
database/img_01194_c1_1303398570846629us_rect.jpg 0.329246 0.299276 -0.646162 0.620085 239.165 0.362462 -9.57129
database/img_01195_c1_1303398571046598us_rect.jpg 0.329535 0.299403 -0.645965 0.620075 239.625 0.337084 -10.2158
database/img_01196_c1_1303398571113220us_rect.jpg 0.329652 0.299784 -0.645449 0.620366 239.768 0.531228 -10.5611
database/img_01198_c1_1303398571313231us_rect.jpg 0.330057 0.299349 -0.645868 0.619925 240.206 0.147108 -11.0074
database/img_01199_c1_1303398571379971us_rect.jpg 0.330357 0.299011 -0.645785 0.620015 240.348 -0.0297818 -11.1463
database/img_01201_c1_1303398571579998us_rect.jpg 0.330954 0.299708 -0.644738 0.62045 240.741 0.205705 -12.0732
database/img_01202_c1_1303398571780011us_rect.jpg 0.331065 0.299156 -0.644904 0.620484 241.148 -0.0256093 -12.3219
database/img_01204_c1_1303398572046602us_rect.jpg 0.331381 0.300229 -0.643686 0.621061 241.625 0.455293 -13.3749
database/img_01205_c1_1303398572113225us_rect.jpg 0.331291 0.300102 -0.643756 0.621098 241.751 0.436775 -13.4169
database/img_01207_c1_1303398572313252us_rect.jpg 0.331506 0.299836 -0.643377 0.621505 242.105 0.386896 -13.7696
database/img_01209_c1_1303398572446606us_rect.jpg 0.331797 0.300385 -0.643068 0.621405 242.312 0.496415 -14.3248
database/img_01210_c1_1303398572646644us_rect.jpg 0.331854 0.300675 -0.642887 0.621421 242.628 0.594255 -14.7915
database/img_01211_c1_1303398573046646us_rect.jpg 0.33244 0.30113 -0.642731 0.621049 243.205 0.517561 -15.8154
database/img_01214_c1_1303398573313250us_rect.jpg 0.332193 0.302213 -0.641645 0.621777 243.551 1.18504 -16.5152
database/img_01217_c1_1303398573579988us_rect.jpg 0.332709 0.302035 -0.641672 0.621559 243.883 0.925666 -17.0058
database/img_01219_c1_1303398573713233us_rect.jpg 0.333058 0.302435 -0.641572 0.621282 244.025 0.916904 -17.4629
database/img_01222_c1_1303398573979985us_rect.jpg 0.331767 0.303791 -0.640436 0.622482 244.321 2.07637 -17.7869
database/img_01225_c1_1303398574246612us_rect.jpg 0.332211 0.30321 -0.640411 0.622554 244.596 1.75617 -18.0218
database/img_01229_c1_1303398574579988us_rect.jpg 0.3323 0.303181 -0.64047 0.622459 244.899 1.69393 -18.3569
database/img_01233_c1_1303398574979992us_rect.jpg 0.332094 0.303406 -0.640132 0.622808 245.209 1.92165 -18.6845
database/img_01239_c1_1303398575446618us_rect.jpg 0.332074 0.303631 -0.640083 0.622759 245.495 1.99785 -19.0639
database/img_01247_c1_1303398576246632us_rect.jpg 0.332657 0.302386 -0.640642 0.622479 245.874 1.29046 -19.1791
database/img_01260_c1_1303398577580004us_rect.jpg 0.332476 0.303061 -0.640603 0.622287 246.09 1.54484 -19.6053
database/img_01347_c1_1303398585246674us_rect.jpg 0.335024 0.299892 -0.639721 0.623362 246.419 -0.0628971 -19.7453
database/img_01359_c1_1303398586246699us_rect.jpg 0.334495 0.300211 -0.639598 0.623619 246.699 0.255678 -19.9418
database/img_01375_c1_1303398587580057us_rect.jpg 0.333168 0.302139 -0.640814 0.622148 246.97 0.958972 -20.4347
database/img_01592_c1_1303398607046786us_rect.jpg 0.337926 0.297463 -0.638651 0.624056 247.237 -1.59795 -20.8624
database/img_01597_c1_1303398607513419us_rect.jpg 0.338738 0.297209 -0.639668 0.622694 247.498 -2.26811 -21.3776
database/img_01601_c1_1303398607846791us_rect.jpg 0.338748 0.29853 -0.637606 0.62417 247.743 -1.38852 -22.2
database/img_01604_c1_1303398608113441us_rect.jpg 0.339088 0.299508 -0.637807 0.623311 247.96 -1.327 -22.9841
database/img_01607_c1_1303398608380197us_rect.jpg 0.339432 0.299001 -0.639341 0.621794 248.254 -2.01394 -23.2177
database/img_01609_c1_1303398608580170us_rect.jpg 0.339037 0.299356 -0.638788 0.622407 248.498 -1.62265 -23.4494
database/img_01612_c1_1303398608846796us_rect.jpg 0.337202 0.300233 -0.636698 0.625117 248.883 -0.119805 -23.4335
database/img_01614_c1_1303398609047364us_rect.jpg 0.336954 0.299539 -0.638927 0.623306 249.185 -0.799061 -23.3234
database/img_01617_c1_1303398609246797us_rect.jpg 0.33553 0.298283 -0.641646 0.621882 249.562 -1.29044 -22.5347
database/img_01619_c1_1303398609446798us_rect.jpg 0.334828 0.297728 -0.640217 0.623996 249.903 -0.790418 -22.3584
database/img_01622_c1_1303398609713453us_rect.jpg 0.332886 0.29576 -0.641788 0.624357 250.445 -0.97386 -21.2229
database/img_01623_c1_1303398609780176us_rect.jpg 0.332556 0.295437 -0.641168 0.625321 250.569 -0.767784 -21.0801
database/img_01626_c1_1303398610046804us_rect.jpg 0.327178 0.291397 -0.641448 0.629752 251.279 0.215282 -17.7977
database/img_01628_c1_1303398610180178us_rect.jpg 0.322727 0.286943 -0.643294 0.632205 251.717 0.29638 -14.5
database/img_01629_c1_1303398610313436us_rect.jpg 0.316577 0.280633 -0.646484 0.634888 252.17 0.178715 -9.79945
